timestamp,users_holding
"2018-05-02 04:52:24",41
"2018-05-02 06:37:36",41
"2018-05-03 00:33:42",39
"2018-05-03 06:32:22",39
"2018-05-03 06:47:19",39
"2018-05-03 07:05:31",39
"2018-05-03 07:32:46",39
"2018-05-03 07:41:57",39
"2018-05-03 11:18:23",39
"2018-05-03 12:41:46",39
"2018-05-03 13:41:47",39
"2018-05-03 14:41:47",39
"2018-05-03 15:41:47",39
"2018-05-03 16:41:48",39
"2018-05-03 17:41:47",40
"2018-05-03 18:41:47",40
"2018-05-03 19:41:47",40
"2018-05-03 20:41:47",40
"2018-05-03 21:41:47",40
"2018-05-03 22:41:47",40
"2018-05-03 23:41:46",40
"2018-05-04 00:41:46",40
"2018-05-04 01:41:47",40
"2018-05-04 02:41:47",40
"2018-05-04 03:41:46",40
"2018-05-04 04:41:47",40
"2018-05-04 05:41:46",40
"2018-05-04 06:41:47",40
"2018-05-04 07:41:47",40
"2018-05-04 08:41:48",40
"2018-05-04 09:41:47",40
"2018-05-04 10:41:47",40
"2018-05-04 11:41:47",40
"2018-05-04 12:41:46",40
"2018-05-04 20:46:31",39
"2018-05-04 20:52:31",39
"2018-05-04 20:58:30",39
"2018-05-04 21:04:30",39
"2018-05-04 21:10:30",39
"2018-05-04 21:16:29",39
"2018-05-04 21:22:28",39
"2018-05-04 21:28:28",39
"2018-05-04 21:41:46",39
"2018-05-04 22:41:47",39
"2018-05-04 23:41:47",39
"2018-05-05 00:41:46",39
"2018-05-05 01:41:47",39
"2018-05-05 02:41:47",39
"2018-05-05 03:41:47",39
"2018-05-05 04:41:46",39
"2018-05-05 05:41:46",39
"2018-05-05 06:41:47",39
"2018-05-05 07:41:48",39
"2018-05-05 08:41:47",39
"2018-05-05 09:41:46",39
"2018-05-05 10:41:47",39
"2018-05-05 11:41:47",39
"2018-05-05 12:41:47",39
"2018-05-05 13:41:48",39
"2018-05-05 14:41:47",39
"2018-05-05 15:41:48",39
"2018-05-05 16:41:47",39
"2018-05-05 17:41:47",39
"2018-05-05 18:41:47",39
"2018-05-05 19:41:46",39
"2018-05-05 20:41:47",39
"2018-05-05 21:41:46",39
"2018-05-05 22:41:47",39
"2018-05-05 23:41:46",39
"2018-05-06 00:41:46",39
"2018-05-06 01:41:46",39
"2018-05-06 02:41:47",39
"2018-05-06 03:41:47",39
"2018-05-06 04:41:47",39
"2018-05-06 05:41:47",39
"2018-05-06 06:41:46",39
"2018-05-06 07:41:51",39
"2018-05-06 08:41:46",39
"2018-05-06 09:41:47",39
"2018-05-06 10:41:46",39
"2018-05-06 11:41:47",39
"2018-05-06 12:41:46",39
"2018-05-06 13:41:47",39
"2018-05-06 14:41:47",39
"2018-05-06 15:41:47",39
"2018-05-06 16:41:47",39
"2018-05-06 17:41:46",39
"2018-05-06 18:41:48",39
"2018-05-06 19:41:47",39
"2018-05-06 20:41:48",39
"2018-05-06 21:41:47",39
"2018-05-06 22:41:46",39
"2018-05-06 23:41:47",39
"2018-05-07 00:41:46",39
"2018-05-07 01:41:47",39
"2018-05-07 01:55:23",39
"2018-05-07 02:41:47",39
"2018-05-07 03:41:47",39
"2018-05-07 04:41:47",39
"2018-05-07 05:41:47",39
"2018-05-07 06:41:46",39
"2018-05-07 07:41:46",39
"2018-05-07 08:41:49",39
"2018-05-07 09:41:46",39
"2018-05-07 10:41:47",39
"2018-05-07 11:41:47",39
"2018-05-07 12:41:46",39
"2018-05-07 13:41:54",39
"2018-05-07 14:41:46",39
"2018-05-07 15:41:47",39
"2018-05-07 16:41:49",39
"2018-05-07 22:41:46",39
"2018-05-07 23:41:46",39
"2018-05-08 00:41:47",39
"2018-05-08 01:41:48",39
"2018-05-08 02:41:46",39
"2018-05-08 03:41:46",39
"2018-05-08 04:41:47",39
"2018-05-08 05:41:46",39
"2018-05-08 06:41:46",39
"2018-05-08 07:41:47",39
"2018-05-08 08:41:46",39
"2018-05-08 09:41:45",39
"2018-05-08 10:41:46",39
"2018-05-08 11:41:45",39
"2018-05-08 12:41:45",39
"2018-05-08 13:41:46",39
"2018-05-08 14:41:48",39
"2018-05-08 15:41:47",39
"2018-05-08 16:41:47",39
"2018-05-08 17:41:47",39
"2018-05-08 18:41:48",39
"2018-05-08 19:41:47",39
"2018-05-08 20:41:47",39
"2018-05-08 21:41:47",39
"2018-05-08 22:41:48",39
"2018-05-08 23:41:52",39
"2018-05-09 00:41:48",39
"2018-05-09 01:41:47",39
"2018-05-09 02:41:47",39
"2018-05-09 03:41:47",39
"2018-05-09 04:41:48",39
"2018-05-09 05:41:48",39
"2018-05-09 06:41:47",39
"2018-05-09 07:41:47",39
"2018-05-09 08:41:48",39
"2018-05-09 09:41:46",39
"2018-05-09 10:41:47",39
"2018-05-09 11:41:47",39
"2018-05-09 12:41:47",39
"2018-05-09 13:41:48",39
"2018-05-09 14:41:47",40
"2018-05-09 15:41:46",40
"2018-05-09 16:41:47",39
"2018-05-09 17:41:48",39
"2018-05-09 18:41:47",39
"2018-05-09 19:41:47",39
"2018-05-09 20:41:46",39
"2018-05-09 21:41:48",39
"2018-05-09 22:41:46",39
"2018-05-09 23:41:47",39
"2018-05-10 00:41:48",39
"2018-05-10 01:41:48",39
"2018-05-10 02:41:48",39
"2018-05-10 03:41:49",39
"2018-05-10 04:41:49",39
"2018-05-10 05:41:48",39
"2018-05-10 06:41:48",39
"2018-05-10 07:41:49",39
"2018-05-10 08:41:49",39
"2018-05-10 09:41:48",39
"2018-05-10 10:41:48",39
"2018-05-10 11:41:48",39
"2018-05-10 12:41:48",39
"2018-05-10 13:41:57",39
"2018-05-10 14:41:49",39
"2018-05-10 15:41:49",41
"2018-05-10 16:41:48",41
"2018-05-10 17:41:48",41
"2018-05-10 18:41:48",41
"2018-05-10 19:41:49",41
"2018-05-10 20:41:48",41
"2018-05-10 21:41:48",41
"2018-05-10 22:41:48",41
"2018-05-10 23:41:48",41
"2018-05-11 00:41:49",41
"2018-05-11 01:41:49",41
"2018-05-11 02:41:48",41
"2018-05-11 03:41:48",41
"2018-05-11 04:41:48",41
"2018-05-11 05:41:50",41
"2018-05-11 06:41:48",41
"2018-05-11 07:41:48",41
"2018-05-11 08:41:48",41
"2018-05-11 09:41:48",41
"2018-05-11 10:41:48",41
"2018-05-11 11:41:49",41
"2018-05-11 12:41:48",41
"2018-05-11 13:41:50",41
"2018-05-11 14:41:48",41
"2018-05-11 15:41:49",41
"2018-05-11 16:41:48",41
"2018-05-11 17:41:49",41
"2018-05-11 18:41:48",41
"2018-05-11 19:41:49",41
"2018-05-11 20:41:48",41
"2018-05-11 21:41:48",41
"2018-05-11 22:41:48",41
"2018-05-11 23:41:48",41
"2018-05-12 00:41:49",41
"2018-05-12 01:41:48",41
"2018-05-12 02:41:48",41
"2018-05-12 03:41:49",41
"2018-05-12 04:41:48",41
"2018-05-12 05:41:48",41
"2018-05-12 06:41:49",41
"2018-05-12 07:41:48",41
"2018-05-12 08:41:48",41
"2018-05-12 09:41:48",41
"2018-05-12 10:41:48",41
"2018-05-12 11:41:48",41
"2018-05-12 12:41:48",41
"2018-05-12 13:41:49",41
"2018-05-12 14:41:48",41
"2018-05-12 15:41:49",41
"2018-05-12 16:41:48",41
"2018-05-12 17:41:48",41
"2018-05-12 18:41:48",41
"2018-05-12 19:41:49",41
"2018-05-12 20:41:49",41
"2018-05-12 21:41:48",41
"2018-05-12 22:41:48",41
"2018-05-12 23:41:48",41
"2018-05-13 00:41:49",41
"2018-05-13 01:41:48",41
"2018-05-13 02:41:48",41
"2018-05-13 03:41:48",41
"2018-05-13 04:41:49",41
"2018-05-13 05:41:48",41
"2018-05-13 06:41:49",41
"2018-05-13 07:41:48",41
"2018-05-13 08:41:48",41
"2018-05-13 09:41:49",41
"2018-05-13 10:41:47",41
"2018-05-13 11:41:47",41
"2018-05-13 12:41:49",41
"2018-05-13 13:41:48",41
"2018-05-13 14:41:48",41
"2018-05-13 15:41:48",41
"2018-05-13 16:41:49",41
"2018-05-13 17:41:48",41
"2018-05-13 18:41:49",41
"2018-05-13 19:41:48",41
"2018-05-13 20:41:49",41
"2018-05-13 21:41:48",41
"2018-05-13 22:41:49",41
"2018-05-13 23:41:49",41
"2018-05-14 00:41:49",41
"2018-05-14 01:41:48",41
"2018-05-14 02:41:48",41
"2018-05-14 03:41:49",41
"2018-05-14 04:41:49",41
"2018-05-14 05:41:48",41
"2018-05-14 06:41:48",41
"2018-05-14 07:41:48",41
"2018-05-14 08:41:47",41
"2018-05-14 09:41:48",41
"2018-05-14 10:41:48",41
"2018-05-14 11:41:48",41
"2018-05-14 12:41:47",41
"2018-05-14 13:41:50",41
"2018-05-14 14:41:49",41
"2018-05-14 15:41:49",41
"2018-05-14 16:41:48",41
"2018-05-14 17:41:48",41
"2018-05-14 18:41:49",41
"2018-05-14 19:41:48",41
"2018-05-14 20:41:48",41
"2018-05-14 21:41:48",41
"2018-05-14 22:41:49",41
"2018-05-14 23:41:49",41
"2018-05-15 00:41:48",41
"2018-05-15 01:41:48",41
"2018-05-15 02:41:49",41
"2018-05-15 03:41:48",41
"2018-05-15 04:41:49",41
"2018-05-15 05:41:48",41
"2018-05-15 06:41:47",41
"2018-05-15 07:41:48",41
"2018-05-15 08:41:48",41
"2018-05-15 09:41:48",41
"2018-05-15 10:41:49",41
"2018-05-15 11:41:48",41
"2018-05-15 12:41:48",41
"2018-05-15 13:41:48",41
"2018-05-15 14:41:49",41
"2018-05-15 15:41:48",41
"2018-05-15 16:41:48",41
"2018-05-15 17:41:47",41
"2018-05-15 18:41:48",41
"2018-05-15 19:41:48",41
"2018-05-15 20:41:47",40
"2018-05-15 21:41:46",40
"2018-05-15 22:41:47",40
"2018-05-15 23:41:48",40
"2018-05-16 00:41:47",40
"2018-05-16 01:41:47",40
"2018-05-16 02:41:47",40
"2018-05-16 03:41:48",40
"2018-05-16 04:41:48",40
"2018-05-16 05:41:47",40
"2018-05-16 06:41:48",40
"2018-05-16 07:41:48",40
"2018-05-16 08:41:48",40
"2018-05-16 09:41:47",40
"2018-05-16 10:41:47",40
"2018-05-16 11:41:48",40
"2018-05-16 12:41:49",40
"2018-05-16 13:41:49",40
"2018-05-16 14:41:48",40
"2018-05-16 15:41:49",41
"2018-05-16 16:41:48",41
"2018-05-16 17:41:49",41
"2018-05-16 18:41:48",41
"2018-05-16 19:41:48",41
"2018-05-16 20:41:48",41
"2018-05-16 21:41:47",41
"2018-05-16 22:41:48",41
"2018-05-16 23:41:48",41
"2018-05-17 00:41:49",41
"2018-05-17 01:41:48",41
"2018-05-17 02:41:48",41
"2018-05-17 03:41:48",41
"2018-05-17 04:41:48",41
"2018-05-17 05:41:48",41
"2018-05-17 06:41:49",41
"2018-05-17 07:41:49",41
"2018-05-17 08:41:49",41
"2018-05-17 09:41:48",41
"2018-05-17 10:41:48",41
"2018-05-17 11:41:49",41
"2018-05-17 12:41:48",41
"2018-05-17 13:41:49",41
"2018-05-17 14:41:48",42
"2018-05-17 15:41:48",42
"2018-05-18 07:41:49",40
"2018-05-18 08:41:49",40
"2018-05-18 09:41:47",40
"2018-05-18 10:41:47",40
"2018-05-18 11:41:48",40
"2018-05-18 12:41:48",40
"2018-05-18 13:41:49",40
"2018-05-18 14:41:48",39
"2018-05-18 15:41:48",39
"2018-05-18 16:41:48",39
"2018-05-18 17:41:48",39
"2018-05-18 18:41:47",39
"2018-05-18 19:41:49",39
"2018-05-18 20:41:49",39
"2018-05-18 21:41:47",39
"2018-05-18 22:41:48",39
"2018-05-18 23:41:48",39
"2018-05-19 00:41:47",39
"2018-05-19 01:41:49",39
"2018-05-19 02:41:48",39
"2018-05-19 03:41:49",39
"2018-05-19 04:41:48",39
"2018-05-19 05:41:49",39
"2018-05-19 06:41:50",39
"2018-05-19 07:41:47",39
"2018-05-19 08:41:48",39
"2018-05-19 09:41:48",39
"2018-05-19 10:41:47",39
"2018-05-19 11:41:48",39
"2018-05-19 12:41:48",39
"2018-05-19 13:41:49",39
"2018-05-19 14:41:49",39
"2018-05-19 15:41:49",39
"2018-05-19 16:41:48",39
"2018-05-19 17:41:48",39
"2018-05-19 18:41:48",39
"2018-05-19 19:41:48",39
"2018-05-19 20:41:49",39
"2018-05-19 21:41:48",39
"2018-05-19 22:41:47",39
"2018-05-19 23:41:48",39
"2018-05-20 00:41:48",39
"2018-05-20 01:41:49",39
"2018-05-20 02:41:48",39
"2018-05-20 03:41:48",39
"2018-05-20 04:41:49",39
"2018-05-20 05:41:49",39
"2018-05-20 06:41:47",39
"2018-05-20 07:41:48",39
"2018-05-20 08:41:48",39
"2018-05-20 09:41:48",39
"2018-05-20 10:41:48",39
"2018-05-20 11:41:48",39
"2018-05-20 12:41:48",39
"2018-05-20 13:41:48",39
"2018-05-20 14:41:50",39
"2018-05-20 15:41:48",39
"2018-05-20 16:41:48",39
"2018-05-20 17:41:49",39
"2018-05-20 18:41:48",39
"2018-05-20 19:41:48",39
"2018-05-20 20:41:48",39
"2018-05-20 21:41:47",39
"2018-05-20 22:41:48",39
"2018-05-20 23:41:48",39
"2018-05-21 00:41:49",39
"2018-05-21 01:41:57",39
"2018-05-21 02:41:52",39
"2018-05-21 03:41:49",39
"2018-05-21 04:41:51",39
"2018-05-21 05:41:48",39
"2018-05-21 06:41:49",39
"2018-05-21 07:41:49",39
"2018-05-21 08:41:51",39
"2018-05-21 09:41:48",39
"2018-05-21 10:41:48",39
"2018-05-21 11:41:48",39
"2018-05-21 12:41:50",39
"2018-05-21 13:41:49",39
"2018-05-21 14:41:49",39
"2018-05-21 15:41:49",39
"2018-05-21 16:41:48",39
"2018-05-21 17:41:48",39
"2018-05-21 18:41:49",39
"2018-05-21 19:41:48",39
"2018-05-21 20:41:48",39
"2018-05-21 21:41:48",39
"2018-05-21 22:41:48",39
"2018-05-21 23:41:48",39
"2018-05-22 00:41:48",39
"2018-05-22 01:41:49",39
"2018-05-22 02:41:48",39
"2018-05-22 03:41:48",39
"2018-05-22 04:41:49",39
"2018-05-22 05:41:47",39
"2018-05-22 06:41:48",39
"2018-05-22 07:41:48",39
"2018-05-22 08:41:54",39
"2018-05-22 09:41:48",39
"2018-05-22 10:41:48",39
"2018-05-22 11:41:48",39
"2018-05-22 12:41:48",39
"2018-05-22 13:41:50",39
"2018-05-22 14:41:49",39
"2018-05-22 15:41:49",39
"2018-05-22 16:41:48",39
"2018-05-22 17:41:48",39
"2018-05-22 18:41:48",39
"2018-05-22 19:41:48",39
"2018-05-22 20:41:48",39
"2018-05-22 21:41:48",39
"2018-05-22 22:41:48",39
"2018-05-22 23:41:48",39
"2018-05-23 00:41:48",39
"2018-05-23 01:41:48",39
"2018-05-23 02:41:48",39
"2018-05-23 03:41:49",39
"2018-05-23 04:41:48",39
"2018-05-23 05:41:49",39
"2018-05-23 06:41:49",39
"2018-05-23 07:41:52",39
"2018-05-23 08:41:48",39
"2018-05-23 09:41:48",39
"2018-05-23 10:41:49",39
"2018-05-23 11:41:48",39
"2018-05-23 12:41:47",39
"2018-05-23 13:41:48",39
"2018-05-23 14:41:49",39
"2018-05-23 15:41:48",39
"2018-05-23 16:41:50",39
"2018-05-23 17:41:48",39
"2018-05-23 18:41:48",39
"2018-05-23 19:41:48",39
"2018-05-23 20:41:49",39
"2018-05-23 21:41:48",39
"2018-05-23 22:41:49",39
"2018-05-23 23:41:48",39
"2018-05-24 00:41:48",39
"2018-05-24 01:41:49",39
"2018-05-24 02:41:49",39
"2018-05-24 03:41:48",39
"2018-05-24 04:41:48",39
"2018-05-24 06:41:49",39
"2018-05-24 07:41:48",39
"2018-05-24 08:41:48",39
"2018-05-24 09:41:49",39
"2018-05-24 10:41:49",39
"2018-05-24 11:41:48",39
"2018-05-24 12:41:48",39
"2018-05-24 13:41:48",39
"2018-05-24 20:10:57",39
"2018-05-24 20:41:48",39
"2018-05-24 21:41:50",39
"2018-05-24 22:41:49",39
"2018-05-24 23:41:50",39
"2018-05-25 00:41:49",39
"2018-05-25 01:41:50",39
"2018-05-25 02:41:49",39
"2018-05-25 03:41:49",39
"2018-05-25 04:41:49",39
"2018-05-25 05:41:50",39
"2018-05-25 06:41:50",39
"2018-05-25 07:41:49",39
"2018-05-25 08:41:49",39
"2018-05-25 09:41:49",39
"2018-05-25 10:41:50",39
"2018-05-25 11:41:49",39
"2018-05-25 12:41:49",39
"2018-05-25 13:41:49",39
"2018-05-25 14:41:49",39
"2018-05-25 15:41:49",39
"2018-05-25 16:41:49",39
"2018-05-25 17:41:49",39
"2018-05-25 18:41:49",39
"2018-05-25 19:41:49",39
"2018-05-25 20:41:49",39
"2018-05-25 21:41:49",39
"2018-05-25 22:41:49",39
"2018-05-25 23:41:49",39
"2018-05-26 00:41:49",39
"2018-05-26 01:41:49",39
"2018-05-26 02:41:50",39
"2018-05-26 03:41:49",39
"2018-05-26 04:41:49",39
"2018-05-26 05:41:49",39
"2018-05-26 06:41:49",39
"2018-05-26 07:41:50",39
"2018-05-26 08:41:50",39
"2018-05-26 09:41:48",39
"2018-05-26 10:41:49",39
"2018-05-26 11:41:49",39
"2018-05-26 12:41:49",39
"2018-05-26 13:41:50",39
"2018-05-26 14:41:49",39
"2018-05-26 15:41:50",39
"2018-05-26 16:41:49",39
"2018-05-26 17:41:50",39
"2018-05-26 18:41:50",39
"2018-05-26 19:41:52",39
"2018-05-26 20:41:49",39
"2018-05-26 21:41:49",39
"2018-05-26 22:41:49",39
"2018-05-26 23:41:49",39
"2018-05-27 00:41:50",39
"2018-05-27 01:41:50",39
"2018-05-27 02:41:49",39
"2018-05-27 03:41:49",39
"2018-05-27 04:41:49",39
"2018-05-27 05:41:50",39
"2018-05-27 06:41:49",39
"2018-05-27 07:41:49",39
"2018-05-27 08:41:49",39
"2018-05-27 09:41:49",39
"2018-05-27 10:41:49",39
"2018-05-27 11:41:49",39
"2018-05-27 12:41:49",39
"2018-05-27 13:41:50",39
"2018-05-27 14:41:49",39
"2018-05-27 15:41:50",39
"2018-05-27 16:41:49",39
"2018-05-27 17:41:49",39
"2018-05-27 18:41:50",39
"2018-05-27 19:41:49",39
"2018-05-27 20:41:49",39
"2018-05-27 21:41:50",39
"2018-05-27 22:41:50",39
"2018-05-27 23:41:49",39
"2018-05-28 00:41:49",39
"2018-05-28 01:41:49",39
"2018-05-28 02:41:49",39
"2018-05-28 03:41:49",39
"2018-05-28 04:41:49",39
"2018-05-28 05:41:49",39
"2018-05-28 06:41:49",39
"2018-05-28 07:41:48",39
"2018-05-28 08:41:49",39
"2018-05-28 09:41:49",39
"2018-05-28 10:41:49",39
"2018-05-28 11:41:49",39
"2018-05-28 12:41:49",39
"2018-05-28 13:41:49",39
"2018-05-28 14:41:49",39
"2018-05-28 15:41:49",39
"2018-05-28 16:41:49",39
"2018-05-28 17:41:49",39
"2018-05-28 18:41:49",39
"2018-05-28 19:41:49",39
"2018-05-28 20:41:49",39
"2018-05-28 21:41:49",39
"2018-05-28 22:41:50",39
"2018-05-28 23:41:49",39
"2018-05-29 00:41:49",39
"2018-05-29 01:41:48",39
"2018-05-29 02:41:49",39
"2018-05-29 03:41:49",39
"2018-05-29 04:41:50",39
"2018-05-29 05:41:49",39
"2018-05-29 06:41:49",39
"2018-05-29 07:41:49",39
"2018-05-29 08:41:55",39
"2018-05-29 09:41:49",39
"2018-05-29 10:41:48",39
"2018-05-29 11:41:47",39
"2018-05-29 12:41:48",39
"2018-05-30 19:52:30",38
"2018-05-30 20:41:49",38
"2018-05-30 21:41:49",38
"2018-05-30 22:41:49",38
"2018-05-30 23:41:49",38
"2018-05-31 00:41:49",38
"2018-05-31 01:41:50",38
"2018-05-31 02:41:49",38
"2018-05-31 03:41:53",38
"2018-05-31 04:41:49",38
"2018-05-31 05:41:49",38
"2018-05-31 06:41:50",38
"2018-05-31 07:41:49",38
"2018-05-31 08:41:49",38
"2018-05-31 09:41:49",38
"2018-05-31 10:41:49",38
"2018-05-31 11:41:49",38
"2018-05-31 12:41:49",38
"2018-05-31 13:41:50",38
"2018-05-31 14:41:50",38
"2018-05-31 15:41:49",38
"2018-05-31 16:41:49",38
"2018-05-31 17:41:49",38
"2018-05-31 18:41:50",38
"2018-05-31 19:41:49",38
"2018-05-31 20:41:50",38
"2018-05-31 21:41:49",38
"2018-05-31 22:41:50",38
"2018-05-31 23:41:49",38
"2018-06-01 00:41:49",38
"2018-06-01 01:41:49",38
"2018-06-01 02:41:49",38
"2018-06-01 03:41:49",38
"2018-06-01 04:41:49",38
"2018-06-01 05:41:48",38
"2018-06-01 06:41:50",38
"2018-06-01 07:41:50",38
"2018-06-01 08:41:49",38
"2018-06-01 09:41:49",38
"2018-06-01 10:41:48",38
"2018-06-01 11:41:49",38
"2018-06-01 12:41:49",38
"2018-06-01 13:41:57",38
"2018-06-01 14:41:50",38
"2018-06-01 15:41:50",37
"2018-06-01 16:41:51",37
"2018-06-01 17:41:51",37
"2018-06-01 18:41:50",37
"2018-06-01 19:41:51",37
"2018-06-01 20:41:51",37
"2018-06-01 21:41:50",37
"2018-06-01 22:41:50",37
"2018-06-01 23:41:50",37
"2018-06-02 00:41:50",37
"2018-06-02 01:41:50",37
"2018-06-02 02:41:51",37
"2018-06-02 03:41:50",37
"2018-06-02 04:41:50",37
"2018-06-02 05:41:51",37
"2018-06-02 06:41:50",37
"2018-06-02 07:41:50",37
"2018-06-02 08:41:50",37
"2018-06-02 09:41:51",37
"2018-06-02 10:41:49",37
"2018-06-02 11:41:50",37
"2018-06-02 12:41:51",37
"2018-06-02 13:41:51",37
"2018-06-02 14:41:51",37
"2018-06-02 15:41:51",37
"2018-06-02 16:41:50",37
"2018-06-02 17:41:50",37
"2018-06-02 18:41:50",37
"2018-06-02 19:41:51",37
"2018-06-02 20:41:51",37
"2018-06-02 21:41:51",37
"2018-06-02 22:41:50",37
"2018-06-02 23:41:51",37
"2018-06-03 00:41:50",37
"2018-06-03 01:41:50",37
"2018-06-03 02:41:50",37
"2018-06-03 03:41:50",37
"2018-06-03 04:41:50",37
"2018-06-03 05:41:51",37
"2018-06-03 06:41:50",37
"2018-06-03 19:44:05",37
"2018-06-03 20:41:51",37
"2018-06-03 21:41:50",37
"2018-06-03 22:41:51",37
"2018-06-03 23:41:50",37
"2018-06-04 00:41:50",37
"2018-06-04 01:41:50",37
"2018-06-04 02:41:51",37
"2018-06-04 03:41:50",37
"2018-06-04 04:41:52",37
"2018-06-04 05:41:50",37
"2018-06-04 06:41:50",37
"2018-06-04 07:41:51",37
"2018-06-04 08:41:50",37
"2018-06-04 09:41:50",37
"2018-06-04 10:41:48",37
"2018-06-04 11:41:48",37
"2018-06-04 12:41:48",37
"2018-06-04 13:41:49",37
"2018-06-04 14:41:49",37
"2018-06-04 15:41:48",37
"2018-06-04 16:41:48",37
"2018-06-04 17:41:48",37
"2018-06-04 18:41:48",37
"2018-06-04 19:41:48",37
"2018-06-04 20:41:48",36
"2018-06-04 21:41:48",36
"2018-06-04 22:41:48",36
"2018-06-04 23:41:49",36
"2018-06-05 00:41:49",36
"2018-06-05 01:41:48",36
"2018-06-05 02:41:48",36
"2018-06-05 03:41:48",36
"2018-06-05 04:41:48",36
"2018-06-05 05:41:48",36
"2018-06-05 06:41:48",36
"2018-06-05 07:41:48",36
"2018-06-05 08:41:48",36
"2018-06-05 09:41:49",36
"2018-06-05 10:41:48",36
"2018-06-05 11:41:48",36
"2018-06-05 12:41:47",36
"2018-06-05 13:41:50",36
"2018-06-05 14:41:49",36
"2018-06-05 15:41:48",36
"2018-06-05 16:41:49",36
"2018-06-05 17:41:48",36
"2018-06-05 18:41:48",36
"2018-06-05 19:41:49",36
"2018-06-05 20:41:48",36
"2018-06-05 21:41:48",36
"2018-06-05 22:41:48",36
"2018-06-05 23:41:48",36
"2018-06-06 00:41:49",36
"2018-06-06 01:41:48",36
"2018-06-06 02:41:48",36
"2018-06-06 03:41:49",36
"2018-06-06 04:41:48",36
"2018-06-06 05:41:49",36
"2018-06-06 06:41:48",36
"2018-06-06 07:41:47",36
"2018-06-06 08:41:48",36
"2018-06-06 09:41:48",36
"2018-06-06 10:41:48",36
"2018-06-06 11:41:49",36
"2018-06-06 12:41:49",36
"2018-06-06 13:41:49",36
"2018-06-06 14:41:49",36
"2018-06-06 15:41:50",36
"2018-06-06 16:41:50",36
"2018-06-06 17:41:50",36
"2018-06-06 18:41:50",36
"2018-06-06 19:41:49",36
"2018-06-06 20:41:49",36
"2018-06-06 21:41:49",36
"2018-06-06 22:41:49",36
"2018-06-06 23:41:51",36
"2018-06-07 00:41:50",36
"2018-06-07 01:41:50",36
"2018-06-07 02:41:51",36
"2018-06-07 03:41:50",36
"2018-06-07 04:41:50",36
"2018-06-07 05:41:51",36
"2018-06-07 06:41:50",36
"2018-06-07 07:41:50",36
"2018-06-07 08:41:50",36
"2018-06-07 09:41:50",36
"2018-06-07 10:41:50",36
"2018-06-07 11:41:50",36
"2018-06-07 12:41:51",36
"2018-06-07 13:41:50",36
"2018-06-07 14:41:51",37
"2018-06-07 15:41:50",37
"2018-06-07 16:41:51",37
"2018-06-07 17:41:51",37
"2018-06-07 18:41:50",37
"2018-06-07 19:41:50",37
"2018-06-07 20:41:50",37
"2018-06-07 21:41:50",37
"2018-06-07 22:41:51",37
"2018-06-07 23:41:51",37
"2018-06-08 00:41:50",37
"2018-06-08 01:41:50",37
"2018-06-08 02:41:50",37
"2018-06-08 03:41:50",37
"2018-06-08 04:41:51",37
"2018-06-08 05:41:50",37
"2018-06-08 06:41:51",37
"2018-06-08 07:41:51",37
"2018-06-08 08:41:50",37
"2018-06-08 09:41:49",37
"2018-06-08 10:41:50",37
"2018-06-08 11:41:50",37
"2018-06-08 12:41:51",37
"2018-06-08 13:41:51",37
"2018-06-08 14:41:50",37
"2018-06-08 15:41:49",37
"2018-06-08 16:41:51",37
"2018-06-08 17:41:51",37
"2018-06-08 18:41:50",37
"2018-06-08 19:41:50",37
"2018-06-08 20:41:50",37
"2018-06-08 21:41:50",37
"2018-06-08 22:41:50",37
"2018-06-08 23:41:50",37
"2018-06-09 00:41:50",37
"2018-06-09 01:41:51",37
"2018-06-09 02:41:50",37
"2018-06-09 03:41:50",37
"2018-06-09 04:41:51",37
"2018-06-09 05:41:50",37
"2018-06-09 06:41:52",37
"2018-06-09 07:41:50",37
"2018-06-09 08:41:50",37
"2018-06-09 09:41:50",37
"2018-06-09 10:41:51",37
"2018-06-09 11:41:51",37
"2018-06-09 12:41:50",37
"2018-06-09 13:41:51",37
"2018-06-09 14:41:51",37
"2018-06-09 15:41:51",37
"2018-06-09 16:41:51",37
"2018-06-09 17:41:51",37
"2018-06-09 18:41:51",37
"2018-06-09 19:41:51",37
"2018-06-09 20:41:51",37
"2018-06-09 21:41:51",37
"2018-06-09 22:41:50",37
"2018-06-09 23:41:50",37
"2018-06-10 00:41:50",37
"2018-06-10 01:41:50",37
"2018-06-10 02:41:50",37
"2018-06-10 03:41:50",37
"2018-06-10 04:41:51",37
"2018-06-10 05:41:50",37
"2018-06-10 06:41:50",37
"2018-06-10 07:41:51",37
"2018-06-10 08:41:50",37
"2018-06-10 09:41:50",37
"2018-06-10 10:41:51",37
"2018-06-10 11:41:50",37
"2018-06-10 12:41:50",37
"2018-06-10 13:41:50",37
"2018-06-10 14:41:51",37
"2018-06-10 15:41:49",37
"2018-06-10 16:41:51",37
"2018-06-10 17:41:51",37
"2018-06-10 18:41:51",37
"2018-06-10 19:41:50",37
"2018-06-10 20:41:50",37
"2018-06-10 21:41:50",37
"2018-06-10 22:41:50",37
"2018-06-10 23:41:50",37
"2018-06-11 00:41:50",37
"2018-06-11 01:41:50",37
"2018-06-11 02:41:50",37
"2018-06-11 03:41:50",37
"2018-06-11 04:41:50",37
"2018-06-11 06:41:50",37
"2018-06-11 07:41:50",37
"2018-06-11 08:41:50",37
"2018-06-11 09:41:50",37
"2018-06-11 10:41:51",37
"2018-06-11 11:41:50",37
"2018-06-11 12:41:51",37
"2018-06-11 13:41:51",37
"2018-06-11 14:41:50",37
"2018-06-11 15:41:50",37
"2018-06-11 16:41:50",37
"2018-06-11 17:41:50",36
"2018-06-11 18:41:50",36
"2018-06-11 19:41:50",36
"2018-06-11 20:41:50",36
"2018-06-11 21:41:50",36
"2018-06-11 22:41:49",36
"2018-06-11 23:41:50",36
"2018-06-12 00:41:50",36
"2018-06-12 01:41:51",36
"2018-06-12 02:41:50",36
"2018-06-12 03:41:51",36
"2018-06-12 04:41:50",36
"2018-06-12 05:41:50",36
"2018-06-12 06:41:51",36
"2018-06-12 07:41:51",36
"2018-06-12 08:41:50",36
"2018-06-12 09:41:50",36
"2018-06-12 10:41:50",36
"2018-06-12 11:41:50",36
"2018-06-12 12:41:51",36
"2018-06-12 13:41:52",36
"2018-06-12 14:41:50",36
"2018-06-12 15:41:50",36
"2018-06-12 16:41:50",35
"2018-06-12 17:41:50",35
"2018-06-12 18:41:50",35
"2018-06-12 19:41:50",35
"2018-06-12 20:41:50",35
"2018-06-12 21:41:50",35
"2018-06-12 22:41:49",35
"2018-06-12 23:41:50",35
"2018-06-13 00:41:50",35
"2018-06-13 01:41:50",35
"2018-06-13 02:41:50",35
"2018-06-13 03:41:50",35
"2018-06-13 04:41:51",35
"2018-06-13 05:41:50",35
"2018-06-13 06:41:50",35
"2018-06-13 07:41:50",35
"2018-06-13 08:41:51",35
"2018-06-13 09:41:50",35
"2018-06-13 10:41:50",35
"2018-06-13 11:41:50",35
"2018-06-13 12:41:50",35
"2018-06-13 13:41:52",35
"2018-06-13 14:41:51",35
"2018-06-13 15:41:50",35
"2018-06-13 16:41:50",36
"2018-06-13 17:41:50",36
"2018-06-13 18:41:51",36
"2018-06-13 19:41:50",36
"2018-06-13 20:41:51",36
"2018-06-13 21:41:50",36
"2018-06-13 22:41:50",36
"2018-06-13 23:41:50",36
"2018-06-14 00:41:51",36
"2018-06-14 01:41:51",36
"2018-06-14 02:41:51",36
"2018-06-14 03:41:51",36
"2018-06-14 04:41:50",36
"2018-06-14 05:41:51",36
"2018-06-14 06:41:50",36
"2018-06-14 07:41:51",36
"2018-06-14 08:41:50",36
"2018-06-14 09:41:49",36
"2018-06-14 10:41:50",36
"2018-06-14 11:41:51",36
"2018-06-14 12:41:51",36
"2018-06-14 13:41:52",36
"2018-06-14 14:41:51",36
"2018-06-14 15:41:52",36
"2018-06-14 16:41:51",36
"2018-06-14 17:41:51",36
"2018-06-14 18:41:52",36
"2018-06-14 19:41:52",36
"2018-06-14 20:41:52",36
"2018-06-14 21:41:52",36
"2018-06-14 22:41:52",36
"2018-06-14 23:41:51",36
"2018-06-15 00:41:51",36
"2018-06-15 01:41:51",36
"2018-06-15 02:41:51",36
"2018-06-15 03:41:51",36
"2018-06-15 04:41:52",36
"2018-06-15 05:41:52",36
"2018-06-15 06:41:52",36
"2018-06-15 07:41:51",36
"2018-06-15 08:41:51",36
"2018-06-15 09:41:51",36
"2018-06-15 10:41:51",36
"2018-06-15 11:41:51",36
"2018-06-15 12:41:51",36
"2018-06-15 13:41:52",36
"2018-06-15 14:41:52",36
"2018-06-15 15:41:51",36
"2018-06-15 16:41:51",36
"2018-06-15 17:41:51",36
"2018-06-15 18:41:52",36
"2018-06-15 19:41:51",36
"2018-06-15 20:41:52",36
"2018-06-15 21:41:51",36
"2018-06-15 22:41:51",36
"2018-06-15 23:41:51",36
"2018-06-16 00:41:52",36
"2018-06-16 01:41:51",36
"2018-06-16 02:41:52",36
"2018-06-16 03:41:51",36
"2018-06-16 04:41:53",36
"2018-06-16 05:41:53",36
"2018-06-16 06:41:52",36
"2018-06-16 07:41:51",36
"2018-06-16 08:41:52",36
"2018-06-16 09:41:52",36
"2018-06-16 10:41:51",36
"2018-06-16 11:41:52",36
"2018-06-16 12:41:51",36
"2018-06-16 13:41:52",36
"2018-06-16 14:41:52",36
"2018-06-16 15:41:51",36
"2018-06-16 16:41:52",36
"2018-06-16 17:41:51",36
"2018-06-16 18:41:51",36
"2018-06-16 19:41:52",36
"2018-06-16 20:41:52",36
"2018-06-16 21:41:51",36
"2018-06-16 22:41:52",36
"2018-06-16 23:41:51",36
"2018-06-17 00:41:51",36
"2018-06-17 01:41:51",36
"2018-06-17 02:41:53",36
"2018-06-17 03:41:52",36
"2018-06-17 04:41:52",36
"2018-06-17 05:41:52",36
"2018-06-17 06:41:51",36
"2018-06-17 07:41:51",36
"2018-06-17 08:41:51",36
"2018-06-17 09:41:50",36
"2018-06-17 10:41:50",36
"2018-06-17 11:41:51",36
"2018-06-17 12:41:52",36
"2018-06-17 13:41:52",36
"2018-06-17 14:41:51",36
"2018-06-17 15:41:50",36
"2018-06-17 16:41:51",36
"2018-06-17 17:41:51",36
"2018-06-17 18:41:50",36
"2018-06-17 19:41:52",36
"2018-06-17 20:41:52",36
"2018-06-17 21:41:51",36
"2018-06-17 22:41:51",36
"2018-06-17 23:41:51",36
"2018-06-18 00:41:52",36
"2018-06-18 01:41:51",36
"2018-06-18 02:41:52",36
"2018-06-18 03:41:51",36
"2018-06-18 04:41:51",36
"2018-06-18 05:41:51",36
"2018-06-18 06:41:51",36
"2018-06-18 07:41:51",36
"2018-06-18 08:41:52",36
"2018-06-18 09:41:51",36
"2018-06-18 10:41:51",36
"2018-06-18 11:41:52",36
"2018-06-18 12:41:51",36
"2018-06-18 13:41:53",36
"2018-06-18 14:41:51",36
"2018-06-18 15:41:51",36
"2018-06-18 16:41:51",36
"2018-06-18 17:41:51",36
"2018-06-18 18:41:52",36
"2018-06-18 19:41:52",36
"2018-06-18 20:41:52",36
"2018-06-18 21:41:51",36
"2018-06-18 22:41:51",36
"2018-06-18 23:41:51",36
"2018-06-19 00:41:51",36
"2018-06-19 01:41:51",36
"2018-06-19 02:41:52",36
"2018-06-19 03:41:51",36
"2018-06-19 04:41:51",36
"2018-06-19 05:41:51",36
"2018-06-19 06:41:51",36
"2018-06-19 07:41:52",36
"2018-06-19 08:41:52",36
"2018-06-19 09:41:51",36
"2018-06-19 10:41:51",36
"2018-06-19 11:41:51",36
"2018-06-19 12:41:51",36
"2018-06-19 13:41:54",36
"2018-06-19 14:41:51",36
"2018-06-19 15:41:51",36
"2018-06-19 16:41:51",36
"2018-06-19 17:41:52",36
"2018-06-19 18:41:51",36
"2018-06-19 19:41:51",36
"2018-06-19 20:41:51",36
"2018-06-19 21:41:51",36
"2018-06-19 22:41:51",36
"2018-06-19 23:41:52",36
"2018-06-20 00:42:01",36
"2018-06-20 01:41:52",36
"2018-06-20 02:41:51",36
"2018-06-20 03:41:52",36
"2018-06-20 04:41:52",36
"2018-06-20 05:41:51",36
"2018-06-20 06:41:51",36
"2018-06-20 07:41:51",36
"2018-06-20 08:41:51",36
"2018-06-20 09:41:51",36
"2018-06-20 10:41:51",36
"2018-06-20 11:41:51",36
"2018-06-20 12:41:51",36
"2018-06-20 14:06:25",36
"2018-06-20 14:41:53",36
"2018-06-20 15:41:52",36
"2018-06-20 16:41:52",36
"2018-06-20 17:41:51",36
"2018-06-20 18:41:52",36
"2018-06-20 19:41:52",36
"2018-06-20 20:41:51",36
"2018-06-20 21:41:51",36
"2018-06-20 22:41:51",36
"2018-06-20 23:41:52",36
"2018-06-21 00:41:51",36
"2018-06-21 01:41:51",36
"2018-06-21 02:41:51",36
"2018-06-21 03:41:52",36
"2018-06-21 04:41:52",36
"2018-06-21 05:41:52",36
"2018-06-21 06:41:51",36
"2018-06-21 07:41:51",36
"2018-06-21 08:41:52",36
"2018-06-21 09:41:50",36
"2018-06-21 10:41:51",36
"2018-06-21 11:41:51",36
"2018-06-21 12:41:51",36
"2018-06-21 13:41:53",36
"2018-06-21 14:41:53",36
"2018-06-21 15:41:53",36
"2018-06-21 16:41:52",36
"2018-06-21 17:41:53",36
"2018-06-21 18:41:53",36
"2018-06-21 19:41:53",36
"2018-06-21 20:41:53",36
"2018-06-21 21:41:52",36
"2018-06-21 22:41:53",36
"2018-06-21 23:41:52",36
"2018-06-22 00:41:52",36
"2018-06-22 01:41:52",36
"2018-06-22 02:41:53",36
"2018-06-22 03:41:52",36
"2018-06-22 04:41:52",36
"2018-06-22 05:41:53",36
"2018-06-22 06:41:52",36
"2018-06-22 07:41:52",36
"2018-06-22 08:41:53",36
"2018-06-22 09:41:52",36
"2018-06-22 10:41:51",36
"2018-06-22 11:41:51",36
"2018-06-22 12:41:52",36
"2018-06-22 13:41:54",36
"2018-06-22 15:05:55",37
"2018-06-22 15:41:53",37
"2018-06-22 16:41:53",36
"2018-06-22 17:41:53",36
"2018-06-22 18:41:53",36
"2018-06-22 19:41:53",36
"2018-06-22 20:41:52",36
"2018-06-22 21:41:52",36
"2018-06-22 22:41:52",36
"2018-06-22 23:41:53",36
"2018-06-23 00:41:52",36
"2018-06-23 01:41:52",36
"2018-06-23 02:41:53",36
"2018-06-23 03:41:53",36
"2018-06-23 04:41:52",36
"2018-06-23 05:41:53",36
"2018-06-23 06:41:52",36
"2018-06-23 07:41:52",36
"2018-06-23 08:41:52",36
"2018-06-23 09:41:52",36
"2018-06-23 10:41:52",36
"2018-06-23 11:41:53",36
"2018-06-23 12:41:52",36
"2018-06-23 13:41:52",36
"2018-06-23 14:41:52",36
"2018-06-23 15:41:53",36
"2018-06-23 16:41:53",36
"2018-06-23 17:41:52",36
"2018-06-23 18:41:52",36
"2018-06-23 19:41:53",36
"2018-06-23 20:41:53",36
"2018-06-23 21:41:52",36
"2018-06-23 22:41:52",36
"2018-06-23 23:41:52",36
"2018-06-24 00:42:08",36
"2018-06-24 01:41:52",36
"2018-06-24 02:41:52",36
"2018-06-24 03:41:55",36
"2018-06-24 04:41:52",36
"2018-06-24 05:41:52",36
"2018-06-24 06:41:53",36
"2018-06-24 07:41:53",36
"2018-06-24 08:41:52",36
"2018-06-24 09:41:52",36
"2018-06-24 10:42:20",36
"2018-06-24 11:41:52",36
"2018-06-24 12:41:53",36
"2018-06-24 13:41:52",36
"2018-06-24 14:41:59",36
"2018-06-24 15:42:04",36
"2018-06-24 16:41:52",36
"2018-06-24 17:41:52",36
"2018-06-24 18:41:52",36
"2018-06-24 19:41:53",36
"2018-06-24 20:41:52",36
"2018-06-24 21:41:52",36
"2018-06-24 22:41:52",36
"2018-06-24 23:41:52",36
"2018-06-25 00:41:52",36
"2018-06-25 01:41:53",36
"2018-06-25 02:41:53",36
"2018-06-25 03:41:57",36
"2018-06-25 04:41:54",36
"2018-06-25 05:41:54",36
"2018-06-25 06:41:53",36
"2018-06-25 07:41:52",36
"2018-06-25 08:41:53",36
"2018-06-25 09:41:53",36
"2018-06-25 10:41:52",36
"2018-06-25 11:41:52",36
"2018-06-25 12:41:52",36
"2018-06-25 13:41:54",36
"2018-06-25 14:41:52",36
"2018-06-25 15:41:52",36
"2018-06-25 16:41:52",36
"2018-06-25 17:41:53",36
"2018-06-25 18:41:53",36
"2018-06-25 19:41:53",36
"2018-06-25 20:41:53",36
"2018-06-25 21:41:53",36
"2018-06-25 22:41:52",36
"2018-06-26 01:10:18",36
"2018-06-26 01:41:53",36
"2018-06-26 02:41:53",36
"2018-06-26 03:41:58",36
"2018-06-26 04:41:59",36
"2018-06-26 05:41:53",36
"2018-06-26 06:41:52",36
"2018-06-26 07:41:53",36
"2018-06-26 08:41:53",36
"2018-06-26 09:41:54",36
"2018-06-26 10:41:54",36
"2018-06-26 11:41:56",36
"2018-06-26 12:42:00",36
"2018-06-26 13:41:55",36
"2018-06-26 14:41:53",36
"2018-06-26 15:42:03",36
"2018-06-26 16:41:53",36
"2018-06-26 17:41:52",36
"2018-06-26 18:41:53",36
"2018-06-26 19:41:53",36
"2018-06-26 20:41:53",36
"2018-06-26 21:41:52",36
"2018-06-26 22:41:52",36
"2018-06-26 23:41:52",36
"2018-06-27 00:41:53",36
"2018-06-27 01:41:52",36
"2018-06-27 02:41:53",36
"2018-06-27 03:41:53",36
"2018-06-27 04:41:56",36
"2018-06-27 05:41:55",36
"2018-06-27 06:41:53",36
"2018-06-27 07:41:52",36
"2018-06-27 08:41:52",36
"2018-06-27 09:41:53",36
"2018-06-27 10:41:52",36
"2018-06-27 11:41:52",36
"2018-06-27 12:41:53",36
"2018-06-27 13:42:03",36
"2018-06-27 14:42:02",36
"2018-06-27 15:42:03",36
"2018-06-27 16:41:53",36
"2018-06-27 17:41:52",36
"2018-06-27 18:41:53",36
"2018-06-27 19:41:54",37
"2018-06-27 20:41:52",37
"2018-06-27 21:41:52",37
"2018-06-27 22:41:52",37
"2018-06-27 23:41:52",37
"2018-06-28 00:41:53",37
"2018-06-28 01:41:52",37
"2018-06-28 02:41:53",37
"2018-06-28 03:42:01",37
"2018-06-28 04:41:59",37
"2018-06-28 05:41:58",37
"2018-06-28 06:41:53",37
"2018-06-28 07:41:53",37
"2018-06-28 08:41:53",37
"2018-06-28 09:41:52",37
"2018-06-28 10:41:53",37
"2018-06-28 11:41:52",37
"2018-06-28 12:41:52",37
"2018-06-28 13:41:54",37
"2018-06-28 14:42:01",37
"2018-06-28 15:42:03",36
"2018-06-28 16:41:52",36
"2018-06-28 17:41:53",36
"2018-06-28 18:41:52",36
"2018-06-28 19:41:56",35
"2018-06-28 20:41:52",35
"2018-06-28 21:41:52",35
"2018-06-28 22:41:52",35
"2018-06-28 23:41:53",35
"2018-06-29 00:41:53",35
"2018-06-29 01:41:52",35
"2018-06-29 02:41:52",35
"2018-06-29 03:41:58",35
"2018-06-29 04:41:55",35
"2018-06-29 05:41:52",35
"2018-06-29 06:41:53",35
"2018-06-29 07:41:53",35
"2018-06-29 08:41:53",35
"2018-06-29 09:41:53",35
"2018-06-29 10:41:52",35
"2018-06-29 11:41:53",35
"2018-06-29 12:41:55",35
"2018-06-29 13:41:54",35
"2018-06-29 14:41:54",35
"2018-06-29 15:41:54",35
"2018-06-29 16:41:53",36
"2018-06-29 17:41:53",36
"2018-06-29 18:41:54",36
"2018-06-29 19:41:56",36
"2018-06-29 20:41:53",36
"2018-06-29 21:41:55",36
"2018-06-29 22:41:54",36
"2018-06-29 23:41:55",36
"2018-06-30 00:41:55",36
"2018-06-30 01:41:53",36
"2018-06-30 02:41:54",36
"2018-06-30 03:42:00",36
"2018-06-30 04:41:57",36
"2018-06-30 05:41:57",36
"2018-06-30 06:41:55",36
"2018-06-30 07:41:53",36
"2018-06-30 08:41:53",36
"2018-06-30 09:41:53",36
"2018-06-30 10:41:54",36
"2018-06-30 11:41:54",36
"2018-06-30 12:41:56",36
"2018-06-30 13:42:03",36
"2018-06-30 14:41:55",36
"2018-06-30 15:42:00",36
"2018-06-30 16:41:58",36
"2018-06-30 17:41:53",36
"2018-06-30 18:41:53",36
"2018-06-30 19:42:02",36
"2018-06-30 20:41:53",36
"2018-06-30 21:41:53",36
"2018-06-30 22:41:53",36
"2018-06-30 23:41:53",36
"2018-07-01 00:41:53",36
"2018-07-01 01:41:54",36
"2018-07-01 02:41:54",36
"2018-07-01 03:41:54",36
"2018-07-01 04:41:53",36
"2018-07-01 05:41:54",36
"2018-07-01 06:41:54",36
"2018-07-01 07:41:53",36
"2018-07-01 08:41:53",36
"2018-07-01 09:41:54",36
"2018-07-01 10:41:54",36
"2018-07-01 11:41:53",36
"2018-07-01 12:41:54",36
"2018-07-01 13:41:54",36
"2018-07-01 14:41:53",36
"2018-07-01 15:41:54",36
"2018-07-01 16:41:55",36
"2018-07-01 17:41:54",36
"2018-07-01 18:41:53",36
"2018-07-01 19:41:56",36
"2018-07-01 20:41:54",36
"2018-07-01 21:41:54",36
"2018-07-01 22:41:53",36
"2018-07-01 23:41:54",36
"2018-07-02 00:41:54",36
"2018-07-02 01:41:55",36
"2018-07-02 02:41:54",36
"2018-07-02 03:41:53",36
"2018-07-02 04:41:53",36
"2018-07-02 05:41:54",36
"2018-07-02 06:41:54",36
"2018-07-02 07:41:53",36
"2018-07-02 08:41:54",36
"2018-07-02 09:41:54",36
"2018-07-02 10:41:53",36
"2018-07-02 11:41:52",36
"2018-07-02 12:41:54",36
"2018-07-02 13:41:54",36
"2018-07-02 14:41:53",36
"2018-07-02 15:41:54",36
"2018-07-02 16:41:54",36
"2018-07-02 17:41:54",36
"2018-07-02 18:41:53",36
"2018-07-02 19:41:55",36
"2018-07-02 20:41:53",36
"2018-07-02 21:41:53",36
"2018-07-02 22:41:54",36
"2018-07-02 23:41:54",36
"2018-07-03 00:41:53",36
"2018-07-03 01:41:53",36
"2018-07-03 02:41:53",36
"2018-07-03 03:41:53",36
"2018-07-03 04:41:54",36
"2018-07-03 05:41:54",36
"2018-07-03 06:41:53",36
"2018-07-03 07:41:53",36
"2018-07-03 08:41:53",36
"2018-07-03 09:41:54",36
"2018-07-03 10:41:52",36
"2018-07-03 11:41:52",36
"2018-07-03 12:41:53",36
"2018-07-03 13:41:54",36
"2018-07-03 14:41:54",36
"2018-07-03 15:41:53",36
"2018-07-03 16:41:53",36
"2018-07-03 17:41:54",36
"2018-07-03 18:41:53",36
"2018-07-03 19:41:56",36
"2018-07-03 20:41:53",36
"2018-07-03 21:41:53",36
"2018-07-03 22:41:53",36
"2018-07-03 23:41:53",36
"2018-07-04 00:41:53",36
"2018-07-04 01:41:54",36
"2018-07-04 02:41:54",36
"2018-07-04 03:41:54",36
"2018-07-04 04:41:53",36
"2018-07-04 05:41:53",36
"2018-07-04 06:41:54",36
"2018-07-04 07:41:54",36
"2018-07-04 08:41:54",36
"2018-07-04 09:41:53",36
"2018-07-04 10:41:54",36
"2018-07-04 11:41:53",36
"2018-07-04 12:41:53",36
"2018-07-04 13:41:54",36
"2018-07-04 14:41:54",36
"2018-07-04 15:41:53",36
"2018-07-04 16:41:54",36
"2018-07-04 17:41:54",36
"2018-07-04 18:41:53",36
"2018-07-04 19:41:54",36
"2018-07-04 20:41:54",36
"2018-07-04 21:41:54",36
"2018-07-04 22:41:53",36
"2018-07-04 23:41:53",36
"2018-07-05 00:41:53",36
"2018-07-05 01:41:53",36
"2018-07-05 02:41:54",36
"2018-07-05 03:41:54",36
"2018-07-05 04:41:54",36
"2018-07-05 05:41:53",36
"2018-07-05 06:41:53",36
"2018-07-05 07:41:54",36
"2018-07-05 08:41:54",36
"2018-07-05 09:41:53",36
"2018-07-05 10:41:54",36
"2018-07-05 11:41:54",36
"2018-07-05 12:41:53",36
"2018-07-05 13:41:54",36
"2018-07-05 14:41:54",36
"2018-07-05 15:41:54",36
"2018-07-05 16:41:53",36
"2018-07-05 17:41:56",36
"2018-07-05 18:41:53",36
"2018-07-05 19:41:57",36
"2018-07-05 20:41:53",36
"2018-07-05 21:41:54",36
"2018-07-05 22:41:54",36
"2018-07-05 23:41:53",36
"2018-07-06 00:41:53",36
"2018-07-06 01:41:54",36
"2018-07-06 02:41:53",36
"2018-07-06 03:41:53",36
"2018-07-06 04:41:54",36
"2018-07-06 05:41:53",36
"2018-07-06 06:41:53",36
"2018-07-06 07:41:53",36
"2018-07-06 08:41:54",36
"2018-07-06 09:41:53",36
"2018-07-06 10:41:54",36
"2018-07-06 11:41:56",36
"2018-07-06 12:41:54",36
"2018-07-06 13:41:55",36
"2018-07-06 14:41:54",37
"2018-07-06 15:41:55",37
"2018-07-06 16:41:54",37
"2018-07-06 17:41:54",37
"2018-07-06 18:41:53",37
"2018-07-06 19:41:58",37
"2018-07-06 20:41:54",37
"2018-07-06 21:41:54",37
"2018-07-06 22:41:53",37
"2018-07-06 23:41:53",37
"2018-07-07 00:41:54",37
"2018-07-07 01:41:53",37
"2018-07-07 02:41:54",37
"2018-07-07 03:41:54",37
"2018-07-07 04:41:54",37
"2018-07-07 05:41:53",37
"2018-07-07 06:41:54",37
"2018-07-07 07:41:54",37
"2018-07-07 08:41:54",37
"2018-07-07 09:41:53",37
"2018-07-07 10:41:54",37
"2018-07-07 11:41:54",37
"2018-07-07 12:41:53",37
"2018-07-07 13:41:54",37
"2018-07-07 14:41:54",37
"2018-07-07 15:41:53",37
"2018-07-07 16:41:54",37
"2018-07-07 17:41:54",37
"2018-07-07 18:41:55",37
"2018-07-07 19:41:57",37
"2018-07-07 20:41:54",37
"2018-07-07 21:41:53",37
"2018-07-07 22:41:54",37
"2018-07-07 23:41:54",37
"2018-07-08 00:41:54",37
"2018-07-08 01:41:54",37
"2018-07-08 02:41:55",37
"2018-07-08 03:41:55",37
"2018-07-08 04:41:54",37
"2018-07-08 05:41:54",37
"2018-07-08 06:41:54",37
"2018-07-08 07:41:54",37
"2018-07-08 08:41:53",37
"2018-07-08 09:41:54",37
"2018-07-08 10:41:53",37
"2018-07-08 11:41:54",37
"2018-07-08 12:41:54",37
"2018-07-08 13:41:53",37
"2018-07-08 14:41:53",37
"2018-07-08 15:41:54",37
"2018-07-08 16:41:53",37
"2018-07-08 17:41:53",37
"2018-07-08 18:41:54",37
"2018-07-08 19:41:59",37
"2018-07-08 20:41:54",37
"2018-07-08 21:41:54",37
"2018-07-08 22:41:54",37
"2018-07-08 23:41:53",37
"2018-07-09 00:41:54",37
"2018-07-09 01:41:54",37
"2018-07-09 02:41:54",37
"2018-07-09 03:41:55",37
"2018-07-09 04:41:53",37
"2018-07-09 05:41:54",37
"2018-07-09 06:41:53",37
"2018-07-09 07:41:53",37
"2018-07-09 08:41:54",37
"2018-07-09 09:41:54",37
"2018-07-09 10:41:54",37
"2018-07-09 11:41:53",37
"2018-07-09 12:41:54",37
"2018-07-09 13:41:57",37
"2018-07-09 14:41:53",37
"2018-07-09 15:41:54",37
"2018-07-09 16:41:54",37
"2018-07-09 17:41:54",37
"2018-07-09 18:41:55",37
"2018-07-09 19:42:05",37
"2018-07-09 20:41:53",37
"2018-07-09 21:41:53",37
"2018-07-09 22:41:54",37
"2018-07-09 23:41:54",37
"2018-07-10 00:41:54",37
"2018-07-10 01:41:56",37
"2018-07-10 02:41:54",37
"2018-07-10 03:41:54",37
"2018-07-10 04:41:54",37
"2018-07-10 05:41:54",37
"2018-07-10 06:41:54",37
"2018-07-10 07:41:54",37
"2018-07-10 08:41:54",37
"2018-07-10 09:41:54",37
"2018-07-10 10:41:53",37
"2018-07-10 11:41:54",37
"2018-07-10 12:41:53",37
"2018-07-10 13:41:58",37
"2018-07-10 14:41:56",37
"2018-07-10 15:41:54",37
"2018-07-10 16:41:54",37
"2018-07-10 17:41:55",37
"2018-07-10 18:41:53",37
"2018-07-10 19:41:59",37
"2018-07-10 20:41:54",37
"2018-07-10 21:41:53",37
"2018-07-10 22:41:57",37
"2018-07-10 23:41:54",37
"2018-07-11 00:41:54",37
"2018-07-11 01:41:55",37
"2018-07-11 02:41:54",37
"2018-07-11 03:41:54",37
"2018-07-11 04:41:54",37
"2018-07-11 05:41:55",37
"2018-07-11 06:41:54",37
"2018-07-11 07:41:54",37
"2018-07-11 08:41:54",37
"2018-07-11 09:41:54",37
"2018-07-11 10:41:54",37
"2018-07-11 11:41:54",37
"2018-07-11 12:41:53",37
"2018-07-11 13:41:55",37
"2018-07-11 14:41:55",37
"2018-07-11 15:41:55",37
"2018-07-11 16:41:54",37
"2018-07-11 17:41:53",37
"2018-07-11 18:41:54",38
"2018-07-11 19:41:55",38
"2018-07-11 20:41:54",38
"2018-07-11 21:41:53",38
"2018-07-11 22:41:54",38
"2018-07-11 23:41:55",38
"2018-07-12 00:41:54",38
"2018-07-12 01:41:53",38
"2018-07-12 02:41:54",38
"2018-07-12 03:41:54",38
"2018-07-12 04:41:54",38
"2018-07-12 05:41:54",38
"2018-07-12 06:41:54",38
"2018-07-12 07:41:54",38
"2018-07-12 08:41:54",38
"2018-07-12 09:41:55",38
"2018-07-12 10:41:53",38
"2018-07-12 11:41:53",38
"2018-07-12 12:41:54",38
"2018-07-12 13:41:56",38
"2018-07-12 14:41:55",38
"2018-07-12 15:41:55",38
"2018-07-12 16:41:56",38
"2018-07-12 17:41:54",38
"2018-07-12 18:41:55",38
"2018-07-12 19:42:03",38
"2018-07-12 20:41:53",38
"2018-07-12 21:41:53",38
"2018-07-12 22:41:55",38
"2018-07-12 23:41:56",38
"2018-07-13 00:41:55",38
"2018-07-13 01:41:55",38
"2018-07-13 02:41:55",38
"2018-07-13 03:41:55",38
"2018-07-13 04:41:55",38
"2018-07-13 05:41:56",38
"2018-07-13 06:41:55",38
"2018-07-13 07:41:55",38
"2018-07-13 08:41:55",38
"2018-07-13 09:41:55",38
"2018-07-13 10:41:54",38
"2018-07-13 11:41:54",38
"2018-07-13 12:41:55",38
"2018-07-13 13:41:58",38
"2018-07-13 14:41:56",38
"2018-07-13 15:41:56",38
"2018-07-13 16:41:55",38
"2018-07-13 17:41:55",38
"2018-07-13 18:41:55",38
"2018-07-13 19:41:56",38
"2018-07-13 20:41:55",38
"2018-07-13 21:41:54",38
"2018-07-13 22:41:55",38
"2018-07-13 23:41:56",38
"2018-07-14 00:41:55",38
"2018-07-14 01:41:54",38
"2018-07-14 02:41:55",38
"2018-07-14 03:41:55",38
"2018-07-14 04:41:55",38
"2018-07-14 05:41:54",38
"2018-07-14 06:41:54",38
"2018-07-14 07:41:54",38
"2018-07-14 08:41:54",38
"2018-07-14 09:41:55",38
"2018-07-14 10:41:55",38
"2018-07-14 11:41:55",38
"2018-07-14 12:41:55",38
"2018-07-14 13:41:56",38
"2018-07-14 14:41:55",38
"2018-07-14 15:41:55",38
"2018-07-14 16:41:55",38
"2018-07-14 17:41:55",38
"2018-07-14 18:41:55",38
"2018-07-14 19:41:57",38
"2018-07-14 20:41:55",38
"2018-07-14 21:41:54",38
"2018-07-14 22:41:55",38
"2018-07-14 23:41:55",38
"2018-07-15 00:41:54",38
"2018-07-15 01:41:55",38
"2018-07-15 02:41:55",38
"2018-07-15 03:41:55",38
"2018-07-15 04:41:54",38
"2018-07-15 05:41:55",38
"2018-07-15 06:41:55",38
"2018-07-15 07:41:55",38
"2018-07-15 08:41:54",38
"2018-07-15 09:41:55",38
"2018-07-15 10:41:55",38
"2018-07-15 11:41:54",38
"2018-07-15 12:41:55",38
"2018-07-15 13:41:55",38
"2018-07-15 14:41:54",38
"2018-07-15 15:41:56",38
"2018-07-15 16:41:55",38
"2018-07-15 17:41:55",38
"2018-07-15 18:41:55",38
"2018-07-15 19:42:00",38
"2018-07-15 20:41:55",38
"2018-07-15 21:41:57",38
"2018-07-15 22:41:55",38
"2018-07-15 23:41:56",38
"2018-07-16 00:41:55",38
"2018-07-16 01:41:55",38
"2018-07-16 02:41:55",38
"2018-07-16 03:41:56",38
"2018-07-16 04:41:56",38
"2018-07-16 05:41:55",38
"2018-07-16 06:41:56",38
"2018-07-16 07:41:56",38
"2018-07-16 08:41:57",38
"2018-07-16 09:41:54",38
"2018-07-16 10:41:55",38
"2018-07-16 11:41:55",38
"2018-07-16 12:41:54",38
"2018-07-16 13:41:59",38
"2018-07-16 14:41:55",39
"2018-07-16 15:41:56",39
"2018-07-16 16:41:56",39
"2018-07-16 17:41:56",39
"2018-07-16 18:41:55",39
"2018-07-16 19:42:14",39
"2018-07-16 20:41:55",39
"2018-07-16 21:41:55",39
"2018-07-16 22:41:55",39
"2018-07-16 23:41:55",39
"2018-07-17 00:42:04",39
"2018-07-17 01:41:56",39
"2018-07-17 02:41:55",39
"2018-07-17 03:41:54",39
"2018-07-17 04:41:56",39
"2018-07-17 05:41:56",39
"2018-07-17 06:41:55",39
"2018-07-17 07:41:59",39
"2018-07-17 08:41:55",39
"2018-07-17 09:41:55",39
"2018-07-17 10:41:55",39
"2018-07-17 11:41:55",39
"2018-07-17 12:41:55",39
"2018-07-17 13:41:57",39
"2018-07-17 14:41:56",39
"2018-07-17 15:41:55",39
"2018-07-17 16:41:56",39
"2018-07-17 17:41:55",39
"2018-07-17 18:41:56",39
"2018-07-17 19:42:06",39
"2018-07-17 20:41:55",39
"2018-07-17 21:41:55",39
"2018-07-17 22:41:54",39
"2018-07-17 23:41:57",39
"2018-07-18 00:41:58",39
"2018-07-18 01:41:57",39
"2018-07-18 02:42:02",39
"2018-07-18 03:41:58",39
"2018-07-18 04:41:58",39
"2018-07-18 05:41:59",39
"2018-07-18 06:41:57",39
"2018-07-18 07:41:57",39
"2018-07-18 08:41:57",39
"2018-07-18 09:41:57",39
"2018-07-18 10:41:56",39
"2018-07-18 11:41:56",39
"2018-07-18 12:41:56",39
"2018-07-18 13:41:59",39
"2018-07-18 14:41:59",39
"2018-07-18 15:41:58",39
"2018-07-18 16:41:57",39
"2018-07-18 17:41:58",39
"2018-07-18 18:41:57",39
"2018-07-18 19:42:04",40
"2018-07-18 20:41:56",40
"2018-07-18 21:41:57",40
"2018-07-18 22:41:57",40
"2018-07-18 23:41:57",40
"2018-07-19 00:41:57",40
"2018-07-19 01:41:57",40
"2018-07-19 02:41:57",40
"2018-07-19 03:41:59",40
"2018-07-19 04:42:00",40
"2018-07-19 05:41:59",40
"2018-07-19 06:41:59",40
"2018-07-19 07:42:04",40
"2018-07-19 08:41:57",40
"2018-07-19 09:41:57",40
"2018-07-19 10:41:57",40
"2018-07-19 11:41:57",40
"2018-07-19 12:41:57",40
"2018-07-19 13:41:59",40
"2018-07-19 14:41:58",39
"2018-07-19 15:41:58",39
"2018-07-19 16:41:58",39
"2018-07-19 17:41:58",39
"2018-07-19 18:41:58",39
"2018-07-19 19:42:00",39
"2018-07-19 20:41:58",39
"2018-07-19 21:41:57",39
"2018-07-19 22:41:58",39
"2018-07-19 23:41:59",39
"2018-07-20 00:41:57",39
"2018-07-20 01:41:57",39
"2018-07-20 02:41:58",39
"2018-07-20 03:41:59",39
"2018-07-20 04:42:00",39
"2018-07-20 05:42:00",39
"2018-07-20 06:41:59",39
"2018-07-20 07:41:59",39
"2018-07-20 08:41:57",39
"2018-07-20 09:42:05",39
"2018-07-20 10:41:57",39
"2018-07-20 11:41:56",39
"2018-07-20 12:41:56",39
"2018-07-20 14:05:31",39
"2018-07-20 14:41:58",39
"2018-07-20 15:41:58",39
"2018-07-20 16:41:58",39
"2018-07-20 17:41:57",39
"2018-07-20 18:41:58",39
"2018-07-20 19:42:05",39
"2018-07-20 20:41:57",39
"2018-07-20 21:41:57",39
"2018-07-20 22:41:56",39
"2018-07-20 23:41:58",39
"2018-07-21 00:41:58",39
"2018-07-21 01:41:58",39
"2018-07-21 02:41:59",39
"2018-07-21 03:42:02",39
"2018-07-21 04:41:57",39
"2018-07-21 05:41:57",39
"2018-07-21 06:41:57",39
"2018-07-21 07:41:57",39
"2018-07-21 08:41:56",39
"2018-07-21 09:41:57",39
"2018-07-21 10:41:58",39
"2018-07-21 11:41:56",39
"2018-07-21 12:41:56",39
"2018-07-21 13:41:58",39
"2018-07-21 14:41:58",39
"2018-07-21 15:41:57",39
"2018-07-21 16:41:58",39
"2018-07-21 17:41:57",39
"2018-07-21 18:41:58",39
"2018-07-21 19:42:01",39
"2018-07-21 20:41:57",39
"2018-07-21 21:41:56",39
"2018-07-21 22:41:57",39
"2018-07-21 23:41:57",39
"2018-07-22 00:41:57",39
"2018-07-22 01:41:57",39
"2018-07-22 02:41:57",39
"2018-07-22 03:41:58",39
"2018-07-22 04:41:57",39
"2018-07-22 05:41:57",39
"2018-07-22 06:42:02",39
"2018-07-22 07:42:01",39
"2018-07-22 08:41:57",39
"2018-07-22 09:41:56",39
"2018-07-22 10:41:56",39
"2018-07-22 11:41:57",39
"2018-07-22 12:41:58",39
"2018-07-22 13:41:57",39
"2018-07-22 14:41:58",39
"2018-07-22 15:41:57",39
"2018-07-22 16:41:58",39
"2018-07-22 17:41:57",39
"2018-07-22 18:41:57",39
"2018-07-22 19:42:02",39
"2018-07-22 20:41:57",39
"2018-07-22 21:41:57",39
"2018-07-22 22:41:57",39
"2018-07-22 23:41:57",39
"2018-07-23 00:41:57",39
"2018-07-23 01:41:57",39
"2018-07-23 02:41:57",39
"2018-07-23 03:41:57",39
"2018-07-23 04:41:57",39
"2018-07-23 05:41:56",39
"2018-07-23 06:41:57",39
"2018-07-23 07:41:58",39
"2018-07-23 08:42:00",39
"2018-07-23 09:41:58",39
"2018-07-23 23:42:02",39
"2018-07-24 00:41:57",39
"2018-07-24 01:41:57",39
"2018-07-24 02:41:58",39
"2018-07-24 03:41:57",39
"2018-07-24 04:41:57",39
"2018-07-24 05:41:56",39
"2018-07-24 06:41:57",39
"2018-07-24 07:41:57",39
"2018-07-24 08:41:57",39
"2018-07-24 09:41:56",39
"2018-07-24 10:41:57",39
"2018-07-24 11:41:57",39
"2018-07-24 12:41:57",39
"2018-07-24 13:42:05",39
"2018-07-24 14:41:57",39
"2018-07-24 15:41:58",39
"2018-07-24 16:41:58",39
"2018-07-24 17:41:57",39
"2018-07-24 18:41:57",39
"2018-07-24 19:41:57",39
"2018-07-24 20:41:56",39
"2018-07-24 21:41:57",39
"2018-07-24 22:41:57",39
"2018-07-24 23:41:57",39
"2018-07-25 00:41:57",39
"2018-07-25 01:41:57",39
"2018-07-25 02:41:56",39
"2018-07-25 03:41:57",39
"2018-07-25 04:41:57",39
"2018-07-25 05:41:56",39
"2018-07-25 06:41:57",39
"2018-07-25 07:41:56",39
"2018-07-25 08:41:57",39
"2018-07-25 09:41:57",39
"2018-07-25 10:41:56",39
"2018-07-25 11:41:56",39
"2018-07-25 12:41:57",39
"2018-07-25 13:42:02",39
"2018-07-25 14:41:59",39
"2018-07-25 15:42:00",39
"2018-07-25 16:41:59",39
"2018-07-25 17:42:05",39
"2018-07-25 18:41:59",39
"2018-07-25 19:41:59",39
"2018-07-25 20:41:59",39
"2018-07-25 21:41:58",39
"2018-07-25 22:41:58",39
"2018-07-25 23:41:58",39
"2018-07-26 00:41:58",39
"2018-07-26 01:41:58",39
"2018-07-26 02:41:59",39
"2018-07-26 03:41:59",39
"2018-07-26 04:41:59",39
"2018-07-26 05:41:59",39
"2018-07-26 06:41:58",39
"2018-07-26 07:41:58",39
"2018-07-26 08:41:58",39
"2018-07-26 09:41:58",39
"2018-07-26 10:41:58",39
"2018-07-26 11:41:58",39
"2018-07-26 12:41:58",39
"2018-07-26 14:42:00",40
"2018-07-26 15:41:59",40
"2018-07-26 16:41:59",40
"2018-07-26 17:41:59",40
"2018-07-26 18:41:59",40
"2018-07-26 19:41:59",40
"2018-07-26 20:41:59",40
"2018-07-26 21:41:58",40
"2018-07-26 22:41:58",40
"2018-07-26 23:41:59",40
"2018-07-27 00:41:59",40
"2018-07-27 01:41:59",40
"2018-07-27 02:41:57",40
"2018-07-27 03:41:59",40
"2018-07-27 04:41:59",40
"2018-07-27 05:41:58",40
"2018-07-27 06:41:59",40
"2018-07-27 07:41:58",40
"2018-07-27 08:41:58",40
"2018-07-27 09:41:57",40
"2018-07-27 10:41:58",40
"2018-07-27 11:41:57",40
"2018-07-27 12:41:58",40
"2018-07-27 13:42:02",40
"2018-07-27 14:42:00",40
"2018-07-27 15:41:58",41
"2018-07-27 16:41:59",41
"2018-07-27 17:41:58",41
"2018-07-27 18:41:59",41
"2018-07-27 19:41:58",41
"2018-07-27 20:41:58",41
"2018-07-27 21:41:58",41
"2018-07-27 22:41:57",41
"2018-07-27 23:41:58",41
"2018-07-28 00:41:58",41
"2018-07-28 01:41:58",41
"2018-07-28 02:41:58",41
"2018-07-28 03:41:58",41
"2018-07-28 04:41:58",41
"2018-07-28 05:41:58",41
"2018-07-28 06:41:58",41
"2018-07-28 07:41:58",41
"2018-07-28 08:41:58",41
"2018-07-28 09:41:58",41
"2018-07-28 10:41:57",41
"2018-07-28 11:41:58",41
"2018-07-28 12:41:57",41
"2018-07-28 13:41:58",41
"2018-07-28 14:41:57",41
"2018-07-28 15:41:59",41
"2018-07-28 16:41:58",41
"2018-07-28 17:41:58",41
"2018-07-28 18:41:59",41
"2018-07-28 19:42:07",41
"2018-07-28 20:42:03",41
"2018-07-28 21:41:58",41
"2018-07-28 22:41:58",41
"2018-07-28 23:41:59",41
"2018-07-29 00:41:58",41
"2018-07-29 01:41:59",41
"2018-07-29 02:41:58",41
"2018-07-29 03:41:57",41
"2018-07-29 04:41:59",41
"2018-07-29 05:41:59",41
"2018-07-29 06:41:58",41
"2018-07-29 07:41:58",41
"2018-07-29 08:41:58",41
"2018-07-29 09:41:58",41
"2018-07-29 10:41:58",41
"2018-07-29 11:41:57",41
"2018-07-29 12:41:58",41
"2018-07-29 13:41:59",41
"2018-07-29 14:41:58",41
"2018-07-29 15:41:57",41
"2018-07-29 16:41:59",41
"2018-07-29 17:41:58",41
"2018-07-29 18:41:58",41
"2018-07-29 19:41:59",41
"2018-07-29 20:41:58",41
"2018-07-29 21:41:59",41
"2018-07-29 22:41:59",41
"2018-07-29 23:41:59",41
"2018-07-30 00:41:58",41
"2018-07-30 01:41:58",41
"2018-07-30 02:41:57",41
"2018-07-30 03:41:59",41
"2018-07-30 04:41:58",41
"2018-07-30 05:41:58",41
"2018-07-30 06:41:57",41
"2018-07-30 07:41:58",41
"2018-07-30 08:41:58",41
"2018-07-30 09:41:58",41
"2018-07-30 10:41:57",41
"2018-07-30 11:41:58",41
"2018-07-30 12:41:58",41
"2018-07-30 13:42:03",41
"2018-07-30 14:42:00",40
"2018-07-30 15:41:58",40
"2018-07-30 16:41:59",40
"2018-07-30 17:41:59",40
"2018-07-30 18:41:57",40
"2018-07-30 19:41:59",40
"2018-07-30 20:41:57",40
"2018-07-30 21:41:58",40
"2018-07-30 22:41:59",40
"2018-07-30 23:41:58",40
"2018-07-31 00:41:59",40
"2018-07-31 01:41:58",40
"2018-07-31 02:41:58",40
"2018-07-31 03:41:58",40
"2018-07-31 04:41:58",40
"2018-07-31 05:41:59",40
"2018-07-31 06:41:58",40
"2018-07-31 07:41:59",40
"2018-07-31 08:42:13",40
"2018-07-31 09:48:54",40
"2018-07-31 10:41:58",40
"2018-07-31 11:41:58",40
"2018-07-31 12:41:58",40
"2018-07-31 13:42:02",40
"2018-07-31 14:42:00",40
"2018-07-31 15:42:00",40
"2018-07-31 16:41:59",40
"2018-07-31 17:41:59",40
"2018-07-31 18:41:59",40
"2018-07-31 19:42:00",40
"2018-07-31 20:42:00",40
"2018-07-31 21:41:59",40
"2018-07-31 22:41:59",40
"2018-07-31 23:42:00",40
"2018-08-01 00:42:00",40
"2018-08-01 01:41:59",40
"2018-08-01 02:41:59",40
"2018-08-01 03:41:59",40
"2018-08-01 04:41:59",40
"2018-08-01 05:42:00",40
"2018-08-01 06:41:59",40
"2018-08-01 07:41:59",40
"2018-08-01 08:41:59",40
"2018-08-01 09:41:59",40
"2018-08-01 10:41:57",40
"2018-08-01 11:41:58",40
"2018-08-01 12:41:58",40
"2018-08-01 14:07:04",40
"2018-08-01 14:41:59",40
"2018-08-01 15:42:00",40
"2018-08-01 16:42:00",40
"2018-08-01 17:42:00",40
"2018-08-01 18:41:59",40
"2018-08-01 19:42:01",40
"2018-08-01 20:41:59",40
"2018-08-01 21:41:59",40
"2018-08-01 22:41:59",40
"2018-08-01 23:41:59",40
"2018-08-02 00:42:00",40
"2018-08-02 01:41:59",40
"2018-08-02 02:42:00",40
"2018-08-02 03:41:59",40
"2018-08-02 04:42:00",40
"2018-08-02 05:41:59",40
"2018-08-02 06:41:59",40
"2018-08-02 07:41:59",40
"2018-08-02 08:41:59",40
"2018-08-02 09:41:59",40
"2018-08-02 10:41:59",40
"2018-08-02 11:41:59",40
"2018-08-02 12:41:59",40
"2018-08-02 13:42:01",40
"2018-08-02 14:42:00",40
"2018-08-02 15:42:02",40
"2018-08-02 16:41:59",40
"2018-08-02 17:42:00",40
"2018-08-02 18:41:59",40
"2018-08-02 19:42:00",40
"2018-08-02 20:42:00",40
"2018-08-02 21:41:59",40
"2018-08-02 22:41:59",40
"2018-08-02 23:41:59",40
"2018-08-03 00:41:59",40
"2018-08-03 01:42:00",40
"2018-08-03 02:42:00",40
"2018-08-03 03:42:00",40
"2018-08-03 04:41:59",40
"2018-08-03 05:41:59",40
"2018-08-03 06:42:00",40
"2018-08-03 07:41:59",40
"2018-08-03 08:41:59",40
"2018-08-03 09:41:59",40
"2018-08-03 10:41:59",40
"2018-08-03 11:44:01",40
"2018-08-03 13:06:58",40
"2018-08-03 13:42:01",40
"2018-08-03 14:42:00",40
"2018-08-03 15:41:59",40
"2018-08-03 16:42:00",40
"2018-08-03 17:41:59",40
"2018-08-03 18:41:59",39
"2018-08-03 19:41:59",39
"2018-08-03 20:41:59",39
"2018-08-03 21:41:59",39
"2018-08-03 22:41:59",39
"2018-08-03 23:41:59",39
"2018-08-04 00:41:59",39
"2018-08-04 01:41:58",39
"2018-08-04 02:41:59",39
"2018-08-04 03:41:59",39
"2018-08-04 04:41:59",39
"2018-08-04 05:41:59",39
"2018-08-04 06:41:59",39
"2018-08-04 07:42:00",39
"2018-08-04 08:41:59",39
"2018-08-04 09:41:59",39
"2018-08-04 10:41:59",39
"2018-08-04 11:41:59",39
"2018-08-04 12:41:58",39
"2018-08-04 13:42:00",39
"2018-08-04 14:41:59",39
"2018-08-04 15:41:59",39
"2018-08-04 16:41:59",39
"2018-08-04 17:41:59",39
"2018-08-04 18:41:59",39
"2018-08-04 19:42:00",39
"2018-08-04 20:41:59",39
"2018-08-04 21:41:58",39
"2018-08-04 22:41:58",39
"2018-08-04 23:42:00",39
"2018-08-05 00:41:58",39
"2018-08-05 01:41:59",39
"2018-08-05 02:42:00",39
"2018-08-05 03:41:59",39
"2018-08-05 04:41:58",39
"2018-08-05 05:41:59",39
"2018-08-05 06:41:59",39
"2018-08-05 07:41:59",39
"2018-08-05 08:41:59",39
"2018-08-05 09:41:58",39
"2018-08-05 10:41:59",39
"2018-08-05 11:41:59",39
"2018-08-05 12:41:59",39
"2018-08-05 13:41:59",39
"2018-08-05 14:41:59",39
"2018-08-05 15:41:59",39
"2018-08-05 16:42:00",39
"2018-08-05 17:41:59",39
"2018-08-05 18:41:59",39
"2018-08-05 19:41:59",39
"2018-08-05 20:41:59",39
"2018-08-05 21:41:59",39
"2018-08-05 22:41:58",39
"2018-08-05 23:41:59",39
"2018-08-06 00:41:59",39
"2018-08-06 01:41:58",39
"2018-08-06 02:41:59",39
"2018-08-06 03:41:59",39
"2018-08-06 04:41:58",39
"2018-08-06 05:41:59",39
"2018-08-06 06:41:59",39
"2018-08-06 07:41:59",39
"2018-08-06 08:41:59",39
"2018-08-06 09:41:59",39
"2018-08-06 10:41:59",39
"2018-08-06 11:41:58",39
"2018-08-06 12:41:59",39
"2018-08-06 13:42:01",39
"2018-08-06 14:42:00",38
"2018-08-06 15:41:59",38
"2018-08-06 16:42:17",38
"2018-08-06 17:42:01",38
"2018-08-06 18:42:01",38
"2018-08-06 19:41:59",38
"2018-08-06 20:41:59",38
"2018-08-06 21:42:01",38
"2018-08-06 22:41:59",38
"2018-08-06 23:42:00",38
"2018-08-07 00:42:00",38
"2018-08-07 01:42:00",38
"2018-08-07 02:42:00",38
"2018-08-07 03:42:00",38
"2018-08-07 04:42:00",38
"2018-08-07 05:42:00",38
"2018-08-07 06:41:59",38
"2018-08-07 07:41:59",38
"2018-08-07 08:41:59",38
"2018-08-07 09:41:59",38
"2018-08-07 10:41:59",38
"2018-08-07 11:41:59",38
"2018-08-07 12:41:59",38
"2018-08-07 13:42:03",38
"2018-08-07 14:42:00",38
"2018-08-07 15:42:00",38
"2018-08-07 16:41:59",38
"2018-08-07 17:42:01",39
"2018-08-07 18:42:00",39
"2018-08-07 19:42:01",39
"2018-08-07 20:41:59",39
"2018-08-07 21:41:59",39
"2018-08-07 22:42:00",39
"2018-08-07 23:41:59",39
"2018-08-08 00:41:59",39
"2018-08-08 01:42:01",39
"2018-08-08 02:42:00",39
"2018-08-08 03:42:00",39
"2018-08-08 04:41:59",39
"2018-08-08 05:42:00",39
"2018-08-08 06:42:00",39
"2018-08-08 07:42:00",39
"2018-08-08 08:42:00",39
"2018-08-08 09:42:00",39
"2018-08-08 10:42:00",39
"2018-08-08 11:42:00",39
"2018-08-08 12:42:00",39
"2018-08-08 13:42:02",39
"2018-08-08 14:42:01",39
"2018-08-08 15:42:02",39
"2018-08-08 16:42:02",40
"2018-08-08 17:42:01",40
"2018-08-08 18:42:00",40
"2018-08-08 19:42:01",40
"2018-08-08 20:42:00",40
"2018-08-08 21:42:00",40
"2018-08-08 22:42:00",40
"2018-08-08 23:42:00",40
"2018-08-10 00:20:17",40
"2018-08-10 00:42:03",40
"2018-08-10 01:42:03",40
"2018-08-10 02:42:02",40
"2018-08-10 03:42:00",40
"2018-08-10 04:42:02",40
"2018-08-10 05:42:06",40
"2018-08-10 06:42:04",40
"2018-08-10 07:42:05",40
"2018-08-10 08:42:05",40
"2018-08-10 09:42:04",40
"2018-08-10 10:42:04",40
"2018-08-10 11:42:04",40
"2018-08-10 12:42:03",40
"2018-08-10 13:42:06",40
"2018-08-10 14:42:05",40
"2018-08-10 15:42:05",40
"2018-08-10 16:42:05",40
"2018-08-10 17:42:04",40
"2018-08-10 18:42:04",40
"2018-08-10 19:42:04",40
"2018-08-10 20:42:04",40
"2018-08-10 21:42:05",40
"2018-08-10 22:42:03",40
"2018-08-10 23:42:05",40
"2018-08-11 00:42:04",40
"2018-08-11 01:42:04",40
"2018-08-11 02:42:05",40
"2018-08-11 03:42:05",40
"2018-08-11 04:42:04",40
"2018-08-11 05:42:05",40
"2018-08-11 06:42:04",40
"2018-08-11 07:42:04",40
"2018-08-11 08:42:03",40
"2018-08-11 09:42:04",40
"2018-08-11 10:42:04",40
"2018-08-11 11:42:04",40
"2018-08-11 12:42:04",40
"2018-08-11 13:42:04",40
"2018-08-11 14:42:04",40
"2018-08-11 15:42:04",40
"2018-08-11 16:42:04",40
"2018-08-11 17:42:04",40
"2018-08-11 18:42:04",40
"2018-08-11 19:42:04",40
"2018-08-11 20:42:04",40
"2018-08-11 21:42:04",40
"2018-08-11 22:42:04",40
"2018-08-11 23:42:05",40
"2018-08-12 00:42:04",40
"2018-08-12 01:42:04",40
"2018-08-12 02:42:04",40
"2018-08-12 03:42:04",40
"2018-08-12 04:42:04",40
"2018-08-12 05:42:04",40
"2018-08-12 06:42:03",40
"2018-08-12 07:42:03",40
"2018-08-12 08:42:04",40
"2018-08-12 09:42:03",40
"2018-08-12 10:42:03",40
"2018-08-12 11:42:04",40
"2018-08-12 12:42:04",40
"2018-08-12 13:42:05",40
"2018-08-12 14:42:05",40
"2018-08-12 15:42:05",40
"2018-08-12 16:42:05",40
"2018-08-12 17:42:04",40
"2018-08-12 18:42:04",40
"2018-08-12 19:42:05",40
"2018-08-12 20:42:05",40
"2018-08-12 21:42:04",40
"2018-08-12 22:42:04",40
"2018-08-12 23:42:04",40
"2018-08-13 00:42:04",40
"2018-08-13 01:42:04",40
"2018-08-13 02:42:05",40
"2018-08-13 03:42:04",40
"2018-08-13 04:42:05",40
"2018-08-13 05:42:04",40
"2018-08-13 06:42:04",40
"2018-08-13 07:42:04",40
"2018-08-13 08:42:05",40
"2018-08-13 09:42:05",40
"2018-08-13 10:42:04",40
"2018-08-13 11:42:04",40
"2018-08-13 12:42:04",40
"2018-08-13 13:42:06",40
"2018-08-13 14:42:05",40
"2018-08-13 15:42:06",40
"2018-08-13 16:42:05",40
"2018-08-13 17:42:04",40
"2018-08-13 18:42:04",40
"2018-08-13 19:42:05",40
"2018-08-13 20:42:04",40
"2018-08-13 21:42:05",40
"2018-08-13 22:42:04",40
"2018-08-13 23:42:04",40
"2018-08-14 00:42:04",40
"2018-08-14 01:42:05",40
"2018-08-14 02:42:04",40
"2018-08-14 03:42:04",40
"2018-08-14 04:42:05",40
"2018-08-14 05:42:04",40
"2018-08-14 06:42:05",40
"2018-08-14 07:42:05",40
"2018-08-14 08:42:05",40
"2018-08-14 09:42:04",40
"2018-08-14 10:42:05",40
"2018-08-14 11:42:04",40
"2018-08-14 12:42:04",40
"2018-08-14 13:42:06",40
"2018-08-14 14:42:05",40
"2018-08-14 15:42:05",40
"2018-08-14 16:42:05",40
"2018-08-14 17:42:03",40
"2018-08-14 18:42:04",40
"2018-08-14 19:42:05",40
"2018-08-14 20:42:05",40
"2018-08-14 21:42:04",40
"2018-08-14 22:42:04",40
"2018-08-14 23:42:04",40
"2018-08-15 00:42:04",40
"2018-08-15 01:42:05",40
"2018-08-15 02:42:05",40
"2018-08-15 03:42:05",40
"2018-08-15 04:42:05",40
"2018-08-15 05:42:04",40
"2018-08-15 06:42:05",40
"2018-08-15 07:42:03",40
"2018-08-15 08:42:04",40
"2018-08-15 09:42:04",40
"2018-08-15 10:42:05",40
"2018-08-15 11:42:04",40
"2018-08-15 12:42:04",40
"2018-08-15 14:07:39",40
"2018-08-15 14:42:05",40
"2018-08-15 15:42:05",40
"2018-08-15 16:42:06",40
"2018-08-15 17:42:04",40
"2018-08-15 18:42:04",40
"2018-08-15 19:42:05",40
"2018-08-15 20:42:05",40
"2018-08-15 21:42:05",40
"2018-08-15 22:42:05",40
"2018-08-15 23:42:06",40
"2018-08-16 00:42:06",40
"2018-08-16 01:42:05",40
"2018-08-16 02:42:06",40
"2018-08-16 03:42:07",40
"2018-08-16 04:42:06",40
"2018-08-16 05:42:05",40
"2018-08-16 06:42:05",40
"2018-08-16 07:42:06",40
"2018-08-16 08:42:05",40
"2018-08-16 09:42:05",40
"2018-08-16 10:42:05",40
"2018-08-16 11:42:04",40
"2018-08-16 12:42:04",40
"2018-08-16 13:42:06",40
"2018-08-16 14:42:05",40
"2018-08-16 15:42:06",40
"2018-08-16 16:42:05",40
"2018-08-16 17:42:05",40
"2018-08-16 18:42:04",40
"2018-08-16 19:42:05",40
"2018-08-16 20:42:05",40
"2018-08-16 21:42:05",40
"2018-08-16 22:42:04",40
"2018-08-16 23:42:04",40
"2018-08-17 00:42:04",40
"2018-08-17 01:42:04",40
"2018-08-17 02:42:05",40
"2018-08-17 03:42:05",40
"2018-08-17 04:42:06",40
"2018-08-17 05:42:04",40
"2018-08-17 06:42:04",40
"2018-08-17 07:42:04",40
"2018-08-17 08:42:05",40
"2018-08-17 09:42:04",40
"2018-08-17 10:42:04",40
"2018-08-17 11:42:04",40
"2018-08-17 12:42:04",40
"2018-08-17 13:42:06",40
"2018-08-17 14:42:05",39
"2018-08-17 15:42:06",39
"2018-08-17 16:42:04",39
"2018-08-17 17:42:04",39
"2018-08-17 18:42:05",39
"2018-08-17 19:42:05",39
"2018-08-17 20:42:04",39
"2018-08-17 21:42:04",39
"2018-08-17 22:42:04",39
"2018-08-17 23:42:04",39
"2018-08-18 00:42:05",39
"2018-08-18 01:42:05",39
"2018-08-18 02:42:05",39
"2018-08-18 03:42:05",39
"2018-08-18 04:42:05",39
"2018-08-18 05:42:04",39
"2018-08-18 06:42:05",39
"2018-08-18 07:42:04",39
"2018-08-18 08:42:04",39
"2018-08-18 09:42:04",39
"2018-08-18 10:42:03",39
"2018-08-18 11:42:04",39
"2018-08-18 12:42:05",39
"2018-08-18 13:42:05",39
"2018-08-18 14:42:05",39
"2018-08-18 15:42:05",39
"2018-08-18 16:42:05",39
"2018-08-18 17:42:05",39
"2018-08-18 18:42:04",39
"2018-08-18 19:42:04",39
"2018-08-18 20:42:05",39
"2018-08-18 21:42:04",39
"2018-08-18 22:42:04",39
"2018-08-18 23:42:04",39
"2018-08-19 00:42:04",39
"2018-08-19 01:42:04",39
"2018-08-19 02:42:04",39
"2018-08-19 03:42:04",39
"2018-08-19 04:42:05",39
"2018-08-19 05:42:04",39
"2018-08-19 06:42:04",39
"2018-08-19 07:42:04",39
"2018-08-19 08:42:04",39
"2018-08-19 09:42:04",39
"2018-08-19 10:42:04",39
"2018-08-19 11:42:04",39
"2018-08-19 12:42:05",39
"2018-08-19 13:42:04",39
"2018-08-19 14:42:04",39
"2018-08-19 15:42:05",39
"2018-08-19 16:42:04",39
"2018-08-19 17:42:05",39
"2018-08-19 18:42:05",39
"2018-08-19 19:42:04",39
"2018-08-19 20:42:05",39
"2018-08-19 21:42:06",39
"2018-08-19 22:42:05",39
"2018-08-19 23:42:04",39
"2018-08-20 00:42:05",39
"2018-08-20 01:42:05",39
"2018-08-20 02:42:04",39
"2018-08-20 03:42:04",39
"2018-08-20 04:42:04",39
"2018-08-20 05:42:04",39
"2018-08-20 06:42:05",39
"2018-08-20 07:42:04",39
"2018-08-20 08:42:08",39
"2018-08-20 09:42:04",39
"2018-08-20 10:42:04",39
"2018-08-20 11:42:05",39
"2018-08-20 12:42:04",39
"2018-08-20 13:42:07",39
"2018-08-20 14:42:08",38
"2018-08-20 15:42:05",38
"2018-08-20 16:42:05",39
"2018-08-20 17:42:04",39
"2018-08-20 18:42:05",39
"2018-08-20 19:42:05",39
"2018-08-20 20:42:04",39
"2018-08-20 21:42:04",39
"2018-08-20 22:42:04",39
"2018-08-20 23:42:04",39
"2018-08-21 00:42:05",39
"2018-08-21 01:42:05",39
"2018-08-21 02:42:05",39
"2018-08-21 03:42:05",39
"2018-08-21 04:42:04",39
"2018-08-21 05:42:04",39
"2018-08-21 06:42:05",39
"2018-08-21 07:42:03",39
"2018-08-21 08:42:05",39
"2018-08-21 09:42:04",39
"2018-08-21 10:42:05",39
"2018-08-21 11:42:04",39
"2018-08-21 12:42:04",39
"2018-08-21 13:42:08",39
"2018-08-21 14:42:05",39
"2018-08-21 15:42:05",39
"2018-08-21 16:42:04",39
"2018-08-21 17:42:03",39
"2018-08-21 18:42:04",39
"2018-08-21 19:42:04",39
"2018-08-21 20:42:04",39
"2018-08-21 21:42:03",39
"2018-08-21 22:42:04",39
"2018-08-21 23:42:04",39
"2018-08-22 00:42:04",39
"2018-08-22 01:42:04",39
"2018-08-22 02:42:04",39
"2018-08-22 03:42:04",39
"2018-08-22 04:42:04",39
"2018-08-22 05:42:03",39
"2018-08-22 06:42:03",39
"2018-08-22 07:42:04",39
"2018-08-22 08:42:03",39
"2018-08-22 09:42:04",39
"2018-08-22 10:42:04",39
"2018-08-22 11:42:04",39
"2018-08-22 12:42:03",39
"2018-08-22 13:42:09",39
"2018-08-22 14:42:03",39
"2018-08-22 15:42:03",39
"2018-08-22 16:42:04",39
"2018-08-22 17:42:03",39
"2018-08-22 18:42:04",39
"2018-08-22 19:42:04",39
"2018-08-22 20:42:02",39
"2018-08-22 21:42:03",39
"2018-08-22 22:42:04",39
"2018-08-22 23:42:03",39
"2018-08-23 00:42:03",39
"2018-08-23 01:42:04",39
"2018-08-23 02:42:04",39
"2018-08-23 03:42:04",39
"2018-08-23 04:42:04",39
"2018-08-23 05:42:04",39
"2018-08-23 06:42:03",39
"2018-08-23 07:42:04",39
"2018-08-23 08:42:03",39
"2018-08-23 09:42:03",39
"2018-08-23 10:42:03",39
"2018-08-23 11:42:03",39
"2018-08-23 12:42:04",39
"2018-08-23 13:42:07",39
"2018-08-23 14:42:04",39
"2018-08-23 15:42:05",39
"2018-08-23 16:42:05",39
"2018-08-23 17:42:03",39
"2018-08-23 18:42:05",39
"2018-08-23 19:42:04",39
"2018-08-23 20:42:04",40
"2018-08-23 21:42:03",40
"2018-08-23 22:42:03",40
"2018-08-23 23:42:04",40
"2018-08-24 00:42:04",40
"2018-08-24 01:42:04",40
"2018-08-24 02:42:03",40
"2018-08-24 03:42:03",40
"2018-08-24 20:00:23",39
"2018-08-24 20:42:04",39
"2018-08-24 21:42:04",39
"2018-08-24 22:42:04",39
"2018-08-24 23:42:03",39
"2018-08-25 00:42:04",39
"2018-08-25 01:42:04",39
"2018-08-25 02:42:04",39
"2018-08-25 03:42:04",39
"2018-08-25 04:42:04",39
"2018-08-25 05:42:04",39
"2018-08-25 06:42:03",39
"2018-08-25 07:42:03",39
"2018-08-25 08:42:04",39
"2018-08-25 09:42:03",39
"2018-08-25 10:42:04",39
"2018-08-25 11:42:03",39
"2018-08-25 12:42:04",39
"2018-08-25 13:42:05",39
"2018-08-25 14:42:04",39
"2018-08-25 15:42:04",39
"2018-08-25 16:42:04",39
"2018-08-25 17:42:05",39
"2018-08-25 18:42:04",39
"2018-08-25 19:42:04",39
"2018-08-25 20:42:04",39
"2018-08-25 21:42:04",39
"2018-08-25 22:42:04",39
"2018-08-25 23:42:04",39
"2018-08-26 00:42:04",39
"2018-08-26 01:42:04",39
"2018-08-26 02:42:04",39
"2018-08-26 03:42:04",39
"2018-08-26 04:42:03",39
"2018-08-26 05:42:03",39
"2018-08-26 06:42:04",39
"2018-08-26 07:42:04",39
"2018-08-26 08:42:03",39
"2018-08-26 09:42:03",39
"2018-08-26 10:42:04",39
"2018-08-26 11:42:04",39
"2018-08-26 12:42:04",39
"2018-08-26 13:42:04",39
"2018-08-26 14:42:03",39
"2018-08-26 15:42:03",39
"2018-08-26 16:42:03",39
"2018-08-26 17:42:03",39
"2018-08-26 18:42:03",39
"2018-08-26 19:42:03",39
"2018-08-26 20:42:04",39
"2018-08-26 21:42:03",39
"2018-08-26 22:42:04",39
"2018-08-26 23:42:04",39
"2018-08-27 00:42:04",39
"2018-08-27 01:42:04",39
"2018-08-27 02:42:03",39
"2018-08-27 03:42:04",39
"2018-08-27 04:42:04",39
"2018-08-27 05:42:04",39
"2018-08-27 06:42:04",39
"2018-08-27 07:42:03",39
"2018-08-27 08:42:04",39
"2018-08-27 09:42:03",39
"2018-08-27 10:42:04",39
"2018-08-27 11:42:03",39
"2018-08-27 12:42:04",39
"2018-08-27 14:06:07",39
"2018-08-27 14:42:05",39
"2018-08-27 15:42:05",41
"2018-08-27 16:42:04",40
"2018-08-27 17:42:05",40
"2018-08-27 18:42:04",39
"2018-08-27 19:42:05",39
"2018-08-27 20:42:04",39
"2018-08-27 21:42:04",39
"2018-08-27 22:42:04",39
"2018-08-27 23:42:04",39
"2018-08-28 00:42:04",39
"2018-08-28 01:42:04",39
"2018-08-28 02:42:03",39
"2018-08-28 03:42:03",39
"2018-08-28 04:42:04",39
"2018-08-28 05:42:03",39
"2018-08-28 06:42:04",39
"2018-08-28 07:42:03",39
"2018-08-28 08:42:03",39
"2018-08-28 09:42:04",39
"2018-08-28 10:42:04",39
"2018-08-28 11:42:04",39
"2018-08-28 12:42:04",39
"2018-08-28 13:42:18",39
"2018-08-28 14:42:15",39
"2018-08-28 15:42:16",39
"2018-08-28 16:42:16",39
"2018-08-28 17:42:16",39
"2018-08-28 18:42:17",39
"2018-08-28 19:42:16",39
"2018-08-28 20:42:15",39
"2018-08-28 21:42:16",39
"2018-08-28 22:42:16",39
"2018-08-28 23:42:15",39
"2018-08-29 00:42:16",39
"2018-08-29 01:42:16",39
"2018-08-29 02:42:15",39
"2018-08-29 03:42:15",39
"2018-08-29 04:42:15",39
"2018-08-29 05:42:15",39
"2018-08-29 06:42:14",39
"2018-08-29 07:42:15",39
"2018-08-29 08:42:15",39
"2018-08-29 09:42:15",39
"2018-08-29 10:42:14",39
"2018-08-29 11:42:14",39
"2018-08-29 12:42:15",39
"2018-08-29 14:05:53",39
"2018-08-29 14:42:18",39
"2018-08-29 15:42:16",39
"2018-08-29 16:42:16",39
"2018-08-29 17:42:18",39
"2018-08-29 18:42:19",39
"2018-08-29 19:42:17",39
"2018-08-29 20:42:16",39
"2018-08-29 21:42:16",39
"2018-08-29 22:42:16",39
"2018-08-29 23:42:16",39
"2018-08-30 00:43:02",39
"2018-08-30 01:43:01",39
"2018-08-30 02:42:17",39
"2018-08-30 03:42:17",39
"2018-08-30 04:42:16",39
"2018-08-30 05:42:16",39
"2018-08-30 06:42:16",39
"2018-08-30 07:42:16",39
"2018-08-30 08:42:21",39
"2018-08-30 09:42:16",39
"2018-08-30 10:42:17",39
"2018-08-30 11:42:16",39
"2018-08-30 12:42:16",39
"2018-08-30 13:42:20",39
"2018-08-30 14:42:17",39
"2018-08-30 15:42:16",39
"2018-08-30 16:42:16",39
"2018-08-30 17:42:16",39
"2018-08-30 18:42:18",39
"2018-08-30 19:42:17",39
"2018-08-30 20:42:15",39
"2018-08-30 21:42:16",39
"2018-08-30 22:42:16",39
"2018-08-30 23:42:16",39
"2018-08-31 00:42:17",39
"2018-08-31 01:42:16",39
"2018-08-31 02:42:16",39
"2018-08-31 03:42:17",39
"2018-08-31 04:42:16",39
"2018-08-31 05:42:16",39
"2018-08-31 06:42:17",39
"2018-08-31 07:42:16",39
"2018-08-31 08:42:16",39
"2018-08-31 09:42:17",39
"2018-08-31 10:42:16",39
"2018-08-31 11:42:17",39
"2018-08-31 12:42:17",39
"2018-08-31 13:42:19",39
"2018-08-31 14:42:17",38
"2018-08-31 15:42:17",38
"2018-08-31 16:42:16",39
"2018-08-31 17:42:17",39
"2018-08-31 18:42:17",39
"2018-08-31 19:42:17",39
"2018-08-31 20:42:17",39
"2018-08-31 21:42:16",39
"2018-08-31 22:42:16",39
"2018-08-31 23:42:16",39
"2018-09-01 00:42:16",39
"2018-09-01 01:42:16",39
"2018-09-01 02:42:17",39
"2018-09-01 03:42:16",39
"2018-09-01 04:42:17",39
"2018-09-01 05:42:17",39
"2018-09-01 06:42:17",39
"2018-09-01 07:42:17",39
"2018-09-01 08:42:16",39
"2018-09-01 09:42:16",39
"2018-09-01 10:42:16",39
"2018-09-01 11:42:16",39
"2018-09-01 12:42:16",39
"2018-09-01 13:42:17",39
"2018-09-01 14:42:18",39
"2018-09-01 15:42:16",39
"2018-09-01 16:42:16",39
"2018-09-01 17:42:15",39
"2018-09-01 18:42:17",39
"2018-09-01 19:42:16",39
"2018-09-01 20:42:16",39
"2018-09-01 21:42:16",39
"2018-09-01 22:42:17",39
"2018-09-01 23:42:16",39
"2018-09-02 00:42:16",39
"2018-09-02 01:42:16",39
"2018-09-02 02:42:16",39
"2018-09-02 03:42:18",39
"2018-09-02 04:42:17",39
"2018-09-02 05:42:17",39
"2018-09-02 06:42:16",39
"2018-09-02 07:42:16",39
"2018-09-02 08:42:16",39
"2018-09-02 09:42:15",39
"2018-09-02 10:42:15",39
"2018-09-02 11:42:16",39
"2018-09-02 12:42:16",39
"2018-09-02 13:42:17",39
"2018-09-02 14:42:17",39
"2018-09-02 15:42:17",39
"2018-09-02 16:42:17",39
"2018-09-02 17:42:17",39
"2018-09-02 18:42:16",39
"2018-09-02 19:42:16",39
"2018-09-02 20:42:16",39
"2018-09-02 21:42:17",39
"2018-09-02 22:42:17",39
"2018-09-02 23:42:17",39
"2018-09-03 00:42:16",39
"2018-09-03 01:42:17",39
"2018-09-03 02:42:17",39
"2018-09-03 03:42:16",39
"2018-09-03 04:42:17",39
"2018-09-03 05:42:16",39
"2018-09-03 06:42:16",39
"2018-09-03 07:42:16",39
"2018-09-03 08:42:20",39
"2018-09-03 09:42:17",39
"2018-09-03 10:42:16",39
"2018-09-03 11:42:17",39
"2018-09-03 12:42:15",39
"2018-09-03 13:42:17",39
"2018-09-03 14:42:16",39
"2018-09-03 15:42:15",39
"2018-09-03 16:42:16",39
"2018-09-03 17:42:16",39
"2018-09-03 18:42:17",39
"2018-09-03 19:42:15",39
"2018-09-03 20:42:17",39
"2018-09-03 21:42:15",39
"2018-09-03 22:42:16",39
"2018-09-03 23:42:15",39
"2018-09-04 00:42:16",39
"2018-09-04 01:42:17",39
"2018-09-04 02:42:16",39
"2018-09-04 03:42:17",39
"2018-09-04 04:42:16",39
"2018-09-04 05:42:16",39
"2018-09-04 06:42:16",39
"2018-09-04 07:42:18",39
"2018-09-04 08:42:17",39
"2018-09-04 09:42:16",39
"2018-09-04 10:42:17",39
"2018-09-04 11:42:15",39
"2018-09-04 12:42:16",39
"2018-09-04 13:42:20",39
"2018-09-04 14:42:18",39
"2018-09-04 15:42:17",37
"2018-09-04 16:42:17",37
"2018-09-04 17:42:17",37
"2018-09-04 18:42:18",37
"2018-09-04 19:42:18",37
"2018-09-04 20:42:17",37
"2018-09-04 21:42:16",37
"2018-09-04 22:42:17",37
"2018-09-04 23:42:16",37
"2018-09-05 00:42:16",37
"2018-09-05 01:42:17",37
"2018-09-05 02:42:17",37
"2018-09-05 03:42:15",37
"2018-09-05 04:42:16",37
"2018-09-05 05:42:16",37
"2018-09-05 06:42:16",37
"2018-09-05 07:42:17",37
"2018-09-05 08:42:16",37
"2018-09-05 09:42:16",37
"2018-09-05 10:42:16",37
"2018-09-05 11:42:20",37
"2018-09-05 12:42:15",37
"2018-09-05 13:42:23",37
"2018-09-05 14:42:19",37
"2018-09-05 15:42:17",37
"2018-09-05 16:42:18",37
"2018-09-05 17:42:18",37
"2018-09-05 18:42:18",37
"2018-09-05 19:42:18",37
"2018-09-05 20:42:16",37
"2018-09-05 21:42:16",37
"2018-09-05 22:42:16",37
"2018-09-05 23:42:17",37
"2018-09-06 00:42:17",37
"2018-09-06 01:42:16",37
"2018-09-06 02:42:17",37
"2018-09-06 03:42:17",37
"2018-09-06 04:42:17",37
"2018-09-06 05:42:18",37
"2018-09-06 06:42:16",37
"2018-09-06 07:42:16",37
"2018-09-06 08:42:17",37
"2018-09-06 09:42:16",37
"2018-09-06 10:42:16",37
"2018-09-06 11:42:16",37
"2018-09-06 13:07:20",37
"2018-09-06 13:42:22",37
"2018-09-06 14:42:16",37
"2018-09-06 15:42:17",36
"2018-09-06 16:42:17",36
"2018-09-06 17:42:17",36
"2018-09-06 18:42:17",36
"2018-09-06 19:42:17",36
"2018-09-06 20:42:16",36
"2018-09-06 21:42:15",36
"2018-09-06 22:42:16",36
"2018-09-06 23:42:17",36
"2018-09-07 00:42:16",36
"2018-09-07 01:42:17",36
"2018-09-07 02:42:17",36
"2018-09-07 03:42:16",36
"2018-09-07 04:42:16",36
"2018-09-07 05:42:19",36
"2018-09-07 06:42:18",36
"2018-09-07 08:42:18",36
"2018-09-07 09:42:18",36
"2018-09-07 10:42:18",36
"2018-09-07 11:42:17",36
"2018-09-07 12:42:16",36
"2018-09-07 13:42:21",36
"2018-09-07 14:42:17",36
"2018-09-07 15:42:17",37
"2018-09-07 16:42:18",37
"2018-09-07 17:42:17",37
"2018-09-07 18:42:16",37
"2018-09-07 19:42:16",37
"2018-09-07 20:42:16",37
"2018-09-07 21:42:16",37
"2018-09-07 22:42:16",37
"2018-09-07 23:42:16",37
"2018-09-08 00:42:17",37
"2018-09-08 01:42:16",37
"2018-09-08 02:42:17",37
"2018-09-08 03:42:17",37
"2018-09-08 04:42:16",37
"2018-09-08 05:42:16",37
"2018-09-08 06:42:16",37
"2018-09-08 07:42:16",37
"2018-09-08 08:42:16",37
"2018-09-08 09:42:15",37
"2018-09-08 10:42:15",37
"2018-09-08 11:42:16",37
"2018-09-08 12:42:17",37
"2018-09-08 13:42:17",37
"2018-09-08 14:42:16",37
"2018-09-08 15:42:16",37
"2018-09-08 16:42:16",37
"2018-09-08 17:42:17",37
"2018-09-08 18:42:16",37
"2018-09-08 19:42:16",37
"2018-09-08 20:42:16",37
"2018-09-08 21:42:16",37
"2018-09-08 22:42:16",37
"2018-09-08 23:42:17",37
"2018-09-09 00:42:16",37
"2018-09-09 01:42:17",37
"2018-09-09 02:42:17",37
"2018-09-09 03:42:16",37
"2018-09-09 04:42:16",37
"2018-09-09 05:42:16",37
"2018-09-09 06:42:16",37
"2018-09-09 07:42:16",37
"2018-09-09 08:42:17",37
"2018-09-09 09:42:16",37
"2018-09-09 10:42:16",37
"2018-09-09 11:42:17",37
"2018-09-09 12:42:16",37
"2018-09-09 13:42:17",37
"2018-09-09 14:42:17",37
"2018-09-09 15:42:16",37
"2018-09-09 16:42:16",37
"2018-09-09 17:42:16",37
"2018-09-09 18:42:17",37
"2018-09-09 19:42:16",37
"2018-09-09 20:42:16",37
"2018-09-09 21:42:17",37
"2018-09-09 22:42:15",37
"2018-09-09 23:42:16",37
"2018-09-10 00:42:17",37
"2018-09-10 01:42:18",37
"2018-09-10 02:42:17",37
"2018-09-10 03:42:17",37
"2018-09-10 04:42:17",37
"2018-09-10 05:42:16",37
"2018-09-10 06:42:16",37
"2018-09-10 07:42:15",37
"2018-09-10 08:42:15",37
"2018-09-10 09:42:16",37
"2018-09-10 10:42:16",37
"2018-09-10 11:42:16",37
"2018-09-10 12:42:16",37
"2018-09-10 13:42:20",37
"2018-09-10 14:42:17",37
"2018-09-10 15:42:18",37
"2018-09-10 16:42:18",37
"2018-09-10 17:42:17",36
"2018-09-10 18:42:18",36
"2018-09-10 19:42:16",35
"2018-09-10 20:42:17",35
"2018-09-10 21:42:15",35
"2018-09-10 22:42:17",35
"2018-09-10 23:42:16",35
"2018-09-11 00:42:17",35
"2018-09-11 01:42:17",35
"2018-09-11 02:42:17",35
"2018-09-11 03:42:17",35
"2018-09-11 04:42:16",35
"2018-09-11 05:42:17",35
"2018-09-11 06:42:17",35
"2018-09-11 07:42:17",35
"2018-09-11 08:42:16",35
"2018-09-11 09:42:16",35
"2018-09-11 10:42:16",35
"2018-09-11 11:42:16",35
"2018-09-11 12:42:16",35
"2018-09-11 13:42:20",35
"2018-09-11 14:42:17",35
"2018-09-11 15:42:16",35
"2018-09-11 16:42:16",34
"2018-09-11 17:42:17",35
"2018-09-11 18:42:17",35
"2018-09-11 19:42:17",35
"2018-09-11 20:42:16",35
"2018-09-11 21:42:16",35
"2018-09-11 22:42:15",35
"2018-09-11 23:42:17",35
"2018-09-12 00:42:17",35
"2018-09-12 01:42:18",35
"2018-09-12 20:42:19",35
"2018-09-12 21:42:17",35
"2018-09-12 22:42:17",35
"2018-09-12 23:42:17",35
"2018-09-13 00:42:17",35
"2018-09-13 01:42:17",35
"2018-09-13 02:42:22",35
"2018-09-13 03:42:17",35
"2018-09-13 04:42:17",35
"2018-09-13 05:42:18",35
"2018-09-13 06:42:17",35
"2018-09-13 07:42:17",35
"2018-09-13 08:42:17",35
"2018-09-13 09:42:16",35
"2018-09-13 10:42:17",35
"2018-09-13 11:42:17",35
"2018-09-13 12:42:17",35
"2018-09-13 14:42:19",35
"2018-09-13 15:42:18",35
"2018-09-13 16:42:18",35
"2018-09-13 17:42:17",35
"2018-09-13 18:42:18",34
"2018-09-13 19:42:18",34
"2018-09-13 20:42:17",34
"2018-09-13 21:42:17",34
"2018-09-13 22:42:17",34
"2018-09-13 23:42:17",34
"2018-09-14 00:42:18",34
"2018-09-14 01:42:18",34
"2018-09-14 02:42:18",34
"2018-09-14 03:42:18",34
"2018-09-14 04:42:18",34
"2018-09-14 05:42:18",34
"2018-09-14 06:42:17",34
"2018-09-14 07:42:18",34
"2018-09-14 08:42:21",34
"2018-09-14 09:42:18",34
"2018-09-14 10:42:18",34
"2018-09-14 11:42:17",34
"2018-09-14 12:42:18",34
"2018-09-14 13:42:23",34
"2018-09-14 14:42:21",34
"2018-09-14 15:42:21",34
"2018-09-14 16:42:18",34
"2018-09-14 17:42:19",34
"2018-09-14 18:42:18",34
"2018-09-14 19:42:18",34
"2018-09-14 20:42:17",34
"2018-09-14 21:42:17",34
"2018-09-14 22:42:17",34
"2018-09-14 23:42:17",34
"2018-09-15 00:42:18",34
"2018-09-15 01:42:18",34
"2018-09-15 02:42:18",34
"2018-09-15 03:42:17",34
"2018-09-15 04:42:17",34
"2018-09-15 05:42:17",34
"2018-09-15 06:42:16",34
"2018-09-15 07:42:18",34
"2018-09-15 08:42:16",34
"2018-09-15 09:42:17",34
"2018-09-15 10:42:17",34
"2018-09-15 11:42:17",34
"2018-09-15 12:42:18",34
"2018-09-15 13:42:18",34
"2018-09-15 14:42:17",34
"2018-09-15 15:42:17",34
"2018-09-15 16:42:17",34
"2018-09-15 17:42:16",34
"2018-09-15 18:42:16",34
"2018-09-15 19:42:17",34
"2018-09-15 20:42:18",34
"2018-09-15 21:42:16",34
"2018-09-15 22:42:17",34
"2018-09-15 23:42:16",34
"2018-09-16 00:42:17",34
"2018-09-16 01:42:17",34
"2018-09-16 02:42:18",34
"2018-09-16 03:42:17",34
"2018-09-16 04:42:18",34
"2018-09-16 05:42:17",34
"2018-09-16 06:42:18",34
"2018-09-16 07:42:17",34
"2018-09-16 08:42:17",34
"2018-09-16 09:42:17",34
"2018-09-16 10:42:17",34
"2018-09-16 11:42:17",34
"2018-09-16 12:42:17",34
"2018-09-16 13:42:17",34
"2018-09-16 14:42:17",34
"2018-09-16 15:42:18",34
"2018-09-16 16:42:18",34
"2018-09-16 17:42:17",34
"2018-09-16 18:42:18",34
"2018-09-16 19:42:16",34
"2018-09-16 20:42:17",34
"2018-09-16 21:42:17",34
"2018-09-16 22:42:17",34
"2018-09-16 23:42:17",34
"2018-09-17 00:42:18",34
"2018-09-17 01:42:17",34
"2018-09-17 02:42:17",34
"2018-09-17 03:42:17",34
"2018-09-17 04:42:18",34
"2018-09-17 05:42:17",34
"2018-09-17 06:42:17",34
"2018-09-17 07:42:17",34
"2018-09-17 08:42:18",34
"2018-09-17 09:42:17",34
"2018-09-17 10:42:18",34
"2018-09-17 11:42:17",34
"2018-09-17 12:42:16",34
"2018-09-17 13:42:22",34
"2018-09-17 14:42:18",34
"2018-09-17 15:42:23",34
"2018-09-17 16:42:18",34
"2018-09-17 17:42:17",34
"2018-09-17 18:42:17",34
"2018-09-17 19:42:18",34
"2018-09-17 20:42:17",34
"2018-09-17 21:42:17",34
"2018-09-17 22:42:17",34
"2018-09-17 23:42:17",34
"2018-09-18 00:42:17",34
"2018-09-18 01:42:17",34
"2018-09-18 02:42:17",34
"2018-09-18 03:42:17",34
"2018-09-18 04:42:18",34
"2018-09-18 05:42:17",34
"2018-09-18 06:42:18",34
"2018-09-18 07:42:17",34
"2018-09-18 08:42:17",34
"2018-09-18 09:42:17",34
"2018-09-18 10:42:16",34
"2018-09-18 11:42:16",34
"2018-09-18 12:42:18",34
"2018-09-18 13:42:21",34
"2018-09-18 14:42:19",34
"2018-09-18 15:42:18",34
"2018-09-18 16:42:20",34
"2018-09-18 17:42:20",34
"2018-09-18 18:42:20",34
"2018-09-18 19:42:21",34
"2018-09-18 20:42:18",34
"2018-09-18 21:42:18",34
"2018-09-18 22:42:18",34
"2018-09-18 23:42:19",34
"2018-09-19 00:42:19",34
"2018-09-19 01:42:19",34
"2018-09-19 02:42:19",34
"2018-09-19 03:42:18",34
"2018-09-19 04:42:18",34
"2018-09-19 05:42:18",34
"2018-09-19 06:42:19",34
"2018-09-19 07:42:18",34
"2018-09-19 08:42:18",34
"2018-09-19 09:42:18",34
"2018-09-19 10:42:17",34
"2018-09-19 11:42:16",34
"2018-09-19 12:42:18",34
"2018-09-19 13:43:05",34
"2018-09-19 14:42:23",34
"2018-09-19 15:42:22",34
"2018-09-19 16:42:19",33
"2018-09-19 17:42:19",33
"2018-09-19 18:42:19",33
"2018-09-19 19:42:26",33
"2018-09-19 20:42:19",33
"2018-09-19 21:42:19",33
"2018-09-19 22:42:18",33
"2018-09-19 23:42:19",33
"2018-09-20 00:42:19",33
"2018-09-20 01:42:21",33
"2018-09-20 02:42:20",33
"2018-09-20 03:42:23",33
"2018-09-20 04:42:19",33
"2018-09-20 05:42:19",33
"2018-09-20 06:42:19",33
"2018-09-20 07:42:17",33
"2018-09-20 08:42:20",33
"2018-09-20 09:42:18",33
"2018-09-20 10:42:19",33
"2018-09-20 11:42:18",33
"2018-09-20 13:08:24",33
"2018-09-20 14:42:23",33
"2018-09-20 15:42:20",33
"2018-09-20 16:42:20",33
"2018-09-20 17:42:18",33
"2018-09-20 18:42:19",33
"2018-09-20 19:42:20",33
"2018-09-20 20:42:19",33
"2018-09-20 21:42:18",33
"2018-09-20 22:42:18",33
"2018-09-20 23:42:19",33
"2018-09-21 00:42:20",33
"2018-09-21 01:42:19",33
"2018-09-21 02:42:19",33
"2018-09-21 03:42:19",33
"2018-09-21 04:42:21",33
"2018-09-21 05:42:49",33
"2018-09-21 06:42:19",33
"2018-09-21 07:42:19",33
"2018-09-21 08:42:18",33
"2018-09-21 09:42:18",33
"2018-09-21 10:42:18",33
"2018-09-21 11:42:19",33
"2018-09-21 13:09:52",33
"2018-09-21 13:42:24",33
"2018-09-21 14:42:19",33
"2018-09-21 15:42:21",33
"2018-09-21 16:42:20",33
"2018-09-21 17:42:19",33
"2018-09-21 18:42:19",33
"2018-09-21 19:42:21",33
"2018-09-21 20:42:18",33
"2018-09-21 21:42:18",33
"2018-09-21 22:42:17",33
"2018-09-21 23:42:19",33
"2018-09-22 00:42:18",33
"2018-09-22 01:42:18",33
"2018-09-22 02:42:18",33
"2018-09-22 03:42:18",33
"2018-09-22 04:42:19",33
"2018-09-22 05:42:19",33
"2018-09-22 06:42:18",33
"2018-09-22 07:42:18",33
"2018-09-22 08:42:17",33
"2018-09-22 09:42:18",33
"2018-09-22 10:42:18",33
"2018-09-22 11:42:18",33
"2018-09-22 12:42:18",33
"2018-09-22 13:42:19",33
"2018-09-22 14:42:19",33
"2018-09-22 15:42:19",33
"2018-09-22 16:42:18",33
"2018-09-22 17:42:19",33
"2018-09-22 18:42:19",33
"2018-09-22 19:42:19",33
"2018-09-22 20:42:18",33
"2018-09-22 21:42:18",33
"2018-09-22 22:42:18",33
"2018-09-22 23:42:18",33
"2018-09-23 00:42:19",33
"2018-09-23 01:42:19",33
"2018-09-23 02:42:18",33
"2018-09-23 03:42:19",33
"2018-09-23 04:42:20",33
"2018-09-23 05:42:18",33
"2018-09-23 06:42:18",33
"2018-09-23 07:42:19",33
"2018-09-23 08:42:18",33
"2018-09-23 09:42:18",33
"2018-09-23 10:42:18",33
"2018-09-23 11:42:19",33
"2018-09-23 12:42:18",33
"2018-09-23 13:42:19",33
"2018-09-23 14:42:19",33
"2018-09-23 15:42:19",33
"2018-09-23 16:42:19",33
"2018-09-23 17:42:18",33
"2018-09-23 18:42:18",33
"2018-09-23 19:42:18",33
"2018-09-23 20:42:18",33
"2018-09-23 21:42:19",33
"2018-09-23 22:42:19",33
"2018-09-23 23:42:19",33
"2018-09-24 00:42:18",33
"2018-09-24 01:42:19",33
"2018-09-24 02:42:18",33
"2018-09-24 03:42:18",33
"2018-09-24 04:42:20",33
"2018-09-24 05:42:18",33
"2018-09-24 06:42:18",33
"2018-09-24 07:42:19",33
"2018-09-24 08:42:18",33
"2018-09-24 09:42:18",33
"2018-09-24 10:42:17",33
"2018-09-24 11:42:19",33
"2018-09-24 12:42:18",33
"2018-09-24 13:42:25",33
"2018-09-24 14:42:20",33
"2018-09-24 15:42:20",33
"2018-09-24 16:42:19",33
"2018-09-24 17:42:20",33
"2018-09-24 18:42:20",33
"2018-09-24 19:42:21",33
"2018-09-24 20:42:20",33
"2018-09-24 21:42:19",33
"2018-09-24 22:42:20",33
"2018-09-24 23:42:20",33
"2018-09-25 00:42:20",33
"2018-09-25 01:42:19",33
"2018-09-25 02:42:18",33
"2018-09-25 03:42:19",33
"2018-09-25 04:42:20",33
"2018-09-25 05:42:19",33
"2018-09-25 06:42:19",33
"2018-09-25 07:42:19",33
"2018-09-25 08:42:20",33
"2018-09-25 09:42:19",33
"2018-09-25 10:42:18",33
"2018-09-25 11:42:19",33
"2018-09-25 12:42:19",33
"2018-09-25 13:42:22",33
"2018-09-25 14:42:21",33
"2018-09-25 15:42:19",33
"2018-09-25 16:42:20",33
"2018-09-25 17:42:18",33
"2018-09-25 18:42:19",33
"2018-09-25 19:42:19",33
"2018-09-25 20:42:19",33
"2018-09-25 21:42:19",33
"2018-09-25 22:42:19",33
"2018-09-25 23:42:19",33
"2018-09-26 00:42:20",33
"2018-09-26 01:42:21",33
"2018-09-26 02:42:21",33
"2018-09-26 03:42:21",33
"2018-09-26 04:42:19",33
"2018-09-26 05:42:19",33
"2018-09-26 06:42:19",33
"2018-09-26 07:42:19",33
"2018-09-26 08:42:20",33
"2018-09-26 09:42:19",33
"2018-09-26 10:42:18",33
"2018-09-26 11:42:18",33
"2018-09-26 13:08:54",33
"2018-09-26 13:42:25",33
"2018-09-26 14:42:21",34
"2018-09-26 15:42:21",35
"2018-09-26 16:42:22",35
"2018-09-26 17:42:20",35
"2018-09-26 18:42:22",35
"2018-09-26 19:42:21",35
"2018-09-26 20:42:20",35
"2018-09-26 21:42:20",35
"2018-09-26 22:42:19",35
"2018-09-26 23:42:20",35
"2018-09-27 00:42:21",35
"2018-09-27 01:42:19",35
"2018-09-27 02:42:21",35
"2018-09-27 03:42:20",35
"2018-09-27 04:42:20",35
"2018-09-27 05:42:20",35
"2018-09-27 06:42:20",35
"2018-09-27 07:42:20",35
"2018-09-27 08:42:19",35
"2018-09-27 09:42:20",35
"2018-09-27 10:42:20",35
"2018-09-27 11:42:20",35
"2018-09-27 12:42:20",35
"2018-09-27 13:42:22",35
"2018-09-27 14:42:21",35
"2018-09-27 15:42:21",35
"2018-09-27 17:08:01",33
"2018-09-27 17:42:22",33
"2018-09-27 18:42:23",33
"2018-09-27 19:42:21",33
"2018-09-27 20:42:21",33
"2018-09-27 21:42:20",33
"2018-09-27 22:42:20",33
"2018-09-27 23:42:21",33
"2018-09-28 00:42:22",33
"2018-09-28 01:42:21",33
"2018-09-28 02:42:19",33
"2018-09-28 03:42:20",33
"2018-09-28 04:42:20",33
"2018-09-28 05:42:20",33
"2018-09-28 06:42:21",33
"2018-09-28 07:42:21",33
"2018-09-28 08:42:20",33
"2018-09-28 09:42:21",33
"2018-09-28 10:42:21",33
"2018-09-28 11:42:21",33
"2018-09-28 12:42:21",33
"2018-09-28 13:42:24",33
"2018-09-28 14:42:22",33
"2018-09-28 15:42:24",33
"2018-09-28 16:42:22",33
"2018-09-28 17:42:22",33
"2018-09-28 18:42:23",33
"2018-09-28 19:42:23",33
"2018-09-28 20:42:21",33
"2018-09-28 21:42:21",33
"2018-09-28 22:42:21",33
"2018-09-28 23:42:20",33
"2018-09-29 00:42:20",33
"2018-09-29 01:42:22",33
"2018-09-29 02:42:27",33
"2018-09-29 03:42:21",33
"2018-09-29 04:42:20",33
"2018-09-29 05:42:20",33
"2018-09-29 06:42:19",33
"2018-09-29 07:42:20",33
"2018-09-29 08:42:20",33
"2018-09-29 09:42:20",33
"2018-09-29 10:42:20",33
"2018-09-29 11:42:21",33
"2018-09-29 12:42:20",33
"2018-09-29 13:42:21",33
"2018-09-29 14:42:21",33
"2018-09-29 15:42:21",33
"2018-09-29 16:42:20",33
"2018-09-29 17:42:20",33
"2018-09-29 18:42:21",33
"2018-09-29 19:42:20",33
"2018-09-29 20:42:20",33
"2018-09-29 21:42:20",33
"2018-09-29 22:42:20",33
"2018-09-29 23:42:20",33
"2018-09-30 00:42:21",33
"2018-09-30 01:42:20",33
"2018-09-30 02:42:19",33
"2018-09-30 03:42:20",33
"2018-09-30 04:42:20",33
"2018-09-30 05:42:19",33
"2018-09-30 06:42:19",33
"2018-09-30 07:42:19",33
"2018-09-30 08:42:19",33
"2018-09-30 09:42:19",33
"2018-09-30 10:42:19",33
"2018-09-30 11:42:19",33
"2018-09-30 12:42:20",33
"2018-09-30 13:42:20",33
"2018-09-30 14:42:19",33
"2018-09-30 15:42:19",33
"2018-09-30 16:42:20",33
"2018-09-30 17:42:19",33
"2018-09-30 18:42:19",33
"2018-09-30 19:42:20",33
"2018-09-30 20:42:19",33
"2018-09-30 21:42:19",33
"2018-09-30 22:42:20",33
"2018-09-30 23:42:21",33
"2018-10-01 00:42:22",33
"2018-10-01 01:42:20",33
"2018-10-01 02:42:21",33
"2018-10-01 03:42:21",33
"2018-10-01 04:42:20",33
"2018-10-01 05:42:21",33
"2018-10-01 06:42:20",33
"2018-10-01 07:42:20",33
"2018-10-01 08:42:21",33
"2018-10-01 09:42:19",33
"2018-10-01 10:42:19",33
"2018-10-01 11:42:20",33
"2018-10-01 12:42:20",33
"2018-10-01 14:07:34",34
"2018-10-01 14:42:22",34
"2018-10-01 15:42:20",34
"2018-10-01 16:42:21",34
"2018-10-01 17:42:23",34
"2018-10-01 18:42:20",34
"2018-10-01 19:42:21",34
"2018-10-01 20:42:20",34
"2018-10-01 21:42:20",34
"2018-10-01 22:42:19",34
"2018-10-01 23:42:20",34
"2018-10-02 00:42:22",34
"2018-10-02 01:42:20",34
"2018-10-02 02:42:20",34
"2018-10-02 03:42:20",34
"2018-10-02 04:42:21",34
"2018-10-02 05:42:19",34
"2018-10-02 06:42:20",34
"2018-10-02 07:42:21",34
"2018-10-02 08:42:20",34
"2018-10-02 09:42:20",34
"2018-10-02 10:42:19",34
"2018-10-02 11:42:20",34
"2018-10-02 12:42:19",34
"2018-10-02 13:42:24",34
"2018-10-02 14:42:23",34
"2018-10-02 15:42:22",34
"2018-10-02 16:42:22",34
"2018-10-02 17:42:21",34
"2018-10-02 18:42:21",34
"2018-10-02 19:42:21",34
"2018-10-02 20:42:22",34
"2018-10-02 21:42:21",34
"2018-10-02 22:42:21",34
"2018-10-02 23:42:21",34
"2018-10-03 00:42:21",34
"2018-10-03 01:42:20",34
"2018-10-03 02:42:51",34
"2018-10-03 03:42:22",34
"2018-10-03 04:42:23",34
"2018-10-03 05:42:23",34
"2018-10-03 06:42:21",34
"2018-10-03 07:42:22",34
"2018-10-03 08:42:22",34
"2018-10-03 09:42:22",34
"2018-10-03 10:42:21",34
"2018-10-03 11:42:21",34
"2018-10-03 12:42:21",34
"2018-10-03 13:43:32",34
"2018-10-03 15:07:27",34
"2018-10-03 15:42:22",34
"2018-10-03 16:42:22",34
"2018-10-03 17:42:22",34
"2018-10-03 18:42:21",34
"2018-10-03 19:42:21",34
"2018-10-03 20:42:20",34
"2018-10-03 21:42:21",34
"2018-10-03 22:42:22",34
"2018-10-03 23:42:21",34
"2018-10-04 00:42:22",34
"2018-10-04 01:42:22",34
"2018-10-04 02:42:21",34
"2018-10-04 03:42:20",34
"2018-10-04 04:42:21",34
"2018-10-04 05:42:21",34
"2018-10-04 06:42:20",34
"2018-10-04 07:42:21",34
"2018-10-04 08:42:20",34
"2018-10-04 09:42:21",34
"2018-10-04 10:42:21",34
"2018-10-04 11:42:20",34
"2018-10-04 12:42:21",34
"2018-10-04 14:08:30",33
"2018-10-04 14:42:21",33
"2018-10-04 15:42:21",33
"2018-10-04 16:42:24",33
"2018-10-04 17:42:22",33
"2018-10-04 18:42:21",33
"2018-10-04 19:42:23",33
"2018-10-04 20:42:21",33
"2018-10-04 21:42:21",33
"2018-10-04 22:42:21",33
"2018-10-04 23:42:21",33
"2018-10-05 00:42:21",33
"2018-10-05 01:42:21",33
"2018-10-05 02:42:21",33
"2018-10-05 03:42:21",33
"2018-10-05 04:42:22",33
"2018-10-05 05:42:22",33
"2018-10-05 06:42:21",33
"2018-10-05 07:42:21",33
"2018-10-05 08:42:20",33
"2018-10-05 09:42:21",33
"2018-10-05 10:42:21",33
"2018-10-05 11:42:21",33
"2018-10-05 12:42:21",33
"2018-10-05 13:42:24",33
"2018-10-05 14:42:22",33
"2018-10-05 15:42:24",33
"2018-10-05 16:42:23",33
"2018-10-05 17:42:24",33
"2018-10-05 18:42:23",33
"2018-10-05 19:42:21",33
"2018-10-05 20:42:20",33
"2018-10-05 21:42:21",33
"2018-10-05 22:42:21",33
"2018-10-05 23:42:20",33
"2018-10-06 00:42:22",33
"2018-10-06 01:42:22",33
"2018-10-06 02:42:22",33
"2018-10-06 03:42:21",33
"2018-10-06 04:42:21",33
"2018-10-06 05:42:21",33
"2018-10-06 06:42:22",33
"2018-10-06 07:42:22",33
"2018-10-06 08:42:21",33
"2018-10-06 09:42:21",33
"2018-10-06 10:42:21",33
"2018-10-06 11:42:20",33
"2018-10-06 12:42:21",33
"2018-10-06 13:42:20",33
"2018-10-06 14:42:21",33
"2018-10-06 15:42:21",33
"2018-10-06 16:42:21",33
"2018-10-06 17:42:21",33
"2018-10-06 18:42:21",33
"2018-10-06 19:42:22",33
"2018-10-06 20:42:21",33
"2018-10-06 21:42:21",33
"2018-10-06 22:42:21",33
"2018-10-06 23:42:21",33
"2018-10-07 00:42:21",33
"2018-10-07 01:42:21",33
"2018-10-07 02:42:21",33
"2018-10-07 03:42:21",33
"2018-10-07 04:42:21",33
"2018-10-07 05:42:22",33
"2018-10-07 06:42:21",33
"2018-10-07 07:42:21",33
"2018-10-07 08:42:20",33
"2018-10-07 09:42:20",33
"2018-10-07 10:42:21",33
"2018-10-07 11:42:20",33
"2018-10-07 12:42:21",33
"2018-10-07 13:42:21",33
"2018-10-07 14:42:22",33
"2018-10-07 15:42:22",33
"2018-10-07 16:42:22",33
"2018-10-07 17:42:21",33
"2018-10-07 18:42:22",33
"2018-10-07 19:42:21",33
"2018-10-07 20:42:22",33
"2018-10-07 21:42:21",33
"2018-10-07 22:42:21",33
"2018-10-07 23:42:21",33
"2018-10-08 00:42:21",33
"2018-10-08 01:42:21",33
"2018-10-08 02:42:22",33
"2018-10-08 03:42:20",33
"2018-10-08 04:42:20",33
"2018-10-08 05:42:20",33
"2018-10-08 06:42:21",33
"2018-10-08 07:42:20",33
"2018-10-08 08:42:20",33
"2018-10-08 09:42:20",33
"2018-10-08 10:42:20",33
"2018-10-08 11:42:20",33
"2018-10-08 12:42:20",33
"2018-10-08 13:42:27",33
"2018-10-08 14:42:22",33
"2018-10-08 15:42:23",33
"2018-10-08 16:42:23",33
"2018-10-08 17:42:23",33
"2018-10-08 18:42:22",33
"2018-10-08 19:42:22",33
"2018-10-08 20:42:21",33
"2018-10-08 21:42:21",33
"2018-10-08 22:42:20",33
"2018-10-08 23:42:21",33
"2018-10-09 00:42:20",33
"2018-10-09 01:42:50",33
"2018-10-09 02:42:19",33
"2018-10-09 03:42:25",33
"2018-10-09 04:42:20",33
"2018-10-09 05:42:20",33
"2018-10-09 06:42:19",33
"2018-10-09 07:42:19",33
"2018-10-09 08:42:19",33
"2018-10-09 09:42:19",33
"2018-10-09 10:42:20",33
"2018-10-09 11:42:20",33
"2018-10-09 12:42:20",33
"2018-10-09 13:42:25",33
"2018-10-09 14:42:22",33
"2018-10-09 15:42:21",33
"2018-10-09 16:42:20",33
"2018-10-09 17:42:20",33
"2018-10-09 18:42:20",34
"2018-10-09 19:42:19",34
"2018-10-09 21:42:18",34
"2018-10-09 22:42:20",34
"2018-10-09 23:42:19",34
"2018-10-10 00:42:19",34
"2018-10-10 01:42:20",34
"2018-10-10 02:42:20",34
"2018-10-10 03:42:23",34
"2018-10-10 04:42:20",34
"2018-10-10 05:42:20",34
"2018-10-10 06:42:20",34
"2018-10-10 07:42:20",34
"2018-10-10 08:42:20",34
"2018-10-10 09:42:19",34
"2018-10-10 10:42:20",34
"2018-10-10 11:42:19",34
"2018-10-10 12:42:19",34
"2018-10-10 13:42:24",34
"2018-10-10 14:42:22",34
"2018-10-10 15:42:22",34
"2018-10-10 16:42:20",34
"2018-10-10 17:42:20",34
"2018-10-10 18:42:21",34
"2018-10-10 19:42:25",34
"2018-10-10 20:42:21",34
"2018-10-10 21:42:20",34
"2018-10-10 22:42:21",34
"2018-10-10 23:42:21",34
"2018-10-11 00:42:21",34
"2018-10-11 01:42:20",34
"2018-10-11 02:42:19",34
"2018-10-11 03:42:19",34
"2018-10-11 04:42:19",34
"2018-10-11 05:42:19",34
"2018-10-11 06:42:20",34
"2018-10-11 07:42:19",34
"2018-10-11 08:42:20",34
"2018-10-11 09:42:20",34
"2018-10-11 10:42:20",34
"2018-10-11 11:42:20",34
"2018-10-11 12:42:19",34
"2018-10-11 13:42:24",34
"2018-10-11 14:42:21",34
"2018-10-11 15:42:23",34
"2018-10-11 16:42:23",34
"2018-10-11 17:42:22",34
"2018-10-11 18:42:24",34
"2018-10-11 19:42:21",34
"2018-10-11 20:42:22",34
"2018-10-11 21:42:22",34
"2018-10-11 22:42:20",34
"2018-10-11 23:42:22",34
"2018-10-12 00:42:20",34
"2018-10-12 01:42:21",34
"2018-10-12 02:42:22",34
"2018-10-12 03:42:20",34
"2018-10-12 04:42:21",34
"2018-10-12 05:42:20",34
"2018-10-12 06:42:20",34
"2018-10-12 07:42:20",34
"2018-10-12 08:42:20",34
"2018-10-12 09:42:21",34
"2018-10-12 10:42:21",34
"2018-10-12 11:42:21",34
"2018-10-12 12:42:21",34
"2018-10-12 13:42:24",34
"2018-10-12 14:42:21",34
"2018-10-12 15:42:23",34
"2018-10-12 16:42:22",34
"2018-10-12 17:42:21",34
"2018-10-12 18:42:21",34
"2018-10-12 19:42:22",34
"2018-10-12 20:42:21",34
"2018-10-12 21:42:21",34
"2018-10-12 22:42:21",34
"2018-10-12 23:42:21",34
"2018-10-13 00:42:20",34
"2018-10-13 01:42:21",34
"2018-10-13 02:42:21",34
"2018-10-13 03:42:21",34
"2018-10-13 04:42:22",34
"2018-10-13 05:42:20",34
"2018-10-13 06:42:21",34
"2018-10-13 07:42:21",34
"2018-10-13 08:42:22",34
"2018-10-13 09:42:21",34
"2018-10-13 10:42:20",34
"2018-10-13 11:42:20",34
"2018-10-13 12:42:20",34
"2018-10-13 13:42:21",34
"2018-10-13 14:42:21",34
"2018-10-13 15:42:21",34
"2018-10-13 16:42:20",34
"2018-10-13 17:42:21",34
"2018-10-13 18:42:21",34
"2018-10-13 19:42:21",34
"2018-10-13 20:42:21",34
"2018-10-13 21:42:21",34
"2018-10-13 22:42:22",34
"2018-10-13 23:42:21",34
"2018-10-14 00:42:21",34
"2018-10-14 01:42:21",34
"2018-10-14 02:42:21",34
"2018-10-14 03:42:20",34
"2018-10-14 04:42:21",34
"2018-10-14 05:42:20",34
"2018-10-14 06:42:21",34
"2018-10-14 07:42:21",34
"2018-10-14 08:42:20",34
"2018-10-14 09:42:21",34
"2018-10-14 10:42:20",34
"2018-10-14 11:42:21",34
"2018-10-14 12:42:20",34
"2018-10-14 13:42:20",34
"2018-10-14 14:42:20",34
"2018-10-14 15:42:21",34
"2018-10-14 16:42:20",34
"2018-10-14 17:42:20",34
"2018-10-14 18:42:21",34
"2018-10-14 19:42:21",34
"2018-10-14 20:42:20",34
"2018-10-14 21:42:22",34
"2018-10-14 22:42:20",34
"2018-10-14 23:42:21",34
"2018-10-15 00:42:22",34
"2018-10-15 01:42:20",34
"2018-10-15 02:42:20",34
"2018-10-15 03:42:21",34
"2018-10-15 04:42:20",34
"2018-10-15 05:42:21",34
"2018-10-15 06:42:21",34
"2018-10-15 07:42:21",34
"2018-10-15 08:42:33",34
"2018-10-15 09:42:20",34
"2018-10-15 10:42:21",34
"2018-10-15 11:42:20",34
"2018-10-15 12:42:20",34
"2018-10-15 13:42:25",34
"2018-10-15 14:42:22",34
"2018-10-15 15:42:23",34
"2018-10-15 16:42:23",34
"2018-10-15 17:42:22",34
"2018-10-15 18:42:21",34
"2018-10-15 19:42:21",34
"2018-10-15 20:42:23",34
"2018-10-15 21:42:23",34
"2018-10-15 22:42:21",34
"2018-10-15 23:42:22",34
"2018-10-16 00:42:22",34
"2018-10-16 01:42:24",34
"2018-10-16 02:42:22",34
"2018-10-16 03:42:21",34
"2018-10-16 04:42:22",34
"2018-10-16 09:42:20",34
"2018-10-16 10:42:21",34
"2018-10-16 11:42:20",34
"2018-10-16 12:42:21",34
"2018-10-16 13:42:25",34
"2018-10-16 14:42:23",34
"2018-10-16 15:42:23",34
"2018-10-16 16:42:21",34
"2018-10-16 17:42:23",34
"2018-10-16 18:42:24",34
"2018-10-16 19:42:23",34
"2018-10-16 20:42:22",34
"2018-10-16 21:42:21",34
"2018-10-16 22:42:22",34
"2018-10-16 23:42:22",34
"2018-10-17 00:42:21",34
"2018-10-17 01:42:22",34
"2018-10-17 02:42:21",34
"2018-10-17 03:42:21",34
"2018-10-17 04:42:21",34
"2018-10-17 05:42:22",34
"2018-10-17 06:42:21",34
"2018-10-17 07:42:21",34
"2018-10-17 08:42:21",34
"2018-10-17 09:42:21",34
"2018-10-17 10:42:21",34
"2018-10-17 11:42:20",34
"2018-10-17 12:42:21",34
"2018-10-17 14:08:26",34
"2018-10-17 14:42:21",34
"2018-10-17 15:42:22",34
"2018-10-17 16:42:22",34
"2018-10-17 17:42:23",34
"2018-10-17 18:42:22",34
"2018-10-17 19:42:22",34
"2018-10-17 20:42:22",34
"2018-10-17 21:42:22",34
"2018-10-17 22:42:21",34
"2018-10-17 23:42:21",34
"2018-10-18 00:42:22",34
"2018-10-18 01:42:21",34
"2018-10-18 02:42:22",34
"2018-10-18 03:42:23",34
"2018-10-18 04:42:20",34
"2018-10-18 05:42:20",34
"2018-10-18 06:42:20",34
"2018-10-18 07:42:20",34
"2018-10-18 08:42:20",34
"2018-10-18 09:42:20",34
"2018-10-18 10:42:20",34
"2018-10-18 11:42:19",34
"2018-10-18 13:07:23",34
"2018-10-18 13:42:23",34
"2018-10-18 14:42:22",34
"2018-10-18 15:42:22",34
"2018-10-18 16:42:22",34
"2018-10-18 17:42:21",34
"2018-10-18 18:42:20",34
"2018-10-18 19:42:21",34
"2018-10-18 20:42:22",34
"2018-10-18 21:42:22",34
"2018-10-18 22:42:22",34
"2018-10-18 23:42:21",34
"2018-10-19 00:42:22",34
"2018-10-19 01:42:22",34
"2018-10-19 02:42:22",34
"2018-10-19 03:42:22",34
"2018-10-19 04:42:22",34
"2018-10-19 05:42:21",34
"2018-10-19 06:42:22",34
"2018-10-19 07:42:22",34
"2018-10-19 08:42:21",34
"2018-10-19 09:42:21",34
"2018-10-19 10:42:21",34
"2018-10-19 11:42:22",34
"2018-10-19 13:06:56",34
"2018-10-19 13:42:28",34
"2018-10-19 14:42:22",34
"2018-10-19 15:42:23",34
"2018-10-19 16:42:22",34
"2018-10-19 17:42:22",34
"2018-10-19 18:42:22",34
"2018-10-19 19:42:23",34
"2018-10-19 20:42:23",34
"2018-10-19 21:42:21",34
"2018-10-19 22:42:22",34
"2018-10-19 23:42:51",34
"2018-10-20 00:42:22",34
"2018-10-20 01:42:23",34
"2018-10-20 02:42:21",34
"2018-10-20 03:42:21",34
"2018-10-20 04:42:22",34
"2018-10-20 05:42:22",34
"2018-10-20 06:42:23",34
"2018-10-20 07:42:21",34
"2018-10-20 08:42:21",34
"2018-10-20 09:42:21",34
"2018-10-20 10:42:21",34
"2018-10-20 11:42:22",34
"2018-10-20 12:42:21",34
"2018-10-20 13:42:23",34
"2018-10-20 14:42:23",34
"2018-10-20 15:42:23",34
"2018-10-20 16:42:22",34
"2018-10-20 17:42:22",34
"2018-10-20 18:42:22",34
"2018-10-20 19:42:22",34
"2018-10-20 20:42:22",34
"2018-10-20 21:42:23",34
"2018-10-20 22:42:22",34
"2018-10-20 23:42:22",34
"2018-10-21 00:42:22",34
"2018-10-21 01:42:22",34
"2018-10-21 02:42:22",34
"2018-10-21 03:42:22",34
"2018-10-21 04:42:21",34
"2018-10-21 05:42:22",34
"2018-10-21 06:42:21",34
"2018-10-21 07:42:27",34
"2018-10-21 08:42:21",34
"2018-10-21 09:42:21",34
"2018-10-21 10:42:20",34
"2018-10-21 11:42:21",34
"2018-10-21 12:42:21",34
"2018-10-21 13:42:25",34
"2018-10-21 14:42:23",34
"2018-10-21 15:42:23",34
"2018-10-21 16:42:21",34
"2018-10-21 17:42:22",34
"2018-10-21 18:42:22",34
"2018-10-21 19:42:21",34
"2018-10-21 20:42:22",34
"2018-10-21 21:42:22",34
"2018-10-21 22:42:23",34
"2018-10-21 23:42:22",34
"2018-10-22 00:42:24",34
"2018-10-22 01:42:24",34
"2018-10-22 02:42:24",34
"2018-10-22 03:42:24",34
"2018-10-22 04:42:24",34
"2018-10-22 05:42:22",34
"2018-10-22 06:42:22",34
"2018-10-22 07:42:24",34
"2018-10-22 08:42:22",34
"2018-10-22 09:42:22",34
"2018-10-22 10:42:22",34
"2018-10-22 11:42:22",34
"2018-10-22 12:42:23",34
"2018-10-22 13:42:25",34
"2018-10-22 14:42:25",34
"2018-10-22 15:42:23",34
"2018-10-22 16:42:22",34
"2018-10-22 17:42:23",34
"2018-10-22 18:42:21",34
"2018-10-22 19:42:23",34
"2018-10-22 20:42:22",34
"2018-10-22 21:42:23",34
"2018-10-22 22:42:22",34
"2018-10-22 23:42:23",34
"2018-10-23 00:42:24",34
"2018-10-23 01:42:22",34
"2018-10-23 02:42:22",34
"2018-10-23 03:42:22",34
"2018-10-23 04:42:22",34
"2018-10-23 05:42:22",34
"2018-10-23 06:42:22",34
"2018-10-23 07:42:25",34
"2018-10-23 08:42:21",34
"2018-10-23 09:42:22",34
"2018-10-23 10:42:22",34
"2018-10-23 11:42:22",34
"2018-10-23 12:42:21",34
"2018-10-23 13:42:25",34
"2018-10-23 14:42:23",34
"2018-10-23 15:42:22",34
"2018-10-23 16:42:22",34
"2018-10-23 17:42:22",34
"2018-10-23 18:42:23",34
"2018-10-23 19:42:22",34
"2018-10-23 20:42:22",34
"2018-10-23 21:42:22",34
"2018-10-23 22:42:22",34
"2018-10-23 23:42:22",34
"2018-10-24 00:42:22",34
"2018-10-24 01:42:22",34
"2018-10-24 02:42:23",34
"2018-10-24 03:42:22",34
"2018-10-24 04:42:22",34
"2018-10-24 05:42:23",34
"2018-10-24 06:42:23",34
"2018-10-24 07:42:22",34
"2018-10-24 08:42:22",34
"2018-10-24 09:42:21",34
"2018-10-24 10:42:22",34
"2018-10-24 11:42:21",34
"2018-10-24 12:42:21",34
"2018-10-24 13:42:23",34
"2018-10-24 14:42:23",34
"2018-10-24 15:42:23",34
"2018-10-24 16:42:22",34
"2018-10-24 17:42:22",34
"2018-10-24 18:42:23",34
"2018-10-24 19:42:22",34
"2018-10-24 20:42:24",35
"2018-10-24 21:42:22",35
"2018-10-24 22:42:23",35
"2018-10-24 23:42:21",35
"2018-10-25 00:42:22",35
"2018-10-25 01:42:22",35
"2018-10-25 02:42:22",35
"2018-10-25 03:42:21",35
"2018-10-25 04:42:22",35
"2018-10-25 05:42:22",35
"2018-10-25 06:42:22",35
"2018-10-25 07:42:22",35
"2018-10-25 08:42:22",35
"2018-10-25 09:42:21",35
"2018-10-25 10:42:22",35
"2018-10-25 11:42:23",35
"2018-10-25 14:08:29",35
"2018-10-25 14:42:25",35
"2018-10-25 15:42:24",34
"2018-10-25 16:42:23",34
"2018-10-25 17:42:23",35
"2018-10-25 18:42:24",35
"2018-10-25 19:42:22",35
"2018-10-25 20:42:22",35
"2018-10-25 21:42:23",35
"2018-10-25 22:42:22",35
"2018-10-25 23:42:23",35
"2018-10-26 00:42:22",35
"2018-10-26 01:42:22",35
"2018-10-26 02:42:23",35
"2018-10-26 03:42:24",35
"2018-10-26 04:42:24",35
"2018-10-26 05:42:22",35
"2018-10-26 06:42:22",35
"2018-10-26 07:42:21",35
"2018-10-26 08:42:21",35
"2018-10-26 09:42:21",35
"2018-10-26 10:42:21",35
"2018-10-26 11:42:22",35
"2018-10-26 12:42:22",35
"2018-10-26 13:42:23",35
"2018-10-26 14:42:24",35
"2018-10-26 15:42:23",35
"2018-10-26 16:42:23",35
"2018-10-26 17:42:23",35
"2018-10-26 18:42:22",35
"2018-10-26 19:42:23",35
"2018-10-26 20:42:23",35
"2018-10-26 21:42:22",35
"2018-10-26 22:42:22",35
"2018-10-26 23:42:22",35
"2018-10-27 00:42:22",35
"2018-10-27 01:42:23",35
"2018-10-27 02:42:22",35
"2018-10-27 03:42:22",35
"2018-10-27 04:42:22",35
"2018-10-27 05:42:23",35
"2018-10-27 06:42:23",35
"2018-10-27 07:42:23",35
"2018-10-27 08:42:23",35
"2018-10-27 09:42:23",35
"2018-10-27 10:42:23",35
"2018-10-27 11:42:22",35
"2018-10-27 12:42:22",35
"2018-10-27 13:42:21",35
"2018-10-27 14:42:23",35
"2018-10-27 15:42:24",35
"2018-10-27 16:42:23",35
"2018-10-27 17:42:23",35
"2018-10-27 18:42:22",35
"2018-10-27 19:42:23",35
"2018-10-27 20:42:22",35
"2018-10-27 21:42:23",35
"2018-10-27 22:42:22",35
"2018-10-27 23:42:22",35
"2018-10-28 00:42:23",35
"2018-10-28 01:42:23",35
"2018-10-28 02:42:22",35
"2018-10-28 03:42:23",35
"2018-10-28 04:42:22",35
"2018-10-28 05:42:23",35
"2018-10-28 06:42:23",35
"2018-10-28 07:42:22",35
"2018-10-28 08:42:22",35
"2018-10-28 09:42:23",35
"2018-10-28 10:42:22",35
"2018-10-28 11:42:22",35
"2018-10-28 12:42:22",35
"2018-10-28 13:42:23",35
"2018-10-28 14:42:22",35
"2018-10-28 15:42:22",35
"2018-10-28 16:42:23",35
"2018-10-28 17:42:22",35
"2018-10-28 18:42:22",35
"2018-10-28 19:42:22",35
"2018-10-28 20:42:22",35
"2018-10-28 21:42:22",35
"2018-10-28 22:42:22",35
"2018-10-28 23:42:22",35
"2018-10-29 00:42:22",35
"2018-10-29 01:42:23",35
"2018-10-29 02:42:23",35
"2018-10-29 03:42:21",35
"2018-10-29 04:42:23",35
"2018-10-29 05:42:22",35
"2018-10-29 06:42:23",35
"2018-10-29 07:42:22",35
"2018-10-29 08:42:22",35
"2018-10-29 09:42:22",35
"2018-10-29 10:42:22",35
"2018-10-29 11:42:22",35
"2018-10-29 12:42:22",35
"2018-10-29 13:42:25",35
"2018-10-29 14:42:23",34
"2018-10-29 15:42:22",34
"2018-10-29 16:42:24",34
"2018-10-29 17:42:23",34
"2018-10-29 18:42:23",34
"2018-10-29 19:42:24",34
"2018-10-29 20:42:23",34
"2018-10-29 21:42:23",34
"2018-10-29 22:42:24",34
"2018-10-29 23:42:23",34
"2018-10-30 00:42:23",34
"2018-10-30 01:42:22",34
"2018-10-30 02:42:23",34
"2018-10-30 03:42:23",34
"2018-10-30 04:42:23",34
"2018-10-30 05:42:22",34
"2018-10-30 06:42:22",34
"2018-10-30 07:42:22",34
"2018-10-30 08:42:22",34
"2018-10-30 09:42:23",34
"2018-10-30 10:42:23",34
"2018-10-30 11:42:23",34
"2018-10-30 12:42:22",34
"2018-10-30 13:42:25",34
"2018-10-30 14:42:26",34
"2018-10-30 15:42:24",34
"2018-10-30 16:42:23",34
"2018-10-30 17:42:22",34
"2018-10-30 18:42:23",34
"2018-10-30 19:42:23",34
"2018-10-30 20:42:23",34
"2018-10-30 21:42:23",34
"2018-10-30 22:42:22",34
"2018-10-30 23:42:22",34
"2018-10-31 00:42:23",34
"2018-10-31 01:42:24",34
"2018-10-31 02:42:24",34
"2018-10-31 03:42:22",34
"2018-10-31 04:42:23",34
"2018-10-31 05:42:23",34
"2018-10-31 06:42:22",34
"2018-10-31 07:42:21",34
"2018-10-31 08:42:23",34
"2018-10-31 09:42:22",34
"2018-10-31 10:42:22",34
"2018-10-31 11:42:23",34
"2018-10-31 12:42:23",34
"2018-10-31 14:08:58",34
"2018-10-31 14:42:23",34
"2018-10-31 15:42:23",34
"2018-10-31 16:42:23",34
"2018-10-31 17:42:22",34
"2018-10-31 18:42:22",34
"2018-10-31 19:42:22",34
"2018-10-31 20:42:22",34
"2018-10-31 21:42:22",34
"2018-10-31 22:42:22",34
"2018-10-31 23:42:23",34
"2018-11-01 00:42:22",34
"2018-11-01 01:42:22",34
"2018-11-01 02:42:22",34
"2018-11-01 03:42:22",34
"2018-11-01 04:42:22",34
"2018-11-01 05:42:22",34
"2018-11-01 06:42:23",34
"2018-11-01 07:42:22",34
"2018-11-01 08:42:23",34
"2018-11-01 09:42:22",34
"2018-11-01 10:42:23",34
"2018-11-01 11:42:22",34
"2018-11-01 12:42:22",34
"2018-11-01 13:42:23",34
"2018-11-01 14:42:26",34
"2018-11-01 15:42:24",34
"2018-11-01 16:42:24",34
"2018-11-01 17:42:23",34
"2018-11-01 18:42:24",34
"2018-11-01 19:42:25",34
"2018-11-01 20:42:26",34
"2018-11-01 21:42:24",34
"2018-11-01 22:42:24",34
"2018-11-01 23:42:23",34
"2018-11-02 00:42:22",34
"2018-11-02 01:42:23",34
"2018-11-02 02:42:23",34
"2018-11-02 03:42:25",34
"2018-11-02 04:42:23",34
"2018-11-02 05:42:22",34
"2018-11-02 06:42:23",34
"2018-11-02 07:42:22",34
"2018-11-02 08:42:22",34
"2018-11-02 09:42:23",34
"2018-11-02 10:42:22",34
"2018-11-02 11:42:21",34
"2018-11-02 12:42:23",34
"2018-11-02 14:06:58",34
"2018-11-02 14:42:25",34
"2018-11-02 15:42:25",34
"2018-11-02 16:42:25",34
"2018-11-02 17:42:24",34
"2018-11-02 18:42:24",34
"2018-11-02 19:42:24",34
"2018-11-02 20:42:25",34
"2018-11-02 21:42:24",34
"2018-11-02 22:42:24",34
"2018-11-02 23:42:24",34
"2018-11-03 00:42:25",34
"2018-11-03 01:42:24",34
"2018-11-03 02:42:26",34
"2018-11-03 03:42:23",34
"2018-11-03 04:42:24",34
"2018-11-03 05:42:24",34
"2018-11-03 06:42:23",34
"2018-11-03 07:42:23",34
"2018-11-03 08:42:24",34
"2018-11-03 09:42:25",34
"2018-11-03 10:42:23",34
"2018-11-03 11:42:24",34
"2018-11-03 12:42:24",34
"2018-11-03 13:42:23",34
"2018-11-03 14:42:24",34
"2018-11-03 15:42:24",34
"2018-11-03 16:42:23",34
"2018-11-03 17:42:28",34
"2018-11-03 18:42:26",34
"2018-11-03 19:42:24",34
"2018-11-03 20:42:24",34
"2018-11-03 21:43:27",34
"2018-11-03 22:42:24",34
"2018-11-03 23:42:24",34
"2018-11-04 00:42:24",34
"2018-11-04 01:42:24",34
"2018-11-04 02:42:24",34
"2018-11-04 03:42:24",34
"2018-11-04 04:42:25",34
"2018-11-04 05:42:24",34
"2018-11-04 06:42:24",34
"2018-11-04 07:42:24",34
"2018-11-04 08:42:25",34
"2018-11-04 09:42:23",34
"2018-11-04 10:42:23",34
"2018-11-04 11:42:24",34
"2018-11-04 12:42:24",34
"2018-11-04 13:42:24",34
"2018-11-04 14:42:24",34
"2018-11-04 15:42:23",34
"2018-11-04 16:42:23",34
"2018-11-04 17:42:24",34
"2018-11-04 18:42:24",34
"2018-11-04 19:42:24",34
"2018-11-04 20:42:23",34
"2018-11-04 21:42:23",34
"2018-11-04 22:42:25",34
"2018-11-04 23:42:25",34
"2018-11-05 00:42:24",34
"2018-11-05 01:42:24",34
"2018-11-05 02:42:23",34
"2018-11-05 03:42:25",34
"2018-11-05 04:42:25",34
"2018-11-05 05:42:25",34
"2018-11-05 06:42:23",34
"2018-11-05 07:42:24",34
"2018-11-05 08:42:24",34
"2018-11-05 09:42:24",34
"2018-11-05 10:42:23",34
"2018-11-05 11:42:23",34
"2018-11-05 12:42:23",34
"2018-11-05 13:42:24",34
"2018-11-05 14:42:29",34
"2018-11-05 15:42:24",34
"2018-11-05 16:42:26",35
"2018-11-05 17:42:24",35
"2018-11-05 18:42:23",35
"2018-11-05 19:42:24",35
"2018-11-05 20:42:24",35
"2018-11-05 21:42:26",35
"2018-11-05 22:42:26",35
"2018-11-05 23:42:24",35
"2018-11-06 00:42:23",35
"2018-11-06 01:42:24",35
"2018-11-06 02:42:24",35
"2018-11-06 03:42:25",35
"2018-11-06 04:42:24",35
"2018-11-06 05:42:25",35
"2018-11-06 06:42:24",35
"2018-11-06 07:42:26",35
"2018-11-06 08:42:25",35
"2018-11-06 09:42:25",35
"2018-11-06 10:42:25",35
"2018-11-06 11:42:25",35
"2018-11-06 12:42:25",35
"2018-11-06 13:42:25",35
"2018-11-06 14:42:29",35
"2018-11-06 15:42:28",35
"2018-11-06 16:42:28",35
"2018-11-06 17:42:31",35
"2018-11-06 18:42:27",35
"2018-11-06 19:42:25",35
"2018-11-06 20:42:26",35
"2018-11-06 21:42:25",35
"2018-11-06 22:42:27",35
"2018-11-06 23:42:25",35
"2018-11-07 00:42:26",35
"2018-11-07 01:42:26",35
"2018-11-07 02:42:26",35
"2018-11-07 03:42:26",35
"2018-11-07 04:42:24",35
"2018-11-07 05:42:25",35
"2018-11-07 06:42:25",35
"2018-11-07 07:42:25",35
"2018-11-07 08:42:25",35
"2018-11-07 09:42:24",35
"2018-11-07 10:42:25",35
"2018-11-07 11:42:25",35
"2018-11-07 12:42:25",35
"2018-11-07 13:42:25",35
"2018-11-07 14:42:30",35
"2018-11-07 15:42:26",34
"2018-11-07 16:42:25",34
"2018-11-07 17:42:27",34
"2018-11-07 18:42:28",34
"2018-11-07 19:42:28",34
"2018-11-07 20:42:28",34
"2018-11-07 21:42:25",34
"2018-11-07 22:42:26",34
"2018-11-07 23:42:25",34
"2018-11-08 00:42:25",34
"2018-11-08 01:42:26",34
"2018-11-08 02:42:25",34
"2018-11-08 03:42:25",34
"2018-11-08 04:42:25",34
"2018-11-08 05:42:25",34
"2018-11-08 06:42:36",34
"2018-11-08 07:42:25",34
"2018-11-08 08:42:26",34
"2018-11-08 09:42:25",34
"2018-11-08 10:42:25",34
"2018-11-08 11:42:24",34
"2018-11-08 12:42:25",34
"2018-11-08 13:42:25",34
"2018-11-08 14:42:28",34
"2018-11-08 15:42:27",34
"2018-11-08 16:42:27",34
"2018-11-08 17:42:25",34
"2018-11-08 18:42:25",34
"2018-11-08 19:42:25",34
"2018-11-08 20:42:29",34
"2018-11-08 21:42:27",34
"2018-11-08 22:42:25",34
"2018-11-08 23:42:25",34
"2018-11-09 00:42:26",34
"2018-11-09 01:42:26",34
"2018-11-09 02:42:26",34
"2018-11-09 03:42:26",34
"2018-11-09 04:42:26",34
"2018-11-09 05:42:26",34
"2018-11-09 06:42:24",34
"2018-11-09 07:42:25",34
"2018-11-09 08:42:25",34
"2018-11-09 09:42:25",34
"2018-11-09 10:42:24",34
"2018-11-09 11:42:25",34
"2018-11-09 12:42:25",34
"2018-11-09 13:42:24",34
"2018-11-09 15:06:29",35
"2018-11-09 15:42:28",35
"2018-11-09 16:42:26",36
"2018-11-09 17:42:26",36
"2018-11-09 18:42:26",36
"2018-11-09 19:42:29",36
"2018-11-09 20:42:28",36
"2018-11-09 21:42:26",36
"2018-11-09 22:42:26",36
"2018-11-09 23:42:25",36
"2018-11-10 00:42:25",36
"2018-11-10 01:42:26",36
"2018-11-10 02:42:25",36
"2018-11-10 03:42:25",36
"2018-11-10 04:42:26",36
"2018-11-10 05:42:25",36
"2018-11-10 06:42:25",36
"2018-11-10 07:42:25",36
"2018-11-10 08:42:25",36
"2018-11-10 09:42:25",36
"2018-11-10 10:42:24",36
"2018-11-10 11:42:25",36
"2018-11-10 12:42:24",36
"2018-11-10 13:42:25",36
"2018-11-10 14:42:25",36
"2018-11-10 15:42:28",36
"2018-11-10 16:42:25",36
"2018-11-10 17:42:26",36
"2018-11-10 18:42:27",36
"2018-11-10 19:42:27",36
"2018-11-10 20:42:25",36
"2018-11-10 21:42:26",36
"2018-11-10 22:42:26",36
"2018-11-10 23:42:26",36
"2018-11-11 00:42:26",36
"2018-11-11 01:42:26",36
"2018-11-11 02:42:24",36
"2018-11-11 03:42:26",36
"2018-11-11 04:42:25",36
"2018-11-11 05:42:26",36
"2018-11-11 06:42:25",36
"2018-11-11 07:42:26",36
"2018-11-11 08:42:25",36
"2018-11-11 09:42:26",36
"2018-11-11 10:42:26",36
"2018-11-11 11:42:25",36
"2018-11-11 12:42:26",36
"2018-11-11 13:42:25",36
"2018-11-11 14:42:26",36
"2018-11-11 15:42:26",36
"2018-11-11 16:42:25",36
"2018-11-11 17:42:26",36
"2018-11-11 18:42:25",36
"2018-11-11 19:42:25",36
"2018-11-11 20:42:26",36
"2018-11-11 21:42:25",36
"2018-11-11 22:42:26",36
"2018-11-11 23:42:25",36
"2018-11-12 00:42:26",36
"2018-11-12 01:42:24",36
"2018-11-12 02:42:26",36
"2018-11-12 03:42:26",36
"2018-11-12 04:42:25",36
"2018-11-12 05:42:26",36
"2018-11-12 06:42:26",36
"2018-11-12 07:42:25",36
"2018-11-12 08:42:26",36
"2018-11-12 09:42:25",36
"2018-11-12 10:42:25",36
"2018-11-12 11:42:26",36
"2018-11-12 12:42:24",36
"2018-11-12 13:42:25",36
"2018-11-12 14:42:28",36
"2018-11-12 15:42:25",36
"2018-11-12 16:42:27",36
"2018-11-12 17:42:24",35
"2018-11-12 18:42:25",35
"2018-11-12 19:42:26",35
"2018-11-12 20:42:26",35
"2018-11-12 21:42:25",35
"2018-11-12 22:42:25",35
"2018-11-12 23:42:25",35
"2018-11-13 00:42:26",35
"2018-11-13 01:42:26",35
"2018-11-13 02:42:26",35
"2018-11-13 03:42:26",35
"2018-11-13 04:42:25",35
"2018-11-13 05:42:25",35
"2018-11-13 06:42:25",35
"2018-11-13 07:42:26",35
"2018-11-13 08:42:27",35
"2018-11-13 09:42:26",35
"2018-11-13 10:42:26",35
"2018-11-13 11:42:26",35
"2018-11-13 12:42:25",35
"2018-11-13 13:42:25",35
"2018-11-13 14:42:29",35
"2018-11-13 15:42:26",35
"2018-11-13 16:42:25",36
"2018-11-13 17:42:26",36
"2018-11-13 18:42:24",37
"2018-11-13 19:42:25",37
"2018-11-13 20:42:25",37
"2018-11-13 21:42:25",37
"2018-11-13 22:42:25",37
"2018-11-13 23:42:26",37
"2018-11-14 00:42:25",37
"2018-11-14 01:42:26",37
"2018-11-14 02:42:25",37
"2018-11-14 03:42:25",37
"2018-11-14 04:42:25",37
"2018-11-14 05:42:25",37
"2018-11-14 06:42:26",37
"2018-11-14 07:42:26",37
"2018-11-14 08:42:25",37
"2018-11-14 09:42:26",37
"2018-11-14 10:42:25",37
"2018-11-14 11:42:26",37
"2018-11-14 12:42:25",37
"2018-11-14 13:42:26",37
"2018-11-14 14:42:27",37
"2018-11-14 15:42:27",37
"2018-11-14 16:42:27",37
"2018-11-14 17:42:27",37
"2018-11-14 18:42:28",37
"2018-11-14 19:42:27",37
"2018-11-14 20:42:27",37
"2018-11-14 21:42:27",37
"2018-11-14 22:42:27",37
"2018-11-14 23:42:26",37
"2018-11-15 00:42:25",37
"2018-11-15 01:42:26",37
"2018-11-15 02:42:26",37
"2018-11-15 03:42:26",37
"2018-11-15 04:42:26",37
"2018-11-15 05:42:26",37
"2018-11-15 06:42:25",37
"2018-11-15 07:42:24",37
"2018-11-15 08:42:25",37
"2018-11-15 09:42:26",37
"2018-11-15 10:42:26",37
"2018-11-15 11:42:25",37
"2018-11-15 12:42:25",37
"2018-11-15 13:42:26",37
"2018-11-15 14:42:27",37
"2018-11-15 15:42:26",37
"2018-11-15 16:42:25",37
"2018-11-15 17:42:28",37
"2018-11-15 18:42:27",37
"2018-11-15 19:42:25",37
"2018-11-15 20:42:28",37
"2018-11-15 21:42:29",37
"2018-11-15 22:42:27",37
"2018-11-15 23:42:25",37
"2018-11-16 00:42:26",37
"2018-11-16 01:42:25",37
"2018-11-16 02:42:25",37
"2018-11-16 03:42:25",37
"2018-11-16 04:42:25",37
"2018-11-16 05:42:25",37
"2018-11-16 06:42:26",37
"2018-11-16 07:42:26",37
"2018-11-16 08:42:25",37
"2018-11-16 09:42:26",37
"2018-11-16 10:42:25",37
"2018-11-16 11:42:25",37
"2018-11-16 12:42:24",37
"2018-11-16 13:42:25",37
"2018-11-16 14:42:27",37
"2018-11-16 15:42:26",37
"2018-11-16 16:42:26",37
"2018-11-16 17:42:26",37
"2018-11-16 18:42:26",37
"2018-11-16 19:42:25",37
"2018-11-16 20:42:29",37
"2018-11-16 21:42:27",37
"2018-11-16 22:42:27",37
"2018-11-16 23:42:27",37
"2018-11-17 00:42:27",37
"2018-11-17 01:42:26",37
"2018-11-17 02:42:25",37
"2018-11-17 03:42:29",37
"2018-11-17 04:42:25",37
"2018-11-17 05:42:26",37
"2018-11-17 06:42:27",37
"2018-11-17 07:42:24",37
"2018-11-17 08:42:26",37
"2018-11-17 09:42:26",37
"2018-11-17 10:42:26",37
"2018-11-17 11:42:26",37
"2018-11-17 12:42:25",37
"2018-11-17 13:42:25",37
"2018-11-17 14:42:28",37
"2018-11-17 15:42:26",37
"2018-11-17 16:42:25",37
"2018-11-17 17:42:27",37
"2018-11-17 18:42:26",37
"2018-11-17 19:42:26",37
"2018-11-17 20:42:25",37
"2018-11-17 21:42:25",37
"2018-11-17 22:42:25",37
"2018-11-17 23:42:25",37
"2018-11-18 00:42:25",37
"2018-11-18 01:42:25",37
"2018-11-18 02:42:26",37
"2018-11-18 03:42:26",37
"2018-11-18 04:42:25",37
"2018-11-18 05:42:25",37
"2018-11-18 06:42:26",37
"2018-11-18 07:42:25",37
"2018-11-18 08:42:25",37
"2018-11-18 09:42:25",37
"2018-11-18 10:42:25",37
"2018-11-18 11:42:25",37
"2018-11-18 12:42:25",37
"2018-11-18 13:42:25",37
"2018-11-18 14:42:26",37
"2018-11-18 15:42:26",37
"2018-11-18 16:42:25",37
"2018-11-18 17:42:25",37
"2018-11-18 18:42:26",37
"2018-11-18 19:42:25",37
"2018-11-18 20:42:26",37
"2018-11-18 21:42:25",37
"2018-11-18 22:42:25",37
"2018-11-18 23:42:26",37
"2018-11-19 00:42:25",37
"2018-11-19 01:42:26",37
"2018-11-19 02:42:25",37
"2018-11-19 03:42:25",37
"2018-11-19 04:42:25",37
"2018-11-19 05:42:25",37
"2018-11-19 06:42:25",37
"2018-11-19 07:42:25",37
"2018-11-19 08:42:25",37
"2018-11-19 09:42:25",37
"2018-11-19 10:42:26",37
"2018-11-19 11:42:25",37
"2018-11-19 12:42:26",37
"2018-11-19 13:42:25",37
"2018-11-19 14:42:26",37
"2018-11-19 15:42:25",37
"2018-11-19 16:42:28",37
"2018-11-19 17:42:27",37
"2018-11-19 18:42:27",37
"2018-11-19 19:42:26",37
"2018-11-19 20:42:26",37
"2018-11-19 21:42:25",37
"2018-11-19 22:42:26",37
"2018-11-19 23:42:26",37
"2018-11-20 00:42:26",37
"2018-11-20 01:42:26",37
"2018-11-20 02:42:27",37
"2018-11-20 03:42:26",37
"2018-11-20 04:42:25",37
"2018-11-20 05:42:25",37
"2018-11-20 06:42:26",37
"2018-11-20 07:42:26",37
"2018-11-20 08:42:26",37
"2018-11-20 09:42:26",37
"2018-11-20 10:42:25",37
"2018-11-20 11:42:25",37
"2018-11-20 12:42:25",37
"2018-11-20 13:42:26",37
"2018-11-20 14:42:28",37
"2018-11-20 15:42:28",37
"2018-11-20 16:42:25",38
"2018-11-20 17:42:25",38
"2018-11-20 18:42:29",38
"2018-11-20 19:42:27",38
"2018-11-20 20:42:27",38
"2018-11-20 21:42:29",38
"2018-11-20 22:42:27",38
"2018-11-20 23:42:26",38
"2018-11-21 00:42:25",38
"2018-11-21 01:42:25",38
"2018-11-21 02:42:25",38
"2018-11-21 03:42:26",38
"2018-11-21 04:42:26",38
"2018-11-21 05:42:26",38
"2018-11-21 06:42:27",38
"2018-11-21 07:42:27",38
"2018-11-21 08:42:27",38
"2018-11-21 09:42:26",38
"2018-11-21 10:42:26",38
"2018-11-21 11:42:25",38
"2018-11-21 12:42:25",38
"2018-11-21 13:42:25",38
"2018-11-21 14:42:29",38
"2018-11-21 16:42:26",39
"2018-11-21 17:42:29",39
"2018-11-21 18:42:26",39
"2018-11-21 19:42:27",39
"2018-11-21 20:42:28",39
"2018-11-21 21:42:27",39
"2018-11-21 22:42:26",39
"2018-11-21 23:42:26",39
"2018-11-22 00:42:26",39
"2018-11-22 01:42:26",39
"2018-11-22 02:42:26",39
"2018-11-22 03:42:26",39
"2018-11-22 04:42:27",39
"2018-11-22 05:42:26",39
"2018-11-22 06:42:26",39
"2018-11-22 07:42:26",39
"2018-11-22 08:42:26",39
"2018-11-22 09:42:26",39
"2018-11-22 10:42:26",39
"2018-11-22 11:42:27",39
"2018-11-22 12:42:26",39
"2018-11-22 13:42:26",39
"2018-11-22 14:42:26",39
"2018-11-22 15:42:27",39
"2018-11-22 16:42:25",39
"2018-11-22 17:42:27",39
"2018-11-22 18:42:25",39
"2018-11-22 19:42:26",39
"2018-11-22 20:42:26",39
"2018-11-22 21:42:26",39
"2018-11-22 22:42:26",39
"2018-11-22 23:42:26",39
"2018-11-23 00:42:26",39
"2018-11-23 01:42:25",39
"2018-11-23 02:42:26",39
"2018-11-23 03:42:26",39
"2018-11-23 04:42:26",39
"2018-11-23 05:42:26",39
"2018-11-23 06:42:25",39
"2018-11-23 07:42:26",39
"2018-11-23 08:42:26",39
"2018-11-23 09:42:26",39
"2018-11-23 10:42:26",39
"2018-11-23 11:42:27",39
"2018-11-23 12:42:27",39
"2018-11-23 13:42:25",39
"2018-11-23 14:42:27",39
"2018-11-23 15:42:27",39
"2018-11-23 16:42:25",39
"2018-11-23 17:42:26",39
"2018-11-23 18:42:25",39
"2018-11-23 19:42:26",39
"2018-11-23 20:42:27",39
"2018-11-23 21:42:27",39
"2018-11-23 22:42:26",39
"2018-11-23 23:42:28",39
"2018-11-24 00:42:26",39
"2018-11-24 01:42:27",39
"2018-11-24 02:42:28",39
"2018-11-24 03:42:27",39
"2018-11-24 04:42:28",39
"2018-11-24 05:42:28",39
"2018-11-24 06:42:27",39
"2018-11-24 07:42:26",39
"2018-11-24 08:42:27",39
"2018-11-24 09:42:26",39
"2018-11-24 10:42:26",39
"2018-11-24 11:42:28",39
"2018-11-24 12:42:27",39
"2018-11-24 13:42:26",39
"2018-11-24 14:42:27",39
"2018-11-24 15:42:27",39
"2018-11-24 16:42:26",39
"2018-11-24 17:42:27",39
"2018-11-24 18:42:26",39
"2018-11-24 19:42:26",39
"2018-11-24 20:42:27",39
"2018-11-24 21:42:26",39
"2018-11-24 22:42:26",39
"2018-11-24 23:42:27",39
"2018-11-25 00:42:27",39
"2018-11-25 01:42:27",39
"2018-11-25 02:42:27",39
"2018-11-25 03:42:26",39
"2018-11-25 04:42:27",39
"2018-11-25 05:42:27",39
"2018-11-25 06:42:27",39
"2018-11-25 07:42:26",39
"2018-11-25 08:42:26",39
"2018-11-25 09:42:27",39
"2018-11-25 10:42:26",39
"2018-11-25 11:42:27",39
"2018-11-25 12:42:26",39
"2018-11-25 13:42:27",39
"2018-11-25 14:42:27",39
"2018-11-25 15:42:26",39
"2018-11-25 16:42:27",39
"2018-11-25 17:42:27",39
"2018-11-25 18:42:27",39
"2018-11-25 19:42:28",39
"2018-11-25 20:42:27",39
"2018-11-25 21:42:26",39
"2018-11-25 22:42:27",39
"2018-11-25 23:42:27",39
"2018-11-26 00:42:26",39
"2018-11-26 01:42:27",39
"2018-11-26 02:42:28",39
"2018-11-26 03:42:26",39
"2018-11-26 04:42:26",39
"2018-11-26 05:42:27",39
"2018-11-26 06:42:26",39
"2018-11-26 07:42:26",39
"2018-11-26 08:42:26",39
"2018-11-26 09:42:27",39
"2018-11-26 10:42:27",39
"2018-11-26 11:42:27",39
"2018-11-26 12:42:26",39
"2018-11-26 13:42:26",39
"2018-11-26 14:42:29",39
"2018-11-26 15:42:27",39
"2018-11-26 16:42:26",39
"2018-11-26 17:42:27",39
"2018-11-26 18:42:27",39
"2018-11-26 19:42:26",38
"2018-11-26 20:42:27",38
"2018-11-26 21:42:25",38
"2018-11-26 22:42:28",38
"2018-11-26 23:42:29",38
"2018-11-27 00:42:28",38
"2018-11-27 01:42:27",38
"2018-11-27 02:42:27",38
"2018-11-27 03:42:26",38
"2018-11-27 04:42:26",38
"2018-11-27 05:42:26",38
"2018-11-27 06:42:26",38
"2018-11-27 07:42:26",38
"2018-11-27 08:42:26",38
"2018-11-27 09:42:26",38
"2018-11-27 10:44:13",38
"2018-11-27 11:42:26",38
"2018-11-27 12:42:26",38
"2018-11-27 13:42:27",38
"2018-11-27 14:42:29",38
"2018-11-27 15:42:28",38
"2018-11-27 16:42:29",38
"2018-11-27 17:42:29",38
"2018-11-27 18:42:28",38
"2018-11-27 19:42:28",38
"2018-11-27 20:42:28",38
"2018-11-27 21:42:29",38
"2018-11-27 22:42:29",38
"2018-11-27 23:42:28",38
"2018-11-28 00:42:28",38
"2018-11-28 01:42:27",38
"2018-11-28 02:42:27",38
"2018-11-28 03:42:29",38
"2018-11-28 04:42:29",38
"2018-11-28 05:42:28",38
"2018-11-28 06:42:27",38
"2018-11-28 07:42:26",38
"2018-11-28 08:42:28",38
"2018-11-28 09:42:30",38
"2018-11-28 10:42:28",38
"2018-11-28 11:42:27",38
"2018-11-28 12:42:27",38
"2018-11-28 14:07:29",38
"2018-11-28 14:42:28",38
"2018-11-28 15:42:30",38
"2018-11-28 16:42:28",38
"2018-11-28 17:42:30",38
"2018-11-28 18:42:27",38
"2018-11-28 19:42:28",38
"2018-11-28 20:42:28",38
"2018-11-28 21:42:27",38
"2018-11-28 22:42:26",38
"2018-11-28 23:42:25",38
"2018-11-29 00:42:26",38
"2018-11-29 01:42:27",38
"2018-11-29 02:42:26",38
"2018-11-29 03:42:26",38
"2018-11-29 04:42:26",38
"2018-11-29 05:42:26",38
"2018-11-29 06:42:26",38
"2018-11-29 07:42:25",38
"2018-11-29 08:42:25",38
"2018-11-29 09:42:26",38
"2018-11-29 10:42:26",38
"2018-11-29 11:42:25",38
"2018-11-29 12:42:26",38
"2018-11-29 13:42:27",38
"2018-11-29 15:07:31",38
"2018-11-29 15:42:27",38
"2018-11-29 16:42:27",38
"2018-11-29 17:42:29",38
"2018-11-29 18:42:29",38
"2018-11-29 19:42:27",38
"2018-11-29 20:42:25",38
"2018-11-29 21:42:27",38
"2018-11-29 22:42:27",38
"2018-11-29 23:42:27",38
"2018-11-30 00:42:28",38
"2018-11-30 01:42:28",38
"2018-11-30 02:42:26",38
"2018-11-30 03:42:28",38
"2018-11-30 04:42:26",38
"2018-11-30 05:42:28",38
"2018-11-30 06:42:27",38
"2018-11-30 07:42:26",38
"2018-11-30 08:42:26",38
"2018-11-30 09:42:27",38
"2018-11-30 10:42:26",38
"2018-11-30 11:42:25",38
"2018-11-30 12:42:26",38
"2018-11-30 13:42:26",38
"2018-11-30 14:42:29",38
"2018-11-30 15:42:27",38
"2018-11-30 16:42:27",38
"2018-11-30 17:42:27",38
"2018-11-30 18:42:26",38
"2018-11-30 19:42:26",38
"2018-11-30 20:42:27",38
"2018-11-30 21:42:26",38
"2018-11-30 22:42:28",38
"2018-11-30 23:42:27",38
"2018-12-01 00:42:26",38
"2018-12-01 01:42:26",38
"2018-12-01 02:42:26",38
"2018-12-01 03:42:26",38
"2018-12-01 04:42:26",38
"2018-12-01 05:42:27",38
"2018-12-01 06:42:26",38
"2018-12-01 07:42:25",38
"2018-12-01 08:42:26",38
"2018-12-01 09:42:26",38
"2018-12-01 10:42:26",38
"2018-12-01 11:42:26",38
"2018-12-01 12:42:26",38
"2018-12-01 13:42:26",38
"2018-12-01 14:42:25",38
"2018-12-01 15:42:26",38
"2018-12-01 16:42:26",38
"2018-12-01 17:42:26",38
"2018-12-01 18:42:26",38
"2018-12-01 19:42:25",38
"2018-12-01 20:42:26",38
"2018-12-01 21:42:25",38
"2018-12-01 22:42:28",38
"2018-12-01 23:42:27",38
"2018-12-02 00:42:25",38
"2018-12-02 01:42:26",38
"2018-12-02 02:42:26",38
"2018-12-02 03:42:26",38
"2018-12-02 04:42:26",38
"2018-12-02 05:42:26",38
"2018-12-02 06:42:26",38
"2018-12-02 07:42:27",38
"2018-12-02 08:42:28",38
"2018-12-02 09:42:26",38
"2018-12-02 10:42:27",38
"2018-12-02 11:42:26",38
"2018-12-02 12:42:25",38
"2018-12-02 13:42:26",38
"2018-12-02 14:42:25",38
"2018-12-02 15:42:26",38
"2018-12-02 16:42:26",38
"2018-12-02 17:42:25",38
"2018-12-02 18:42:25",38
"2018-12-02 19:42:26",38
"2018-12-02 20:42:26",38
"2018-12-02 21:42:25",38
"2018-12-02 22:42:25",38
"2018-12-02 23:42:26",38
"2018-12-03 00:42:26",38
"2018-12-03 01:42:25",38
"2018-12-03 02:42:26",38
"2018-12-03 03:42:26",38
"2018-12-03 04:42:27",38
"2018-12-03 05:42:25",38
"2018-12-03 06:42:27",38
"2018-12-03 07:42:26",38
"2018-12-03 08:42:26",38
"2018-12-03 09:42:27",38
"2018-12-03 10:42:26",38
"2018-12-03 11:42:26",38
"2018-12-03 12:42:25",38
"2018-12-03 13:42:25",38
"2018-12-03 14:42:30",38
"2018-12-03 15:42:26",38
"2018-12-03 16:42:28",38
"2018-12-03 17:42:28",38
"2018-12-03 18:42:27",38
"2018-12-03 19:42:25",38
"2018-12-03 20:42:27",38
"2018-12-03 21:42:26",38
"2018-12-03 22:42:27",38
"2018-12-03 23:42:29",38
"2018-12-04 00:42:27",38
"2018-12-04 01:42:26",38
"2018-12-04 02:42:27",38
"2018-12-04 03:42:27",38
"2018-12-04 04:42:26",38
"2018-12-04 05:42:28",38
"2018-12-04 06:42:28",38
"2018-12-04 07:42:27",38
"2018-12-04 08:42:27",38
"2018-12-04 09:42:26",38
"2018-12-04 10:42:25",38
"2018-12-04 11:42:26",38
"2018-12-04 12:42:26",38
"2018-12-04 13:42:26",38
"2018-12-04 15:09:00",38
"2018-12-04 15:42:27",38
"2018-12-04 16:42:26",38
"2018-12-04 17:42:27",38
"2018-12-04 18:42:27",38
"2018-12-04 19:42:27",38
"2018-12-04 20:42:27",38
"2018-12-04 21:42:27",38
"2018-12-04 22:42:29",38
"2018-12-04 23:42:28",38
"2018-12-05 00:42:28",38
"2018-12-05 01:42:28",38
"2018-12-05 02:42:28",38
"2018-12-05 03:42:27",38
"2018-12-05 04:42:29",38
"2018-12-05 05:42:30",38
"2018-12-05 06:42:27",38
"2018-12-05 07:42:26",38
"2018-12-05 08:42:26",38
"2018-12-05 09:42:25",38
"2018-12-05 10:42:27",38
"2018-12-05 11:42:27",38
"2018-12-05 12:42:26",38
"2018-12-05 13:42:25",38
"2018-12-05 14:42:27",38
"2018-12-05 15:42:28",38
"2018-12-05 16:42:27",38
"2018-12-05 17:42:28",38
"2018-12-05 18:42:27",38
"2018-12-05 19:42:29",38
"2018-12-05 20:42:28",38
"2018-12-05 21:42:29",38
"2018-12-05 22:42:28",38
"2018-12-05 23:42:29",38
"2018-12-06 00:42:29",38
"2018-12-06 01:42:29",38
"2018-12-06 02:42:28",38
"2018-12-06 03:42:29",38
"2018-12-06 04:42:26",38
"2018-12-06 05:42:27",38
"2018-12-06 06:42:27",38
"2018-12-06 07:42:26",38
"2018-12-06 08:42:29",38
"2018-12-06 09:42:28",38
"2018-12-06 10:42:27",38
"2018-12-06 11:42:28",38
"2018-12-06 12:42:28",38
"2018-12-06 13:42:28",38
"2018-12-06 14:42:29",38
"2018-12-06 15:42:28",39
"2018-12-06 16:42:28",39
"2018-12-06 17:42:29",39
"2018-12-06 18:42:28",39
"2018-12-06 19:42:27",39
"2018-12-06 20:42:27",39
"2018-12-06 21:42:28",39
"2018-12-06 22:42:27",39
"2018-12-06 23:42:30",39
"2018-12-07 00:42:31",39
"2018-12-07 01:42:31",39
"2018-12-07 02:42:30",39
"2018-12-07 03:42:31",39
"2018-12-07 04:42:32",39
"2018-12-07 05:42:31",39
"2018-12-07 06:42:31",39
"2018-12-07 07:42:30",39
"2018-12-07 08:42:30",39
"2018-12-07 09:42:30",39
"2018-12-07 10:42:30",39
"2018-12-07 11:42:30",39
"2018-12-07 12:42:31",39
"2018-12-07 14:07:31",39
"2018-12-07 14:42:33",39
"2018-12-07 16:07:35",39
"2018-12-07 16:42:30",39
"2018-12-07 17:42:31",39
"2018-12-07 18:42:30",39
"2018-12-07 19:42:33",39
"2018-12-07 20:42:31",39
"2018-12-07 21:42:30",39
"2018-12-07 22:42:32",39
"2018-12-07 23:42:33",39
"2018-12-08 00:42:32",39
"2018-12-08 01:42:31",39
"2018-12-08 03:42:33",39
"2018-12-08 04:42:32",39
"2018-12-08 05:42:33",39
"2018-12-08 06:42:30",39
"2018-12-08 07:42:32",39
"2018-12-08 08:42:31",39
"2018-12-08 09:42:31",39
"2018-12-08 10:42:32",39
"2018-12-08 11:42:31",39
"2018-12-08 12:42:32",39
"2018-12-08 13:42:30",39
"2018-12-08 14:42:31",39
"2018-12-08 15:42:31",39
"2018-12-08 16:42:32",39
"2018-12-08 17:42:31",39
"2018-12-08 18:42:30",39
"2018-12-08 19:42:31",39
"2018-12-08 20:42:34",39
"2018-12-08 21:42:34",39
"2018-12-08 22:42:31",39
"2018-12-08 23:42:33",39
"2018-12-09 00:42:32",39
"2018-12-09 01:42:33",39
"2018-12-09 02:42:32",39
"2018-12-09 03:42:31",39
"2018-12-09 04:42:31",39
"2018-12-09 05:42:31",39
"2018-12-09 06:42:31",39
"2018-12-09 07:42:33",39
"2018-12-09 08:42:31",39
"2018-12-09 09:42:34",39
"2018-12-09 10:42:31",39
"2018-12-09 11:42:33",39
"2018-12-09 12:42:31",39
"2018-12-09 13:42:32",39
"2018-12-09 14:42:31",39
"2018-12-09 15:42:32",39
"2018-12-09 16:42:31",39
"2018-12-09 17:42:31",39
"2018-12-09 18:42:31",39
"2018-12-09 19:42:30",39
"2018-12-09 20:42:31",39
"2018-12-09 21:42:31",39
"2018-12-09 22:42:33",39
"2018-12-09 23:42:32",39
"2018-12-10 00:42:33",39
"2018-12-10 01:42:31",39
"2018-12-10 02:42:31",39
"2018-12-10 03:42:31",39
"2018-12-10 04:42:33",39
"2018-12-10 05:42:31",39
"2018-12-10 06:42:34",39
"2018-12-10 07:42:34",39
"2018-12-10 08:42:31",39
"2018-12-10 09:42:32",39
"2018-12-10 10:42:32",39
"2018-12-10 11:42:31",39
"2018-12-10 12:42:32",39
"2018-12-10 13:42:34",39
"2018-12-10 15:06:06",39
"2018-12-10 15:42:30",39
"2018-12-10 16:42:31",39
"2018-12-10 17:42:32",39
"2018-12-10 18:42:31",39
"2018-12-10 19:42:31",39
"2018-12-10 20:42:29",39
"2018-12-10 21:42:31",39
"2018-12-10 22:42:31",39
"2018-12-10 23:42:31",39
"2018-12-11 00:42:30",39
"2018-12-11 01:42:30",39
"2018-12-11 02:42:30",39
"2018-12-11 03:42:31",39
"2018-12-11 04:42:29",39
"2018-12-11 05:42:32",39
"2018-12-11 06:42:31",39
"2018-12-11 07:42:31",39
"2018-12-11 08:42:31",39
"2018-12-11 09:42:30",39
"2018-12-11 10:42:30",39
"2018-12-11 11:42:31",39
"2018-12-11 12:42:31",39
"2018-12-11 13:42:30",39
"2018-12-11 15:07:04",39
"2018-12-11 15:42:31",39
"2018-12-11 16:42:31",39
"2018-12-11 17:42:31",39
"2018-12-11 18:42:31",39
"2018-12-11 19:42:31",39
"2018-12-11 20:42:31",39
"2018-12-11 21:42:33",39
"2018-12-11 22:42:32",39
"2018-12-11 23:42:31",39
"2018-12-12 00:42:30",39
"2018-12-12 01:42:30",39
"2018-12-12 02:42:31",39
"2018-12-12 03:42:31",39
"2018-12-12 04:42:30",39
"2018-12-12 05:42:29",39
"2018-12-12 06:42:30",39
"2018-12-12 07:42:30",39
"2018-12-12 08:42:31",39
"2018-12-12 09:42:30",39
"2018-12-12 10:42:31",39
"2018-12-12 11:42:32",39
"2018-12-12 12:42:33",39
"2018-12-12 14:08:06",39
"2018-12-12 14:42:32",39
"2018-12-12 15:42:31",39
"2018-12-12 16:42:32",39
"2018-12-12 17:42:31",39
"2018-12-12 18:42:30",39
"2018-12-12 19:42:31",39
"2018-12-12 20:42:31",39
"2018-12-12 21:42:31",39
"2018-12-12 22:42:31",39
"2018-12-12 23:42:31",39
"2018-12-13 00:42:30",39
"2018-12-13 01:42:31",39
"2018-12-13 02:42:32",39
"2018-12-13 03:42:30",39
"2018-12-13 04:42:34",39
"2018-12-13 05:42:33",39
"2018-12-13 06:42:32",39
"2018-12-13 07:42:31",39
"2018-12-13 08:42:30",39
"2018-12-13 09:42:30",39
"2018-12-13 10:42:30",39
"2018-12-13 11:42:30",39
"2018-12-13 12:42:30",39
"2018-12-13 14:06:34",39
"2018-12-13 14:42:31",39
"2018-12-13 15:42:32",39
"2018-12-13 16:42:31",39
"2018-12-13 17:42:32",39
"2018-12-13 18:42:32",39
"2018-12-13 19:42:31",40
"2018-12-13 20:42:31",40
"2018-12-13 21:42:31",40
"2018-12-13 22:42:32",40
"2018-12-13 23:42:31",40
"2018-12-14 00:42:31",40
"2018-12-14 01:42:31",40
"2018-12-14 02:42:30",40
"2018-12-14 03:42:30",40
"2018-12-14 04:42:32",40
"2018-12-14 05:42:31",40
"2018-12-14 06:42:31",40
"2018-12-14 07:42:31",40
"2018-12-14 08:42:31",40
"2018-12-14 09:42:31",40
"2018-12-14 10:42:31",40
"2018-12-14 11:42:31",40
"2018-12-14 12:42:31",40
"2018-12-14 14:06:33",40
"2018-12-14 14:42:33",40
"2018-12-14 15:42:33",40
"2018-12-14 16:42:32",40
"2018-12-14 17:42:33",40
"2018-12-14 18:42:35",40
"2018-12-14 19:42:35",40
"2018-12-14 20:42:34",40
"2018-12-14 21:42:31",40
"2018-12-14 22:42:34",40
"2018-12-14 23:42:33",40
"2018-12-15 00:42:32",40
"2018-12-15 01:42:34",40
"2018-12-15 02:42:31",40
"2018-12-15 03:42:32",40
"2018-12-15 04:42:31",40
"2018-12-15 05:42:34",40
"2018-12-15 06:42:32",40
"2018-12-15 07:42:32",40
"2018-12-15 08:42:31",40
"2018-12-15 09:42:31",40
"2018-12-15 10:42:32",40
"2018-12-15 11:42:32",40
"2018-12-15 12:42:32",40
"2018-12-15 13:42:32",40
"2018-12-15 14:42:32",40
"2018-12-15 15:42:33",40
"2018-12-15 16:42:32",40
"2018-12-15 17:42:33",40
"2018-12-15 18:42:32",40
"2018-12-15 19:42:32",40
"2018-12-15 20:42:32",40
"2018-12-15 21:42:31",40
"2018-12-15 22:42:32",40
"2018-12-15 23:42:31",40
"2018-12-16 00:42:32",40
"2018-12-16 01:42:32",40
"2018-12-16 02:42:31",40
"2018-12-16 03:42:32",40
"2018-12-16 04:42:34",40
"2018-12-16 05:42:31",40
"2018-12-16 06:42:34",40
"2018-12-16 07:42:32",40
"2018-12-16 08:42:31",40
"2018-12-16 09:42:33",40
"2018-12-16 10:42:31",40
"2018-12-16 11:42:32",40
"2018-12-16 12:42:31",40
"2018-12-16 13:42:32",40
"2018-12-16 14:42:31",40
"2018-12-16 15:42:31",40
"2018-12-16 16:42:31",40
"2018-12-16 17:42:34",40
"2018-12-16 18:42:31",40
"2018-12-16 19:42:32",40
"2018-12-16 20:42:32",40
"2018-12-16 21:42:31",40
"2018-12-16 22:42:33",40
"2018-12-16 23:42:34",40
"2018-12-17 00:42:32",40
"2018-12-17 01:42:31",40
"2018-12-17 02:42:32",40
"2018-12-17 03:42:32",40
"2018-12-17 04:42:35",40
"2018-12-17 05:42:31",40
"2018-12-17 06:42:33",40
"2018-12-17 07:42:32",40
"2018-12-17 08:42:32",40
"2018-12-17 09:42:32",40
"2018-12-17 10:42:32",40
"2018-12-17 11:42:31",40
"2018-12-17 12:42:32",40
"2018-12-17 13:42:33",40
"2018-12-17 14:42:35",40
"2018-12-17 15:42:32",39
"2018-12-17 16:42:33",39
"2018-12-17 17:42:32",39
"2018-12-17 18:42:33",39
"2018-12-17 20:08:05",39
"2018-12-17 20:42:33",39
"2018-12-17 21:42:34",39
"2018-12-17 22:42:33",39
"2018-12-17 23:42:31",39
"2018-12-18 00:42:32",39
"2018-12-18 01:42:33",39
"2018-12-18 02:42:31",39
"2018-12-18 03:42:32",39
"2018-12-18 04:42:31",39
"2018-12-18 05:42:32",39
"2018-12-18 06:42:32",39
"2018-12-18 07:42:32",39
"2018-12-18 08:42:32",39
"2018-12-18 09:42:31",39
"2018-12-18 10:42:32",39
"2018-12-18 11:42:31",39
"2018-12-18 12:42:32",39
"2018-12-18 13:42:32",39
"2018-12-18 14:42:32",39
"2018-12-18 15:42:32",39
"2018-12-18 16:42:31",39
"2018-12-18 17:42:32",39
"2018-12-18 18:42:31",39
"2018-12-18 19:42:31",39
"2018-12-18 20:42:33",39
"2018-12-18 21:42:33",39
"2018-12-18 22:42:32",39
"2018-12-18 23:42:33",39
"2018-12-19 00:42:32",39
"2018-12-19 01:42:33",39
"2018-12-19 02:42:32",39
"2018-12-19 03:42:33",39
"2018-12-19 04:42:33",39
"2018-12-19 05:42:34",39
"2018-12-19 06:42:33",39
"2018-12-19 07:42:32",39
"2018-12-19 08:42:32",39
"2018-12-19 09:42:33",39
"2018-12-19 11:42:32",39
"2018-12-19 12:42:32",39
"2018-12-19 13:42:31",39
"2018-12-19 14:42:32",39
"2018-12-19 15:42:32",40
"2018-12-19 16:42:32",39
"2018-12-19 17:42:31",40
"2018-12-19 18:42:33",40
"2018-12-19 19:42:32",40
"2018-12-19 20:42:32",40
"2018-12-19 21:42:36",40
"2018-12-19 22:42:35",40
"2018-12-19 23:42:35",40
"2018-12-20 00:42:35",40
"2018-12-20 01:42:34",40
"2018-12-20 02:42:34",40
"2018-12-20 03:42:34",40
"2018-12-20 04:42:34",40
"2018-12-20 05:42:32",40
"2018-12-20 06:42:32",40
"2018-12-20 07:42:34",40
"2018-12-20 08:42:34",40
"2018-12-20 09:42:32",40
"2018-12-20 10:42:33",40
"2018-12-20 11:42:32",40
"2018-12-20 12:42:31",40
"2018-12-20 13:42:32",40
"2018-12-20 14:42:34",40
"2018-12-20 15:42:33",39
"2018-12-20 16:42:35",39
"2018-12-20 17:42:33",38
"2018-12-20 18:42:32",38
"2018-12-20 19:42:32",38
"2018-12-20 20:42:34",37
"2018-12-20 21:42:33",37
"2018-12-20 22:42:34",37
"2018-12-20 23:42:34",37
"2018-12-21 00:42:33",37
"2018-12-21 01:42:33",37
"2018-12-21 02:42:34",37
"2018-12-21 03:42:32",37
"2018-12-21 04:42:34",37
"2018-12-21 05:42:31",37
"2018-12-21 06:42:33",37
"2018-12-21 07:42:31",37
"2018-12-21 08:42:31",37
"2018-12-21 09:42:32",37
"2018-12-21 10:42:31",37
"2018-12-21 11:42:32",37
"2018-12-21 12:42:32",37
"2018-12-21 13:42:32",37
"2018-12-21 14:42:34",37
"2018-12-21 15:42:33",37
"2018-12-21 16:42:33",37
"2018-12-21 17:42:33",38
"2018-12-21 18:42:36",38
"2018-12-21 19:42:32",38
"2018-12-21 20:42:36",38
"2018-12-21 21:42:34",38
"2018-12-21 22:42:34",38
"2018-12-21 23:42:33",38
"2018-12-22 00:42:34",38
"2018-12-22 01:42:34",38
"2018-12-22 02:42:36",38
"2018-12-22 03:42:31",38
"2018-12-22 04:42:35",38
"2018-12-22 05:42:31",38
"2018-12-22 06:42:34",38
"2018-12-22 07:42:34",38
"2018-12-22 08:42:31",38
"2018-12-22 09:42:31",38
"2018-12-22 10:42:32",38
"2018-12-22 11:42:31",38
"2018-12-22 12:42:31",38
"2018-12-22 13:42:31",38
"2018-12-22 14:42:32",38
"2018-12-22 15:42:32",38
"2018-12-22 16:42:31",38
"2018-12-22 17:42:32",38
"2018-12-22 18:42:31",38
"2018-12-22 19:42:34",38
"2018-12-22 20:42:33",38
"2018-12-22 21:42:33",38
"2018-12-22 22:42:34",38
"2018-12-22 23:42:32",38
"2018-12-23 00:42:32",38
"2018-12-23 01:42:33",38
"2018-12-23 02:42:32",38
"2018-12-23 03:42:34",38
"2018-12-23 04:42:33",38
"2018-12-23 05:42:32",38
"2018-12-23 06:42:34",38
"2018-12-23 07:42:32",38
"2018-12-23 08:42:33",38
"2018-12-23 09:42:32",38
"2018-12-23 10:42:35",38
"2018-12-23 11:42:33",38
"2018-12-23 12:42:32",38
"2018-12-23 13:42:33",38
"2018-12-23 14:42:33",38
"2018-12-23 15:42:34",38
"2018-12-23 16:42:34",38
"2018-12-23 17:42:35",38
"2018-12-23 18:42:34",38
"2018-12-23 19:42:33",38
"2018-12-23 20:42:34",38
"2018-12-23 21:42:35",38
"2018-12-23 22:42:33",38
"2018-12-23 23:42:31",38
"2018-12-24 00:42:33",38
"2018-12-24 01:42:35",38
"2018-12-24 02:42:36",38
"2018-12-24 03:42:35",38
"2018-12-24 04:42:31",38
"2018-12-24 05:42:32",38
"2018-12-24 06:42:33",38
"2018-12-24 07:42:35",38
"2018-12-24 08:42:32",38
"2018-12-24 09:42:36",38
"2018-12-24 10:42:32",38
"2018-12-24 11:42:33",38
"2018-12-24 12:42:32",38
"2018-12-24 13:42:33",38
"2018-12-24 15:06:10",38
"2018-12-24 15:42:36",38
"2018-12-24 16:42:34",38
"2018-12-24 17:42:34",38
"2018-12-24 18:42:36",38
"2018-12-24 19:42:35",38
"2018-12-24 20:42:35",38
"2018-12-24 21:42:31",38
"2018-12-24 22:42:32",38
"2018-12-24 23:42:31",38
"2018-12-25 00:42:33",38
"2018-12-25 01:42:31",38
"2018-12-25 02:42:34",38
"2018-12-25 03:42:33",38
"2018-12-25 04:42:33",38
"2018-12-25 05:42:33",38
"2018-12-25 06:42:33",38
"2018-12-25 07:42:33",38
"2018-12-25 08:42:32",38
"2018-12-25 09:42:31",38
"2018-12-25 10:42:31",38
"2018-12-25 11:42:31",38
"2018-12-25 12:42:32",38
"2018-12-25 13:42:32",38
"2018-12-25 14:42:32",38
"2018-12-25 15:42:32",38
"2018-12-25 16:42:31",38
"2018-12-25 17:42:33",38
"2018-12-25 18:42:32",38
"2018-12-25 19:42:32",38
"2018-12-25 20:42:32",38
"2018-12-25 21:42:32",38
"2018-12-25 22:42:32",38
"2018-12-25 23:42:32",38
"2018-12-26 00:42:33",38
"2018-12-26 01:42:32",38
"2018-12-26 02:42:32",38
"2018-12-26 03:42:32",38
"2018-12-26 04:42:31",38
"2018-12-26 05:42:31",38
"2018-12-26 06:42:35",38
"2018-12-26 07:42:33",38
"2018-12-26 08:42:34",38
"2018-12-26 09:42:31",38
"2018-12-26 10:42:33",38
"2018-12-26 11:42:31",38
"2018-12-26 12:42:32",38
"2018-12-26 13:42:36",38
"2018-12-26 15:07:39",38
"2018-12-26 15:42:33",38
"2018-12-26 16:42:33",38
"2018-12-26 17:42:34",38
"2018-12-26 18:42:32",38
"2018-12-26 19:42:34",38
"2018-12-26 20:42:34",38
"2018-12-26 21:42:34",38
"2018-12-26 22:42:34",38
"2018-12-26 23:42:34",38
"2018-12-27 00:42:34",38
"2018-12-27 01:42:35",38
"2018-12-27 02:42:34",38
"2018-12-27 03:42:35",38
"2018-12-27 04:42:32",38
"2018-12-27 05:42:34",38
"2018-12-27 06:42:32",38
"2018-12-27 07:42:33",38
"2018-12-27 08:42:32",38
"2018-12-27 09:42:33",38
"2018-12-27 10:42:34",38
"2018-12-27 11:42:32",38
"2018-12-27 12:42:32",38
"2018-12-27 13:42:31",38
"2018-12-27 14:42:32",38
"2018-12-27 15:42:31",38
"2018-12-27 16:42:32",38
"2018-12-27 17:42:34",38
"2018-12-27 18:42:35",38
"2018-12-27 19:42:35",39
"2018-12-27 20:42:32",39
"2018-12-27 21:42:34",39
"2018-12-27 22:42:38",39
"2018-12-27 23:42:39",39
"2018-12-28 00:42:37",39
"2018-12-28 01:42:35",39
"2018-12-28 02:42:35",39
"2018-12-28 03:42:32",39
"2018-12-28 04:42:34",39
"2018-12-28 05:42:33",39
"2018-12-28 06:42:36",39
"2018-12-28 07:42:37",39
"2018-12-28 08:42:34",39
"2018-12-28 09:42:35",39
"2018-12-28 10:42:32",39
"2018-12-28 11:42:33",39
"2018-12-28 12:42:32",39
"2018-12-28 13:42:32",39
"2018-12-28 14:42:34",39
"2018-12-28 16:08:07",40
"2018-12-28 16:42:33",40
"2018-12-28 17:42:35",39
"2018-12-28 18:42:35",40
"2018-12-28 19:42:33",40
"2018-12-28 20:42:35",40
"2018-12-28 21:42:36",40
"2018-12-28 22:42:33",40
"2018-12-28 23:42:35",40
"2018-12-29 00:42:34",40
"2018-12-29 01:42:33",40
"2018-12-29 02:42:34",40
"2018-12-29 03:42:33",40
"2018-12-29 04:42:34",40
"2018-12-29 05:42:34",40
"2018-12-29 06:42:32",40
"2018-12-29 07:42:37",40
"2018-12-29 08:42:36",40
"2018-12-29 09:42:35",40
"2018-12-29 10:42:34",40
"2018-12-29 11:42:34",40
"2018-12-29 12:42:33",40
"2018-12-29 13:42:33",40
"2018-12-29 14:42:32",40
"2018-12-29 15:42:32",40
"2018-12-29 16:42:34",40
"2018-12-29 17:42:33",40
"2018-12-29 18:42:35",40
"2018-12-29 19:42:36",40
"2018-12-29 20:42:33",40
"2018-12-29 21:42:37",40
"2018-12-29 22:42:34",40
"2018-12-29 23:42:37",40
"2018-12-30 00:42:33",40
"2018-12-30 01:42:35",40
"2018-12-30 02:42:32",40
"2018-12-30 03:42:34",40
"2018-12-30 04:42:33",40
"2018-12-30 05:42:33",40
"2018-12-30 06:42:32",40
"2018-12-30 07:42:32",40
"2018-12-30 08:42:32",40
"2018-12-30 09:42:32",40
"2018-12-30 10:42:32",40
"2018-12-30 11:42:33",40
"2018-12-30 12:42:33",40
"2018-12-30 13:42:33",40
"2018-12-30 14:42:33",40
"2018-12-30 15:42:32",40
"2018-12-30 16:42:32",40
"2018-12-30 17:42:33",40
"2018-12-30 18:42:32",40
"2018-12-30 19:42:33",40
"2018-12-30 20:42:32",40
"2018-12-30 21:42:34",40
"2018-12-30 22:42:35",40
"2018-12-30 23:42:34",40
"2018-12-31 00:42:33",40
"2018-12-31 01:42:33",40
"2018-12-31 02:42:32",40
"2018-12-31 03:42:35",40
"2018-12-31 04:42:34",40
"2018-12-31 05:42:37",40
"2018-12-31 06:42:33",40
"2018-12-31 07:42:33",40
"2018-12-31 08:42:33",40
"2018-12-31 09:42:34",40
"2018-12-31 10:42:34",40
"2018-12-31 11:42:33",40
"2018-12-31 12:42:32",40
"2018-12-31 13:42:32",40
"2018-12-31 14:42:36",40
"2018-12-31 15:42:33",39
"2018-12-31 16:42:33",39
"2018-12-31 17:42:34",39
"2018-12-31 18:42:34",39
"2018-12-31 19:42:35",39
"2018-12-31 20:42:34",39
"2018-12-31 21:42:34",39
"2018-12-31 22:42:33",39
"2018-12-31 23:42:32",39
"2019-01-01 00:42:34",39
"2019-01-01 01:42:34",39
"2019-01-01 02:42:34",39
"2019-01-01 03:42:32",39
"2019-01-01 04:42:33",39
"2019-01-01 05:42:33",39
"2019-01-01 06:42:33",39
"2019-01-01 07:42:32",39
"2019-01-01 08:42:33",39
"2019-01-01 09:42:32",39
"2019-01-01 10:42:32",39
"2019-01-01 11:42:32",39
"2019-01-01 12:42:32",39
"2019-01-01 13:42:32",39
"2019-01-01 14:42:33",39
"2019-01-01 15:42:33",39
"2019-01-01 16:42:32",39
"2019-01-01 17:42:33",39
"2019-01-01 18:42:32",39
"2019-01-01 19:42:33",39
"2019-01-01 20:42:32",39
"2019-01-01 21:42:32",39
"2019-01-01 22:42:35",39
"2019-01-01 23:42:32",39
"2019-01-02 00:42:33",39
"2019-01-02 01:42:32",39
"2019-01-02 02:42:34",39
"2019-01-02 03:42:33",39
"2019-01-02 04:42:33",39
"2019-01-02 05:42:35",39
"2019-01-02 06:42:33",39
"2019-01-02 07:42:34",39
"2019-01-02 08:42:33",39
"2019-01-02 09:42:33",39
"2019-01-02 10:42:34",39
"2019-01-02 11:42:32",39
"2019-01-02 12:42:32",39
"2019-01-02 13:42:33",39
"2019-01-02 15:07:39",42
"2019-01-02 15:42:33",42
"2019-01-02 16:42:32",43
"2019-01-02 17:42:33",43
"2019-01-02 18:42:35",43
"2019-01-02 19:42:34",43
"2019-01-02 20:42:34",43
"2019-01-02 21:42:32",44
"2019-01-02 22:42:33",44
"2019-01-02 23:42:36",44
"2019-01-03 00:42:34",44
"2019-01-03 01:42:33",44
"2019-01-03 02:42:33",44
"2019-01-03 03:42:33",44
"2019-01-03 05:42:35",44
"2019-01-03 06:42:33",44
"2019-01-03 07:42:33",44
"2019-01-03 08:42:33",44
"2019-01-03 09:42:33",44
"2019-01-03 10:42:33",44
"2019-01-03 11:42:32",44
"2019-01-03 12:42:33",44
"2019-01-03 13:42:31",44
"2019-01-03 14:42:35",44
"2019-01-03 15:42:36",43
"2019-01-03 16:42:36",43
"2019-01-03 17:42:37",43
"2019-01-03 18:42:35",43
"2019-01-03 19:42:36",44
"2019-01-03 20:42:33",44
"2019-01-03 21:42:35",44
"2019-01-03 22:42:36",44
"2019-01-03 23:42:33",44
"2019-01-04 00:42:35",44
"2019-01-04 01:42:34",44
"2019-01-04 02:42:36",44
"2019-01-04 03:42:34",44
"2019-01-04 04:42:33",44
"2019-01-04 05:42:35",44
"2019-01-04 06:42:35",44
"2019-01-04 07:42:33",44
"2019-01-04 08:42:34",44
"2019-01-04 09:42:34",44
"2019-01-04 10:42:33",44
"2019-01-04 11:42:33",44
"2019-01-04 12:42:33",44
"2019-01-04 13:42:33",44
"2019-01-04 15:07:11",44
"2019-01-04 15:42:37",44
"2019-01-04 16:42:35",44
"2019-01-04 17:42:34",43
"2019-01-04 18:42:37",42
"2019-01-04 19:42:36",42
"2019-01-04 20:42:35",42
"2019-01-04 21:42:36",42
"2019-01-04 22:42:33",41
"2019-01-04 23:42:35",41
"2019-01-05 00:42:37",41
"2019-01-05 01:42:35",41
"2019-01-05 02:42:36",41
"2019-01-05 03:42:34",41
"2019-01-05 04:42:35",41
"2019-01-05 05:42:34",41
"2019-01-05 06:42:33",41
"2019-01-05 07:42:34",41
"2019-01-05 08:42:36",41
"2019-01-05 09:42:36",41
"2019-01-05 10:42:34",41
"2019-01-05 11:42:33",41
"2019-01-05 12:42:33",41
"2019-01-05 13:42:34",41
"2019-01-05 14:42:33",41
"2019-01-05 15:42:33",41
"2019-01-05 16:42:33",41
"2019-01-05 17:42:34",41
"2019-01-05 18:42:34",41
"2019-01-05 19:42:37",41
"2019-01-05 20:42:34",41
"2019-01-05 21:42:36",41
"2019-01-05 22:42:34",41
"2019-01-05 23:42:34",41
"2019-01-06 00:42:34",41
"2019-01-06 01:42:34",41
"2019-01-06 02:42:33",41
"2019-01-06 03:42:34",41
"2019-01-06 04:42:34",41
"2019-01-06 05:42:34",41
"2019-01-06 06:42:33",41
"2019-01-06 07:42:35",41
"2019-01-06 08:42:32",41
"2019-01-06 09:42:32",41
"2019-01-06 10:42:33",41
"2019-01-06 11:42:33",41
"2019-01-06 12:42:34",41
"2019-01-06 13:42:34",41
"2019-01-06 14:42:33",41
"2019-01-06 15:42:34",41
"2019-01-06 16:42:34",41
"2019-01-06 17:42:34",41
"2019-01-06 18:42:33",41
"2019-01-06 19:42:33",41
"2019-01-06 20:42:33",41
"2019-01-06 21:42:33",41
"2019-01-06 22:42:33",41
"2019-01-06 23:42:34",41
"2019-01-07 00:42:33",41
"2019-01-07 01:42:33",41
"2019-01-07 02:42:35",41
"2019-01-07 03:42:35",41
"2019-01-07 04:42:34",41
"2019-01-07 05:42:33",41
"2019-01-07 06:42:34",41
"2019-01-07 07:42:33",41
"2019-01-07 08:42:33",41
"2019-01-07 09:42:35",41
"2019-01-07 10:42:36",41
"2019-01-07 11:42:34",41
"2019-01-07 12:42:35",41
"2019-01-07 14:08:06",41
"2019-01-07 14:42:35",41
"2019-01-07 15:42:36",41
"2019-01-07 16:42:36",42
"2019-01-07 17:42:37",42
"2019-01-07 18:42:35",42
"2019-01-07 19:42:33",42
"2019-01-07 20:42:37",42
"2019-01-07 21:42:36",42
"2019-01-07 22:42:34",42
"2019-01-07 23:42:37",42
"2019-01-08 00:42:33",42
"2019-01-08 01:42:35",42
"2019-01-08 02:42:36",42
"2019-01-08 03:42:35",42
"2019-01-08 04:42:34",42
"2019-01-08 05:42:35",42
"2019-01-08 06:42:34",42
"2019-01-08 07:42:34",42
"2019-01-08 08:42:35",42
"2019-01-08 09:42:33",42
"2019-01-08 10:42:35",42
"2019-01-08 11:42:35",42
"2019-01-08 12:42:35",42
"2019-01-08 13:42:35",42
"2019-01-08 14:42:38",41
"2019-01-08 15:42:37",43
"2019-01-08 16:42:35",43
"2019-01-08 17:42:35",43
"2019-01-08 18:42:35",43
"2019-01-08 19:42:35",43
"2019-01-08 20:42:34",43
"2019-01-08 21:42:35",43
"2019-01-08 22:42:34",43
"2019-01-08 23:42:36",43
"2019-01-09 00:42:35",43
"2019-01-09 01:42:34",43
"2019-01-09 02:42:38",43
"2019-01-09 04:42:36",43
"2019-01-09 05:42:36",43
"2019-01-09 06:42:35",43
"2019-01-09 07:42:39",43
"2019-01-09 08:42:37",43
"2019-01-09 09:42:34",43
"2019-01-09 10:42:35",43
"2019-01-09 11:42:34",43
"2019-01-09 12:42:33",43
"2019-01-09 14:08:07",43
"2019-01-09 14:42:37",43
"2019-01-09 15:42:35",43
"2019-01-09 16:42:37",42
"2019-01-09 17:42:34",42
"2019-01-09 18:42:36",42
"2019-01-09 19:42:35",42
"2019-01-09 20:42:38",42
"2019-01-09 21:42:36",42
"2019-01-09 22:42:35",42
"2019-01-09 23:42:34",42
"2019-01-10 00:42:33",42
"2019-01-10 01:42:33",42
"2019-01-10 02:42:34",42
"2019-01-10 03:42:33",42
"2019-01-10 04:42:33",42
"2019-01-10 05:42:34",42
"2019-01-10 06:42:33",42
"2019-01-10 07:42:34",42
"2019-01-10 08:42:34",42
"2019-01-10 09:42:33",42
"2019-01-10 10:42:33",42
"2019-01-10 11:42:33",42
"2019-01-10 12:42:33",42
"2019-01-10 13:42:34",42
"2019-01-10 15:07:09",41
"2019-01-10 15:42:36",41
"2019-01-10 16:42:35",41
"2019-01-10 17:42:36",41
"2019-01-10 18:42:34",41
"2019-01-10 19:42:33",41
"2019-01-10 20:42:36",41
"2019-01-10 21:42:36",41
"2019-01-10 22:42:34",41
"2019-01-10 23:42:34",41
"2019-01-11 00:42:35",41
"2019-01-11 01:42:33",41
"2019-01-11 02:42:35",41
"2019-01-11 03:42:34",41
"2019-01-11 04:42:34",41
"2019-01-11 05:42:35",41
"2019-01-11 06:42:33",41
"2019-01-11 07:42:37",41
"2019-01-11 08:42:34",41
"2019-01-11 09:42:34",41
"2019-01-11 10:42:33",41
"2019-01-11 11:42:34",41
"2019-01-11 12:42:35",41
"2019-01-11 13:42:34",41
"2019-01-11 14:42:37",41
"2019-01-11 15:42:37",41
"2019-01-11 16:42:33",41
"2019-01-11 17:42:35",41
"2019-01-11 18:42:34",41
"2019-01-11 19:42:37",41
"2019-01-11 20:42:36",41
"2019-01-11 21:42:33",41
"2019-01-11 22:42:35",41
"2019-01-11 23:42:33",41
"2019-01-12 00:42:34",41
"2019-01-12 01:42:35",41
"2019-01-12 02:42:33",41
"2019-01-12 03:42:35",41
"2019-01-12 04:42:33",41
"2019-01-12 05:42:33",41
"2019-01-12 06:42:34",41
"2019-01-12 07:42:32",41
"2019-01-12 08:42:33",41
"2019-01-12 09:42:34",41
"2019-01-12 10:42:34",41
"2019-01-12 11:42:33",41
"2019-01-12 12:42:33",41
"2019-01-12 13:42:33",41
"2019-01-12 14:42:33",41
"2019-01-12 15:42:33",41
"2019-01-12 16:42:35",41
"2019-01-12 17:42:34",41
"2019-01-12 18:42:32",41
"2019-01-12 19:42:35",41
"2019-01-12 20:42:34",41
"2019-01-12 21:42:33",41
"2019-01-12 22:42:33",41
"2019-01-12 23:42:37",41
"2019-01-13 00:42:34",41
"2019-01-13 01:42:33",41
"2019-01-13 02:42:33",41
"2019-01-13 03:42:33",41
"2019-01-13 04:42:35",41
"2019-01-13 05:42:34",41
"2019-01-13 06:42:34",41
"2019-01-13 07:42:33",41
"2019-01-13 08:42:33",41
"2019-01-13 09:42:35",41
"2019-01-13 10:42:38",41
"2019-01-13 11:42:36",41
"2019-01-13 12:42:33",41
"2019-01-13 13:42:34",41
"2019-01-13 14:42:32",41
"2019-01-13 15:42:34",41
"2019-01-13 16:42:33",41
"2019-01-13 17:42:33",41
"2019-01-13 18:42:33",41
"2019-01-13 19:42:33",41
"2019-01-13 20:42:35",41
"2019-01-13 21:42:33",41
"2019-01-13 22:42:34",41
"2019-01-13 23:42:34",41
"2019-01-14 00:42:33",41
"2019-01-14 01:42:33",41
"2019-01-14 02:42:33",41
"2019-01-14 03:42:33",41
"2019-01-14 04:42:34",41
"2019-01-14 05:42:35",41
"2019-01-14 06:42:33",41
"2019-01-14 07:42:33",41
"2019-01-14 08:42:33",41
"2019-01-14 09:42:33",41
"2019-01-14 10:42:34",41
"2019-01-14 11:42:33",41
"2019-01-14 12:42:33",41
"2019-01-14 13:42:34",41
"2019-01-14 14:42:34",41
"2019-01-14 15:42:35",42
"2019-01-14 16:42:35",42
"2019-01-14 17:42:33",42
"2019-01-14 18:42:34",42
"2019-01-14 19:42:36",42
"2019-01-14 20:42:33",42
"2019-01-14 21:42:34",43
"2019-01-14 22:42:33",43
"2019-01-14 23:42:33",43
"2019-01-15 00:42:33",43
"2019-01-15 01:42:33",43
"2019-01-15 02:42:33",43
"2019-01-15 03:42:33",43
"2019-01-15 04:42:36",43
"2019-01-15 05:42:33",43
"2019-01-15 06:42:32",43
"2019-01-15 07:42:33",43
"2019-01-15 08:42:33",43
"2019-01-15 09:42:32",43
"2019-01-15 10:42:33",43
"2019-01-15 11:42:33",43
"2019-01-15 12:42:33",43
"2019-01-15 13:42:33",43
"2019-01-15 14:42:37",43
"2019-01-15 15:42:34",43
"2019-01-15 16:42:35",43
"2019-01-15 17:42:33",43
"2019-01-15 18:42:34",43
"2019-01-15 19:42:33",43
"2019-01-15 20:42:35",43
"2019-01-15 21:42:34",43
"2019-01-15 22:42:34",43
"2019-01-15 23:42:35",43
"2019-01-16 00:42:33",43
"2019-01-16 01:42:38",43
"2019-01-16 02:42:34",43
"2019-01-16 03:42:33",43
"2019-01-16 04:42:34",43
"2019-01-16 05:42:32",43
"2019-01-16 06:42:33",43
"2019-01-16 07:42:33",43
"2019-01-16 08:42:32",43
"2019-01-16 09:42:33",43
"2019-01-16 10:42:32",43
"2019-01-16 11:42:32",43
"2019-01-16 12:42:32",43
"2019-01-16 14:09:07",43
"2019-01-16 15:08:08",43
"2019-01-16 15:42:35",43
"2019-01-16 16:42:34",43
"2019-01-16 17:42:34",43
"2019-01-16 18:42:37",43
"2019-01-16 19:42:35",43
"2019-01-16 20:42:34",43
"2019-01-16 21:42:35",43
"2019-01-16 22:42:34",43
"2019-01-16 23:42:33",43
"2019-01-17 00:42:34",43
"2019-01-17 01:42:34",43
"2019-01-17 02:42:36",43
"2019-01-17 03:42:34",43
"2019-01-17 04:42:35",43
"2019-01-17 05:42:34",43
"2019-01-17 06:42:34",43
"2019-01-17 07:42:33",43
"2019-01-17 08:42:33",43
"2019-01-17 09:42:35",43
"2019-01-17 10:42:34",43
"2019-01-17 11:42:34",43
"2019-01-17 12:42:33",43
"2019-01-17 13:42:33",43
"2019-01-17 15:08:40",41
"2019-01-17 15:42:36",41
"2019-01-17 16:42:34",41
"2019-01-17 17:42:33",41
"2019-01-17 18:42:34",41
"2019-01-17 19:42:36",41
"2019-01-17 20:42:35",41
"2019-01-17 21:42:34",41
"2019-01-17 22:42:34",41
"2019-01-17 23:42:33",41
"2019-01-18 00:42:34",41
"2019-01-18 01:42:34",41
"2019-01-18 02:42:33",41
"2019-01-18 03:42:36",41
"2019-01-18 04:42:35",41
"2019-01-18 05:42:34",41
"2019-01-18 06:42:33",41
"2019-01-18 07:42:34",41
"2019-01-18 08:42:33",41
"2019-01-18 09:42:34",41
"2019-01-18 10:42:34",41
"2019-01-18 11:42:33",41
"2019-01-18 12:42:34",41
"2019-01-18 13:42:34",41
"2019-01-18 14:42:37",41
"2019-01-18 15:42:36",41
"2019-01-18 16:42:36",41
"2019-01-18 17:42:36",41
"2019-01-18 18:42:35",41
"2019-01-18 19:42:33",41
"2019-01-18 20:42:36",41
"2019-01-18 21:42:34",41
"2019-01-18 22:42:33",41
"2019-01-18 23:42:34",41
"2019-01-19 00:42:34",41
"2019-01-19 01:42:34",41
"2019-01-19 02:42:34",41
"2019-01-19 03:42:34",41
"2019-01-19 04:42:35",41
"2019-01-19 05:42:34",41
"2019-01-19 06:42:33",41
"2019-01-19 07:42:33",41
"2019-01-19 08:42:33",41
"2019-01-19 09:42:34",41
"2019-01-19 10:42:35",41
"2019-01-19 11:42:33",41
"2019-01-19 12:42:33",41
"2019-01-19 13:42:34",41
"2019-01-19 14:42:33",41
"2019-01-19 15:42:35",41
"2019-01-19 16:42:34",41
"2019-01-19 17:42:34",41
"2019-01-19 18:42:33",41
"2019-01-19 19:42:33",41
"2019-01-19 20:42:33",41
"2019-01-19 21:42:33",41
"2019-01-19 22:42:34",41
"2019-01-19 23:42:34",41
"2019-01-20 00:42:35",41
"2019-01-20 01:42:33",41
"2019-01-20 02:42:35",41
"2019-01-20 03:42:34",41
"2019-01-20 04:42:36",41
"2019-01-20 05:42:34",41
"2019-01-20 06:42:34",41
"2019-01-20 07:42:34",41
"2019-01-20 08:42:34",41
"2019-01-20 09:42:34",41
"2019-01-20 10:42:33",41
"2019-01-20 11:42:34",41
"2019-01-20 12:42:34",41
"2019-01-20 13:42:34",41
"2019-01-20 14:42:34",41
"2019-01-20 15:42:34",41
"2019-01-20 16:42:34",41
"2019-01-20 17:42:34",41
"2019-01-20 18:42:34",41
"2019-01-20 19:42:34",41
"2019-01-20 20:42:34",41
"2019-01-20 21:42:33",41
"2019-01-20 22:42:34",41
"2019-01-20 23:42:35",41
"2019-01-21 00:42:34",41
"2019-01-21 01:42:34",41
"2019-01-21 02:42:34",41
"2019-01-21 03:42:34",41
"2019-01-21 04:42:35",41
"2019-01-21 05:42:34",41
"2019-01-21 06:42:33",41
"2019-01-21 07:42:33",41
"2019-01-21 08:42:34",41
"2019-01-21 09:42:34",41
"2019-01-21 10:42:34",41
"2019-01-21 11:42:33",41
"2019-01-21 12:42:34",41
"2019-01-21 13:42:33",41
"2019-01-21 14:42:33",41
"2019-01-21 15:42:33",41
"2019-01-21 16:42:34",41
"2019-01-21 17:42:34",41
"2019-01-21 18:42:33",41
"2019-01-21 19:42:33",41
"2019-01-21 20:42:34",41
"2019-01-21 21:42:33",41
"2019-01-21 22:42:34",41
"2019-01-21 23:42:33",41
"2019-01-22 00:42:34",41
"2019-01-22 01:42:32",41
"2019-01-22 02:42:34",41
"2019-01-22 03:42:33",41
"2019-01-22 04:42:35",41
"2019-01-22 05:42:35",41
"2019-01-22 06:42:33",41
"2019-01-22 07:42:33",41
"2019-01-22 08:42:34",41
"2019-01-22 09:42:33",41
"2019-01-22 10:42:33",41
"2019-01-22 11:42:33",41
"2019-01-22 12:42:33",41
"2019-01-22 13:42:33",41
"2019-01-22 14:42:33",41
"2019-01-22 15:42:34",42
"2019-01-22 16:42:33",43
"2019-01-22 17:42:33",43
"2019-01-22 18:42:33",43
"2019-01-22 19:42:35",43
"2019-01-22 20:42:34",43
"2019-01-22 21:42:35",43
"2019-01-22 22:42:33",43
"2019-01-22 23:42:34",43
"2019-01-23 00:42:34",43
"2019-01-23 01:42:34",43
"2019-01-23 02:42:33",43
"2019-01-23 03:42:34",43
"2019-01-23 04:42:34",43
"2019-01-23 05:42:34",43
"2019-01-23 06:42:35",43
"2019-01-23 07:42:34",43
"2019-01-23 08:42:35",43
"2019-01-23 09:42:36",43
"2019-01-23 10:42:34",43
"2019-01-23 11:42:33",43
"2019-01-23 12:42:34",43
"2019-01-23 13:42:34",43
"2019-01-23 15:06:37",45
"2019-01-23 15:42:33",45
"2019-01-23 16:42:33",45
"2019-01-23 17:42:34",45
"2019-01-23 18:42:33",45
"2019-01-23 19:42:34",45
"2019-01-23 20:42:33",45
"2019-01-23 21:42:34",45
"2019-01-23 22:42:33",45
"2019-01-23 23:42:33",45
"2019-01-30 08:14:33",48
"2019-01-30 08:20:38",48
"2019-01-30 08:45:14",48
"2019-01-30 08:45:17",48
"2019-01-30 09:45:11",48
"2019-01-30 09:45:14",48
"2019-01-30 10:45:12",48
"2019-01-30 10:45:15",48
"2019-01-30 11:45:08",48
"2019-01-30 11:45:20",48
"2019-01-30 12:45:14",48
"2019-01-30 12:45:17",48
"2019-01-30 13:45:12",48
"2019-01-30 13:45:15",48
"2019-01-30 14:45:13",48
"2019-01-30 14:45:16",48
"2019-01-30 15:45:13",51
"2019-01-30 15:45:16",51
"2019-01-30 16:45:12",51
"2019-01-30 16:45:15",51
"2019-01-30 17:45:14",51
"2019-01-30 17:45:17",51
"2019-01-30 18:45:11",50
"2019-01-30 18:45:15",50
"2019-01-30 19:45:16",50
"2019-01-30 19:45:19",50
"2019-01-30 20:43:40",50
"2019-01-30 21:45:13",50
"2019-01-30 21:45:16",50
"2019-01-30 22:45:12",50
"2019-01-30 22:45:16",50
"2019-01-30 23:45:15",50
"2019-01-30 23:45:18",50
"2019-01-31 00:45:16",50
"2019-01-31 00:45:20",50
"2019-01-31 01:45:11",50
"2019-01-31 01:45:14",50
"2019-01-31 02:45:14",50
"2019-01-31 02:45:17",50
"2019-01-31 03:45:14",50
"2019-01-31 03:45:17",50
"2019-01-31 04:45:12",50
"2019-01-31 04:45:15",50
"2019-01-31 05:45:13",50
"2019-01-31 05:45:16",50
"2019-01-31 06:45:15",50
"2019-01-31 06:45:18",50
"2019-01-31 08:11:28",50
"2019-01-31 08:16:04",50
"2019-01-31 08:42:39",50
"2019-01-31 10:06:12",50
"2019-01-31 10:42:40",50
"2019-01-31 11:42:38",50
"2019-01-31 12:42:37",50
"2019-01-31 13:42:39",50
"2019-01-31 15:42:39",49
"2019-01-31 16:42:43",49
"2019-01-31 17:42:40",50
"2019-01-31 18:42:40",50
"2019-01-31 19:42:42",50
"2019-01-31 20:42:40",49
"2019-01-31 21:42:39",49
"2019-01-31 22:42:39",49
"2019-01-31 23:42:39",49
"2019-02-01 00:42:40",49
"2019-02-01 01:42:40",49
"2019-02-01 02:42:42",49
"2019-02-01 03:42:41",49
"2019-02-01 04:42:40",49
"2019-02-01 05:42:40",49
"2019-02-01 06:42:40",49
"2019-02-01 07:42:41",49
"2019-02-01 08:42:40",49
"2019-02-01 09:42:40",49
"2019-02-01 10:42:40",49
"2019-02-01 11:42:40",49
"2019-02-01 12:42:39",49
"2019-02-01 13:42:40",49
"2019-02-01 14:42:41",49
"2019-02-01 15:42:40",49
"2019-02-01 16:42:41",49
"2019-02-01 17:42:40",49
"2019-02-01 18:42:44",48
"2019-02-01 19:42:43",48
"2019-02-01 20:42:39",48
"2019-02-01 21:42:42",48
"2019-02-01 22:42:41",48
"2019-02-02 00:07:44",48
"2019-02-02 00:42:41",48
"2019-02-02 01:42:41",48
"2019-02-02 02:42:41",48
"2019-02-02 03:42:39",48
"2019-02-02 04:42:40",48
"2019-02-02 05:42:39",48
"2019-02-02 06:42:40",48
"2019-02-02 07:42:40",48
"2019-02-02 08:42:39",48
"2019-02-02 09:42:40",48
"2019-02-02 10:42:39",48
"2019-02-02 11:42:39",48
"2019-02-02 12:42:40",48
"2019-02-02 13:42:41",48
"2019-02-02 14:42:41",48
"2019-02-02 15:42:39",48
"2019-02-02 16:42:43",48
"2019-02-02 17:42:41",48
"2019-02-02 18:42:42",48
"2019-02-02 19:42:40",48
"2019-02-02 20:42:42",48
"2019-02-02 21:42:39",48
"2019-02-02 22:42:40",48
"2019-02-02 23:42:41",48
"2019-02-03 00:42:41",48
"2019-02-03 01:42:40",48
"2019-02-03 02:42:41",48
"2019-02-03 03:42:41",48
"2019-02-03 04:42:41",48
"2019-02-03 05:42:38",48
"2019-02-03 06:42:40",48
"2019-02-03 07:42:40",48
"2019-02-03 08:42:39",48
"2019-02-03 09:42:40",48
"2019-02-03 10:42:39",48
"2019-02-03 11:42:40",48
"2019-02-03 12:42:40",48
"2019-02-03 13:42:41",48
"2019-02-03 14:42:42",48
"2019-02-03 15:42:39",48
"2019-02-03 16:42:40",48
"2019-02-03 17:42:41",48
"2019-02-03 18:42:43",48
"2019-02-03 19:42:39",48
"2019-02-03 20:42:40",48
"2019-02-03 21:42:42",48
"2019-02-03 22:42:43",48
"2019-02-03 23:42:42",48
"2019-02-04 00:42:41",48
"2019-02-04 01:42:40",48
"2019-02-04 02:42:42",48
"2019-02-04 03:42:41",48
"2019-02-04 04:42:42",48
"2019-02-04 05:42:39",48
"2019-02-04 06:42:40",48
"2019-02-04 07:42:40",48
"2019-02-04 08:42:40",48
"2019-02-04 09:42:40",48
"2019-02-04 10:42:41",48
"2019-02-04 11:42:40",48
"2019-02-04 12:42:38",48
"2019-02-04 13:42:40",48
"2019-02-04 14:42:41",48
"2019-02-04 15:42:42",49
"2019-02-04 16:42:41",49
"2019-02-04 17:42:40",49
"2019-02-04 18:42:42",49
"2019-02-04 19:42:40",49
"2019-02-04 20:42:43",49
"2019-02-04 21:42:41",48
"2019-02-04 22:42:42",48
"2019-02-04 23:42:43",48
"2019-02-05 00:42:42",48
"2019-02-05 01:42:45",48
"2019-02-05 02:42:42",48
"2019-02-05 03:42:41",48
"2019-02-05 04:42:54",48
"2019-02-05 05:42:42",48
"2019-02-05 06:42:42",48
"2019-02-05 07:42:41",48
"2019-02-05 08:42:42",48
"2019-02-05 09:42:41",48
"2019-02-05 10:42:42",48
"2019-02-05 11:42:40",48
"2019-02-05 12:42:39",48
"2019-02-05 13:42:41",48
"2019-02-05 14:42:42",48
"2019-02-05 15:42:40",49
"2019-02-05 16:42:43",50
"2019-02-05 17:42:41",50
"2019-02-05 18:42:44",50
"2019-02-05 19:42:43",50
"2019-02-05 20:42:42",50
"2019-02-05 21:42:41",50
"2019-02-05 22:42:43",50
"2019-02-05 23:42:45",50
"2019-02-06 00:42:43",50
"2019-02-06 01:42:41",50
"2019-02-06 02:42:41",50
"2019-02-06 03:42:42",50
"2019-02-06 04:42:41",50
"2019-02-06 05:42:41",50
"2019-02-06 06:42:44",50
"2019-02-06 07:42:43",50
"2019-02-06 08:42:37",50
"2019-02-06 09:42:37",50
"2019-02-07 02:42:47",53
"2019-02-07 03:42:40",53
"2019-02-07 04:42:41",53
"2019-02-07 05:42:41",53
"2019-02-07 06:42:39",53
"2019-02-07 07:42:39",53
"2019-02-07 08:42:40",53
"2019-02-07 09:42:39",53
"2019-02-07 10:42:43",53
"2019-02-07 11:42:43",53
"2019-02-07 12:42:42",53
"2019-02-07 13:42:42",53
"2019-02-07 15:06:14",53
"2019-02-07 15:42:44",53
"2019-02-07 16:42:46",54
"2019-02-07 17:42:42",54
"2019-02-07 18:42:46",54
"2019-02-07 19:42:45",54
"2019-02-07 20:42:43",54
"2019-02-07 21:42:43",54
"2019-02-07 22:42:42",54
"2019-02-07 23:42:43",54
"2019-02-08 00:43:14",54
"2019-02-08 01:42:43",54
"2019-02-08 02:42:43",54
"2019-02-08 03:42:47",54
"2019-02-08 04:42:42",54
"2019-02-08 05:42:41",54
"2019-02-08 06:42:41",54
"2019-02-08 07:42:41",54
"2019-02-08 08:42:40",54
"2019-02-08 09:42:42",54
"2019-02-08 10:42:42",54
"2019-02-08 11:42:43",54
"2019-02-08 12:42:44",54
"2019-02-08 13:42:43",54
"2019-02-08 15:07:15",54
"2019-02-08 15:42:41",54
"2019-02-08 16:42:42",52
"2019-02-08 17:42:45",52
"2019-02-08 18:42:46",53
"2019-02-08 19:42:45",53
"2019-02-08 20:42:45",53
"2019-02-08 21:42:44",53
"2019-02-08 22:42:42",53
"2019-02-08 23:42:42",53
"2019-02-09 00:42:43",53
"2019-02-09 01:42:42",53
"2019-02-09 02:42:42",53
"2019-02-09 03:42:41",53
"2019-02-09 04:42:44",53
"2019-02-09 05:42:43",53
"2019-02-09 06:42:42",53
"2019-02-09 07:42:42",53
"2019-02-09 08:42:41",53
"2019-02-09 09:42:42",53
"2019-02-09 10:42:42",53
"2019-02-09 11:42:41",53
"2019-02-09 12:42:44",53
"2019-02-09 13:42:42",53
"2019-02-09 14:42:43",53
"2019-02-09 15:42:44",53
"2019-02-09 16:42:43",53
"2019-02-09 17:42:44",53
"2019-02-09 18:42:42",53
"2019-02-09 19:42:43",53
"2019-02-09 20:42:42",53
"2019-02-09 21:42:44",53
"2019-02-09 22:42:43",53
"2019-02-09 23:42:44",53
"2019-02-10 00:42:42",53
"2019-02-10 01:42:43",53
"2019-02-10 02:42:43",53
"2019-02-10 03:42:41",53
"2019-02-10 04:42:45",53
"2019-02-10 05:42:46",53
"2019-02-10 06:42:44",53
"2019-02-10 07:42:41",53
"2019-02-10 08:42:42",53
"2019-02-10 09:42:42",53
"2019-02-10 10:42:42",53
"2019-02-10 11:42:41",53
"2019-02-10 12:42:42",53
"2019-02-10 13:42:44",53
"2019-02-10 14:42:43",53
"2019-02-10 15:42:45",53
"2019-02-10 16:42:45",53
"2019-02-10 17:42:42",53
"2019-02-10 18:42:42",53
"2019-02-10 19:42:45",53
"2019-02-10 20:42:44",53
"2019-02-10 21:42:42",53
"2019-02-10 22:42:44",53
"2019-02-10 23:42:45",53
"2019-02-11 00:42:44",53
"2019-02-11 01:42:44",53
"2019-02-11 02:42:46",53
"2019-02-11 03:42:45",53
"2019-02-11 04:42:47",53
"2019-02-11 05:42:44",53
"2019-02-11 06:42:45",53
"2019-02-11 07:42:42",53
"2019-02-11 08:42:42",53
"2019-02-11 09:42:43",53
"2019-02-11 10:42:45",53
"2019-02-11 11:42:41",53
"2019-02-11 12:42:42",53
"2019-02-11 13:42:42",53
"2019-02-11 14:42:42",53
"2019-02-11 15:42:42",53
"2019-02-11 16:42:43",53
"2019-02-11 17:42:44",53
"2019-02-11 18:42:43",53
"2019-02-11 19:42:42",53
"2019-02-11 20:42:43",53
"2019-02-11 21:42:41",53
"2019-02-11 22:42:41",53
"2019-02-11 23:42:43",53
"2019-02-12 00:42:42",53
"2019-02-12 01:42:40",53
"2019-02-12 02:42:46",53
"2019-02-12 03:42:42",53
"2019-02-12 04:42:44",53
"2019-02-12 05:42:42",53
"2019-02-12 06:42:42",53
"2019-02-12 07:42:41",53
"2019-02-12 08:42:41",53
"2019-02-12 09:42:42",53
"2019-02-12 10:42:42",53
"2019-02-12 11:42:43",53
"2019-02-12 12:42:42",53
"2019-02-12 13:42:43",53
"2019-02-12 14:42:43",53
"2019-02-12 15:42:46",53
"2019-02-12 16:42:43",53
"2019-02-12 17:42:42",53
"2019-02-12 18:42:44",53
"2019-02-12 19:42:44",52
"2019-02-12 20:42:43",52
"2019-02-12 21:42:44",52
"2019-02-12 22:42:44",52
"2019-02-12 23:42:43",52
"2019-02-13 00:42:44",52
"2019-02-13 01:42:46",52
"2019-02-13 02:42:44",52
"2019-02-13 03:42:44",52
"2019-02-13 04:42:45",52
"2019-02-13 05:42:44",52
"2019-02-13 06:42:43",52
"2019-02-13 07:42:43",52
"2019-02-13 08:42:42",52
"2019-02-13 09:42:42",52
"2019-02-13 10:42:43",52
"2019-02-13 11:42:42",52
"2019-02-13 12:42:44",52
"2019-02-13 13:42:42",52
"2019-02-13 14:42:42",52
"2019-02-13 15:42:44",52
"2019-02-13 16:42:42",52
"2019-02-13 17:42:46",52
"2019-02-13 18:42:42",52
"2019-02-13 19:42:42",51
"2019-02-13 20:42:43",51
"2019-02-13 21:42:43",51
"2019-02-13 22:42:45",51
"2019-02-13 23:42:44",51
"2019-02-14 00:42:43",51
"2019-02-14 01:42:45",51
"2019-02-14 02:42:45",51
"2019-02-14 03:42:46",51
"2019-02-14 04:42:43",51
"2019-02-14 05:42:47",51
"2019-02-14 06:42:43",51
"2019-02-14 07:42:43",51
"2019-02-14 08:42:42",51
"2019-02-14 09:42:42",51
"2019-02-14 10:42:43",51
"2019-02-14 11:42:44",51
"2019-02-14 12:42:43",51
"2019-02-14 13:42:44",51
"2019-02-14 14:42:44",51
"2019-02-14 15:42:45",51
"2019-02-14 16:42:42",51
"2019-02-14 17:42:44",51
"2019-02-14 18:42:44",51
"2019-02-14 19:42:43",51
"2019-02-14 20:42:45",51
"2019-02-14 21:42:43",50
"2019-02-14 22:42:45",51
"2019-02-15 00:42:45",51
"2019-02-15 01:42:45",51
"2019-02-15 02:42:46",51
"2019-02-15 03:42:49",51
"2019-02-15 04:42:49",51
"2019-02-15 05:42:44",51
"2019-02-15 06:42:42",51
"2019-02-15 07:42:45",51
"2019-02-15 08:42:44",51
"2019-02-15 09:42:44",51
"2019-02-15 10:42:45",51
"2019-02-15 11:42:45",51
"2019-02-15 12:42:43",51
"2019-02-15 14:07:46",51
"2019-02-15 14:42:46",51
"2019-02-15 15:42:52",51
"2019-02-15 16:42:48",51
"2019-02-15 17:42:43",51
"2019-02-15 18:42:48",51
"2019-02-15 19:42:46",51
"2019-02-15 20:42:44",51
"2019-02-15 21:42:46",51
"2019-02-15 22:42:46",51
"2019-02-15 23:42:46",51
"2019-02-16 00:42:46",51
"2019-02-16 01:42:52",51
"2019-02-16 02:42:50",51
"2019-02-16 03:42:48",51
"2019-02-16 04:42:44",51
"2019-02-16 05:42:46",51
"2019-02-16 06:42:44",51
"2019-02-16 07:42:43",51
"2019-02-16 08:42:44",51
"2019-02-16 09:42:46",51
"2019-02-16 10:42:45",51
"2019-02-16 11:42:43",51
"2019-02-16 12:42:45",51
"2019-02-16 13:42:48",51
"2019-02-16 14:42:45",51
"2019-02-16 15:42:50",51
"2019-02-16 16:42:43",51
"2019-02-16 17:42:44",51
"2019-02-16 18:42:44",51
"2019-02-16 19:42:43",51
"2019-02-16 20:42:45",51
"2019-02-16 21:42:45",51
"2019-02-16 22:42:44",51
"2019-02-16 23:42:43",51
"2019-02-17 00:42:45",51
"2019-02-17 01:42:44",51
"2019-02-17 02:42:42",51
"2019-02-17 03:42:46",51
"2019-02-17 04:42:43",51
"2019-02-17 05:42:44",51
"2019-02-17 06:42:43",51
"2019-02-17 07:42:44",51
"2019-02-17 08:42:43",51
"2019-02-17 09:42:41",51
"2019-02-17 10:42:43",51
"2019-02-17 11:42:44",51
"2019-02-17 12:42:41",51
"2019-02-17 13:42:44",51
"2019-02-17 14:42:43",51
"2019-02-17 15:42:45",51
"2019-02-17 16:42:44",51
"2019-02-17 17:42:44",51
"2019-02-17 18:42:45",51
"2019-02-17 19:42:44",51
"2019-02-17 20:42:45",51
"2019-02-17 21:42:42",51
"2019-02-17 22:42:43",51
"2019-02-17 23:42:44",51
"2019-02-18 00:42:43",51
"2019-02-18 01:42:45",51
"2019-02-18 02:42:47",51
"2019-02-18 03:42:46",51
"2019-02-18 04:42:43",51
"2019-02-18 05:42:44",51
"2019-02-18 06:42:42",51
"2019-02-18 07:42:44",51
"2019-02-18 08:42:43",51
"2019-02-18 09:42:45",51
"2019-02-18 10:42:43",51
"2019-02-18 11:42:43",51
"2019-02-18 12:42:44",51
"2019-02-18 13:42:47",51
"2019-02-18 14:42:43",51
"2019-02-18 15:42:46",51
"2019-02-18 16:42:44",51
"2019-02-18 17:42:45",51
"2019-02-18 18:42:44",51
"2019-02-18 19:42:44",51
"2019-02-18 20:42:45",51
"2019-02-18 21:42:43",51
"2019-02-18 22:42:42",51
"2019-02-18 23:42:43",51
"2019-02-19 00:42:43",51
"2019-02-19 01:42:47",51
"2019-02-19 02:42:44",51
"2019-02-19 03:42:45",51
"2019-02-19 04:42:45",51
"2019-02-19 05:42:44",51
"2019-02-19 06:42:43",51
"2019-02-19 07:42:43",51
"2019-02-19 08:42:44",51
"2019-02-19 09:42:42",51
"2019-02-19 10:42:41",51
"2019-02-19 11:42:40",51
"2019-02-19 12:42:40",51
"2019-02-19 14:07:15",51
"2019-02-19 14:42:44",51
"2019-02-19 15:42:46",51
"2019-02-19 16:42:45",51
"2019-02-19 17:42:45",51
"2019-02-19 18:42:48",51
"2019-02-19 19:42:45",51
"2019-02-19 20:42:48",51
"2019-02-19 21:42:46",50
"2019-02-19 22:42:46",50
"2019-02-19 23:42:45",50
"2019-02-20 00:42:52",50
"2019-02-20 01:42:47",50
"2019-02-20 02:42:47",50
"2019-02-20 03:42:52",50
"2019-02-20 04:42:48",50
"2019-02-20 05:42:45",50
"2019-02-20 06:42:46",50
"2019-02-20 07:42:43",50
"2019-02-20 08:42:46",50
"2019-02-20 09:42:46",50
"2019-02-20 10:42:44",50
"2019-02-20 11:42:46",50
"2019-02-20 12:42:45",50
"2019-02-20 13:42:45",50
"2019-02-20 14:42:47",50
"2019-02-20 15:42:48",50
"2019-02-20 16:42:46",50
"2019-02-20 17:42:46",50
"2019-02-20 18:42:46",50
"2019-02-20 19:42:47",50
"2019-02-20 20:42:47",50
"2019-02-20 21:42:47",50
"2019-02-20 22:42:48",50
"2019-02-20 23:42:44",50
"2019-02-21 00:42:46",50
"2019-02-21 01:42:48",50
"2019-02-21 02:42:48",50
"2019-02-21 03:42:47",50
"2019-02-21 04:42:44",50
"2019-02-21 05:42:47",50
"2019-02-21 06:42:45",50
"2019-02-21 07:42:44",50
"2019-02-21 08:42:43",50
"2019-02-21 09:42:44",50
"2019-02-21 10:42:44",50
"2019-02-21 11:42:45",50
"2019-02-21 12:42:43",50
"2019-02-21 13:42:44",50
"2019-02-21 14:42:45",50
"2019-02-21 15:42:49",50
"2019-02-21 17:06:46",50
"2019-02-21 17:42:43",50
"2019-02-21 18:42:43",50
"2019-02-21 19:42:44",50
"2019-02-21 20:42:48",50
"2019-02-21 21:42:43",50
"2019-02-21 22:42:44",50
"2019-02-21 23:42:43",50
"2019-02-22 00:42:44",50
"2019-02-22 01:42:47",50
"2019-02-22 02:42:45",50
"2019-02-22 03:42:46",50
"2019-02-22 04:42:44",50
"2019-02-22 05:42:43",50
"2019-02-22 06:42:43",50
"2019-02-22 07:42:47",50
"2019-02-22 08:42:46",50
"2019-02-22 09:42:44",50
"2019-02-22 10:42:43",50
"2019-02-22 11:42:45",50
"2019-02-22 12:42:44",50
"2019-02-22 13:42:43",50
"2019-02-22 14:42:45",50
"2019-02-22 15:42:46",51
"2019-02-22 16:42:44",51
"2019-02-22 17:42:44",50
"2019-02-22 18:42:45",50
"2019-02-22 19:42:43",50
"2019-02-22 20:42:43",50
"2019-02-22 21:42:47",50
"2019-02-22 22:42:43",50
"2019-02-22 23:42:46",50
"2019-02-23 00:42:42",50
"2019-02-23 01:42:45",50
"2019-02-23 02:42:48",50
"2019-02-23 03:42:48",50
"2019-02-23 04:42:44",50
"2019-02-23 05:42:46",50
"2019-02-23 06:42:43",50
"2019-02-23 07:42:43",50
"2019-02-23 08:42:44",50
"2019-02-23 09:42:43",50
"2019-02-23 10:42:44",50
"2019-02-23 11:42:45",50
"2019-02-23 12:42:44",50
"2019-02-23 13:42:43",50
"2019-02-23 14:42:45",50
"2019-02-23 15:42:45",50
"2019-02-23 16:42:43",50
"2019-02-23 17:42:44",50
"2019-02-23 18:42:44",50
"2019-02-23 19:42:44",50
"2019-02-23 20:42:45",50
"2019-02-23 21:42:46",50
"2019-02-23 22:42:43",50
"2019-02-23 23:42:44",50
"2019-02-24 00:42:46",50
"2019-02-24 01:42:44",50
"2019-02-24 02:42:45",50
"2019-02-24 03:42:45",50
"2019-02-24 04:42:45",50
"2019-02-24 05:42:45",50
"2019-02-24 06:42:44",50
"2019-02-24 07:42:45",50
"2019-02-24 08:42:44",50
"2019-02-24 09:42:44",50
"2019-02-24 10:42:42",50
"2019-02-24 11:42:43",50
"2019-02-24 12:42:43",50
"2019-02-24 13:42:43",50
"2019-02-24 14:42:43",50
"2019-02-24 15:42:45",50
"2019-02-24 16:42:44",50
"2019-02-24 17:42:46",50
"2019-02-24 18:42:46",50
"2019-02-24 19:42:45",50
"2019-02-24 20:42:43",50
"2019-02-24 21:42:43",50
"2019-02-24 22:42:45",50
"2019-02-24 23:42:44",50
"2019-02-25 00:42:45",50
"2019-02-25 01:42:44",50
"2019-02-25 02:42:43",50
"2019-02-25 03:42:46",50
"2019-02-25 04:42:44",50
"2019-02-25 05:42:43",50
"2019-02-25 06:42:43",50
"2019-02-25 07:42:44",50
"2019-02-25 08:42:44",50
"2019-02-25 09:42:45",50
"2019-02-25 10:42:43",50
"2019-02-25 11:42:45",50
"2019-02-25 12:42:43",50
"2019-02-25 14:07:48",50
"2019-02-25 14:42:45",50
"2019-02-25 15:42:46",49
"2019-02-25 16:42:45",49
"2019-02-25 17:42:46",49
"2019-02-25 18:42:47",49
"2019-02-25 19:42:43",49
"2019-02-25 20:42:45",49
"2019-02-25 21:42:45",49
"2019-02-25 22:42:44",49
"2019-02-25 23:42:46",49
"2019-02-26 00:42:45",49
"2019-02-26 01:42:45",49
"2019-02-26 02:42:46",49
"2019-02-26 03:42:47",49
"2019-02-26 04:42:48",49
"2019-02-26 05:42:44",49
"2019-02-26 06:42:47",49
"2019-02-26 07:42:46",49
"2019-02-26 08:42:45",49
"2019-02-26 09:42:45",49
"2019-02-26 10:42:43",49
"2019-02-26 11:42:45",49
"2019-02-26 12:42:43",49
"2019-02-26 13:42:44",49
"2019-02-26 14:42:46",49
"2019-02-26 15:42:48",49
"2019-02-26 16:42:45",49
"2019-02-26 17:42:46",49
"2019-02-26 18:42:44",49
"2019-02-26 19:42:50",49
"2019-02-26 20:42:46",49
"2019-02-26 21:42:44",50
"2019-02-26 22:42:47",50
"2019-02-26 23:42:46",50
"2019-02-27 00:42:48",50
"2019-02-27 01:42:49",50
"2019-02-27 03:43:07",50
"2019-02-27 04:42:48",50
"2019-02-27 05:42:47",50
"2019-02-27 06:42:49",50
"2019-02-27 07:42:47",50
"2019-02-27 08:42:46",50
"2019-02-27 09:42:43",50
"2019-02-27 10:42:44",50
"2019-02-27 11:42:49",50
"2019-02-27 12:42:51",50
"2019-02-27 13:42:46",50
"2019-02-27 14:42:47",50
"2019-02-27 15:42:51",51
"2019-02-27 16:42:45",51
"2019-02-27 17:42:45",51
"2019-02-27 18:42:49",51
"2019-02-27 19:42:48",51
"2019-02-27 20:42:46",51
"2019-02-27 21:42:46",51
"2019-02-27 22:42:48",51
"2019-02-27 23:42:45",51
"2019-02-28 00:43:33",51
"2019-02-28 01:42:45",51
"2019-02-28 02:42:47",51
"2019-02-28 04:42:46",51
"2019-02-28 05:42:46",51
"2019-02-28 06:42:43",51
"2019-02-28 07:42:45",51
"2019-02-28 08:42:45",51
"2019-02-28 09:42:44",51
"2019-02-28 10:42:46",51
"2019-02-28 11:42:46",51
"2019-02-28 12:42:46",51
"2019-02-28 13:42:46",51
"2019-02-28 15:06:51",51
"2019-02-28 15:42:43",51
"2019-02-28 16:42:48",52
"2019-02-28 17:42:46",52
"2019-02-28 18:42:49",52
"2019-02-28 19:42:48",51
"2019-02-28 20:42:45",51
"2019-02-28 21:42:45",51
"2019-02-28 22:42:46",51
"2019-02-28 23:42:45",51
"2019-03-01 00:42:46",51
"2019-03-01 01:42:47",51
"2019-03-01 02:42:48",51
"2019-03-01 03:42:49",51
"2019-03-01 04:42:47",51
"2019-03-01 05:42:48",51
"2019-03-01 06:42:46",51
"2019-03-01 07:42:48",51
"2019-03-01 08:42:46",51
"2019-03-01 09:42:43",51
"2019-03-01 10:42:46",51
"2019-03-01 11:42:45",51
"2019-03-01 12:42:44",51
"2019-03-01 13:42:51",51
"2019-03-01 14:42:49",51
"2019-03-01 15:42:47",51
"2019-03-01 16:42:46",51
"2019-03-01 17:42:46",51
"2019-03-01 18:42:48",51
"2019-03-01 19:42:48",51
"2019-03-01 20:42:50",51
"2019-03-01 21:42:50",51
"2019-03-01 22:42:49",51
"2019-03-01 23:42:49",51
"2019-03-02 07:42:47",51
"2019-03-02 08:42:47",51
"2019-03-02 09:42:44",51
"2019-03-02 10:42:45",51
"2019-03-02 11:42:47",51
"2019-03-02 15:42:51",51
"2019-03-02 16:42:47",51
"2019-03-02 17:42:47",51
"2019-03-04 02:42:48",51
"2019-03-04 07:42:48",51
"2019-03-04 10:42:44",51
"2019-03-04 11:42:45",51
"2019-03-04 12:42:43",51
"2019-03-04 13:42:42",51
"2019-03-04 14:42:47",51
"2019-03-04 15:42:44",52
"2019-03-04 16:42:47",52
"2019-03-04 17:42:47",51
"2019-03-04 18:42:45",51
"2019-03-04 19:42:48",51
"2019-03-04 20:42:46",51
"2019-03-04 21:42:46",51
"2019-03-04 22:42:48",51
"2019-03-04 23:42:46",51
"2019-03-05 00:42:48",51
"2019-03-05 01:42:46",51
"2019-03-05 02:42:49",51
"2019-03-05 03:42:49",51
"2019-03-05 04:42:47",51
"2019-03-05 05:42:46",51
"2019-03-05 06:42:45",51
"2019-03-05 07:42:45",51
"2019-03-05 08:42:45",51
"2019-03-05 09:42:47",51
"2019-03-05 10:42:45",51
"2019-03-05 11:42:43",51
"2019-03-05 12:42:45",51
"2019-03-05 14:07:54",51
"2019-03-05 14:42:46",51
"2019-03-05 15:42:49",51
"2019-03-05 16:42:48",51
"2019-03-05 17:42:48",51
"2019-03-05 18:42:48",51
"2019-03-05 19:42:47",51
"2019-03-05 20:42:48",51
"2019-03-05 21:42:47",51
"2019-03-05 22:42:50",51
"2019-03-05 23:42:49",51
"2019-03-06 00:42:49",51
"2019-03-06 01:42:48",51
"2019-03-06 02:42:47",51
"2019-03-06 03:42:48",51
"2019-03-06 04:42:50",51
"2019-03-06 05:42:50",51
"2019-03-06 06:42:51",51
"2019-03-06 07:42:47",51
"2019-03-06 08:42:45",51
"2019-03-06 09:42:45",51
"2019-03-06 10:42:47",51
"2019-03-06 11:43:31",51
"2019-03-06 12:43:01",51
"2019-03-06 14:07:35",51
"2019-03-06 14:43:15",51
"2019-03-06 15:43:08",52
"2019-03-06 16:42:46",52
"2019-03-06 17:42:52",52
"2019-03-06 18:42:51",51
"2019-03-06 19:42:48",50
"2019-03-06 20:42:48",50
"2019-03-06 21:42:48",50
"2019-03-06 22:42:48",50
"2019-03-06 23:42:48",50
"2019-03-07 00:42:48",50
"2019-03-07 01:42:50",50
"2019-03-07 02:42:50",50
"2019-03-07 04:42:53",50
"2019-03-07 05:42:49",50
"2019-03-07 06:42:47",50
"2019-03-07 07:42:48",50
"2019-03-07 08:42:49",50
"2019-03-07 09:42:48",50
"2019-03-07 10:42:47",50
"2019-03-07 11:42:47",50
"2019-03-07 12:42:46",50
"2019-03-07 13:42:48",50
"2019-03-07 14:42:51",50
"2019-03-07 15:42:46",50
"2019-03-07 16:42:49",50
"2019-03-07 17:42:51",50
"2019-03-07 18:42:50",50
"2019-03-07 20:07:21",50
"2019-03-07 20:42:48",50
"2019-03-07 21:42:50",50
"2019-03-07 22:42:53",50
"2019-03-07 23:42:46",50
"2019-03-08 00:42:48",50
"2019-03-08 01:42:49",50
"2019-03-08 02:42:47",50
"2019-03-08 04:42:47",50
"2019-03-08 05:42:47",50
"2019-03-08 06:42:47",50
"2019-03-08 07:42:48",50
"2019-03-08 08:42:47",50
"2019-03-08 09:42:46",50
"2019-03-08 10:42:47",50
"2019-03-08 11:42:47",50
"2019-03-08 12:42:46",50
"2019-03-08 14:07:52",50
"2019-03-08 14:42:46",50
"2019-03-08 15:42:50",50
"2019-03-08 16:42:46",50
"2019-03-08 17:42:46",50
"2019-03-08 18:42:49",51
"2019-03-08 19:42:49",51
"2019-03-08 20:42:44",51
"2019-03-08 21:42:53",51
"2019-03-08 22:42:45",51
"2019-03-08 23:42:49",51
"2019-03-09 00:42:53",51
"2019-03-09 01:42:50",51
"2019-03-09 02:42:47",51
"2019-03-09 03:42:50",51
"2019-03-09 04:42:49",51
"2019-03-09 05:42:47",51
"2019-03-09 06:42:46",51
"2019-03-09 07:42:46",51
"2019-03-09 08:42:45",51
"2019-03-09 09:42:43",51
"2019-03-09 10:42:46",51
"2019-03-09 11:42:45",51
"2019-03-09 12:42:45",51
"2019-03-09 13:42:45",51
"2019-03-09 14:42:46",51
"2019-03-09 15:42:48",51
"2019-03-09 16:42:46",51
"2019-03-09 17:42:47",51
"2019-03-09 18:42:47",51
"2019-03-09 19:42:46",51
"2019-03-09 20:42:46",51
"2019-03-09 21:42:45",51
"2019-03-09 22:42:47",51
"2019-03-09 23:42:46",51
"2019-03-10 00:42:46",51
"2019-03-10 01:42:47",51
"2019-03-10 02:42:49",51
"2019-03-10 03:42:47",51
"2019-03-10 04:42:47",51
"2019-03-10 05:42:46",51
"2019-03-10 06:42:47",51
"2019-03-10 07:42:45",51
"2019-03-10 08:42:44",51
"2019-03-10 09:42:45",51
"2019-03-10 10:42:44",51
"2019-03-10 11:42:45",51
"2019-03-10 12:42:46",51
"2019-03-10 13:42:44",51
"2019-03-10 14:42:45",51
"2019-03-10 15:42:48",51
"2019-03-10 16:42:46",51
"2019-03-10 17:42:50",51
"2019-03-10 18:42:50",51
"2019-03-10 19:42:47",51
"2019-03-10 20:42:46",51
"2019-03-10 21:42:46",51
"2019-03-10 22:42:45",51
"2019-03-10 23:42:47",51
"2019-03-11 00:42:47",51
"2019-03-11 01:42:48",51
"2019-03-11 02:42:46",51
"2019-03-11 03:42:45",51
"2019-03-11 04:42:47",51
"2019-03-11 05:42:47",51
"2019-03-11 06:42:45",51
"2019-03-11 07:42:45",51
"2019-03-11 08:42:44",51
"2019-03-11 09:42:46",51
"2019-03-11 10:42:47",51
"2019-03-11 11:42:44",51
"2019-03-11 12:42:49",51
"2019-03-11 13:42:48",51
"2019-03-11 14:42:48",52
"2019-03-11 15:42:47",52
"2019-03-11 16:42:47",52
"2019-03-11 17:42:46",52
"2019-03-11 18:42:47",51
"2019-03-11 19:42:46",51
"2019-03-11 20:42:46",51
"2019-03-11 21:42:49",51
"2019-03-11 22:42:46",51
"2019-03-11 23:42:48",51
"2019-03-12 00:42:50",51
"2019-03-12 01:42:45",51
"2019-03-12 02:42:46",51
"2019-03-12 03:42:49",51
"2019-03-12 04:42:47",51
"2019-03-12 05:42:47",51
"2019-03-12 06:42:48",51
"2019-03-12 07:42:44",51
"2019-03-12 08:42:46",51
"2019-03-12 09:42:45",51
"2019-03-12 10:42:49",51
"2019-03-12 11:42:46",51
"2019-03-12 12:42:47",51
"2019-03-12 13:42:47",51
"2019-03-12 14:42:45",52
"2019-03-12 15:42:46",52
"2019-03-12 16:42:46",52
"2019-03-12 17:42:45",51
"2019-03-12 18:42:47",51
"2019-03-12 19:42:45",51
"2019-03-12 20:42:47",51
"2019-03-12 21:42:46",51
"2019-03-12 22:42:47",51
"2019-03-12 23:42:48",51
"2019-03-13 00:42:47",51
"2019-03-13 01:42:48",51
"2019-03-13 02:42:47",51
"2019-03-13 03:42:48",51
"2019-03-13 04:42:48",51
"2019-03-13 05:42:46",51
"2019-03-13 06:42:45",51
"2019-03-13 07:42:49",51
"2019-03-13 08:42:45",51
"2019-03-13 09:42:45",51
"2019-03-13 10:42:44",51
"2019-03-13 11:42:44",51
"2019-03-13 13:06:48",51
"2019-03-13 13:42:46",51
"2019-03-13 14:42:46",51
"2019-03-13 15:42:46",51
"2019-03-13 16:42:47",51
"2019-03-13 17:42:49",51
"2019-03-13 18:42:44",51
"2019-03-13 19:42:47",51
"2019-03-13 20:42:45",51
"2019-03-13 21:42:47",51
"2019-03-13 22:42:45",51
"2019-03-13 23:42:47",51
"2019-03-14 00:42:45",51
"2019-03-14 01:42:48",51
"2019-03-14 02:42:48",51
"2019-03-14 03:42:45",51
"2019-03-14 04:42:47",51
"2019-03-14 05:42:46",51
"2019-03-14 06:42:47",51
"2019-03-14 07:42:46",51
"2019-03-14 08:42:45",51
"2019-03-14 09:42:44",51
"2019-03-14 10:42:48",51
"2019-03-14 11:42:46",51
"2019-03-14 13:07:20",51
"2019-03-14 13:42:45",51
"2019-03-14 14:42:47",52
"2019-03-14 15:42:47",52
"2019-03-14 16:42:46",52
"2019-03-14 17:42:48",52
"2019-03-14 18:42:45",52
"2019-03-14 19:42:50",52
"2019-03-14 20:42:46",52
"2019-03-14 21:42:47",52
"2019-03-14 22:42:51",52
"2019-03-14 23:42:50",52
"2019-03-15 00:42:48",52
"2019-03-15 01:42:47",52
"2019-03-15 02:42:49",52
"2019-03-15 03:42:47",52
"2019-03-15 04:42:46",52
"2019-03-15 05:42:45",52
"2019-03-15 06:42:44",52
"2019-03-15 07:42:46",52
"2019-03-15 08:42:48",52
"2019-03-15 09:42:47",52
"2019-03-15 10:42:50",52
"2019-03-15 11:42:48",52
"2019-03-15 12:42:47",52
"2019-03-15 13:42:48",52
"2019-03-15 14:42:47",52
"2019-03-15 15:42:51",52
"2019-03-15 16:42:49",53
"2019-03-15 17:42:51",53
"2019-03-15 18:42:48",53
"2019-03-15 19:42:48",53
"2019-03-15 20:42:48",53
"2019-03-15 21:42:46",53
"2019-03-15 22:42:46",53
"2019-03-15 23:42:51",53
"2019-03-16 00:42:48",53
"2019-03-16 01:42:46",53
"2019-03-16 02:42:48",53
"2019-03-16 03:42:49",53
"2019-03-16 04:42:49",53
"2019-03-16 05:42:49",53
"2019-03-16 06:42:48",53
"2019-03-16 07:42:47",53
"2019-03-16 08:42:50",53
"2019-03-16 09:42:47",53
"2019-03-16 10:42:47",53
"2019-03-16 11:42:48",53
"2019-03-16 12:42:47",53
"2019-03-16 13:42:48",53
"2019-03-16 14:42:47",53
"2019-03-16 15:42:48",53
"2019-03-16 16:42:47",53
"2019-03-16 17:42:47",53
"2019-03-16 18:42:46",53
"2019-03-16 19:42:46",53
"2019-03-16 20:42:49",53
"2019-03-16 21:42:49",53
"2019-03-16 22:42:49",53
"2019-03-16 23:42:47",53
"2019-03-17 00:42:49",53
"2019-03-17 01:42:48",53
"2019-03-17 02:42:51",53
"2019-03-17 03:42:49",53
"2019-03-17 04:42:48",53
"2019-03-17 05:42:50",53
"2019-03-17 06:42:47",53
"2019-03-17 07:42:47",53
"2019-03-17 08:42:45",53
"2019-03-17 09:42:49",53
"2019-03-17 10:42:46",53
"2019-03-17 11:42:46",53
"2019-03-17 12:42:46",53
"2019-03-17 13:42:46",53
"2019-03-17 14:42:45",53
"2019-03-17 15:42:45",53
"2019-03-17 16:42:45",53
"2019-03-17 17:42:45",53
"2019-03-17 18:42:46",53
"2019-03-17 19:42:46",53
"2019-03-17 20:42:45",53
"2019-03-17 21:42:44",53
"2019-03-17 22:42:45",53
"2019-03-17 23:42:46",53
"2019-03-18 00:42:46",53
"2019-03-18 01:42:46",53
"2019-03-18 02:42:47",53
"2019-03-18 03:42:47",53
"2019-03-18 04:42:47",53
"2019-03-18 05:42:45",53
"2019-03-18 06:42:46",53
"2019-03-18 07:42:47",53
"2019-03-18 08:42:45",53
"2019-03-18 09:42:47",53
"2019-03-18 10:42:46",53
"2019-03-18 11:42:45",53
"2019-03-18 12:42:48",53
"2019-03-18 13:42:49",53
"2019-03-18 14:42:48",53
"2019-03-18 15:42:54",53
"2019-03-18 16:42:46",53
"2019-03-18 17:42:50",52
"2019-03-18 18:42:50",52
"2019-03-18 19:42:50",53
"2019-03-18 20:42:48",53
"2019-03-18 21:42:49",53
"2019-03-18 22:42:51",53
"2019-03-18 23:42:50",53
"2019-03-19 00:42:53",53
"2019-03-19 01:42:50",53
"2019-03-19 02:42:51",53
"2019-03-19 03:42:48",53
"2019-03-19 04:42:48",53
"2019-03-19 05:42:45",53
"2019-03-19 06:42:52",53
"2019-03-19 07:42:49",53
"2019-03-19 08:42:46",53
"2019-03-19 09:42:48",53
"2019-03-19 10:42:47",53
"2019-03-19 11:42:47",53
"2019-03-19 12:42:49",53
"2019-03-19 13:42:48",53
"2019-03-19 14:42:49",53
"2019-03-19 15:42:50",53
"2019-03-19 16:42:49",53
"2019-03-19 17:42:51",53
"2019-03-19 18:42:50",53
"2019-03-19 19:42:51",53
"2019-03-19 20:42:51",52
"2019-03-19 21:42:56",52
"2019-03-19 22:42:53",52
"2019-03-19 23:42:51",52
"2019-03-20 00:42:52",52
"2019-03-20 01:42:52",52
"2019-03-20 02:42:53",52
"2019-03-20 03:42:53",52
"2019-03-20 04:42:52",52
"2019-03-20 05:42:50",52
"2019-03-20 06:42:55",52
"2019-03-20 07:42:54",52
"2019-03-20 08:42:53",52
"2019-03-20 09:42:50",52
"2019-03-20 10:42:52",52
"2019-03-20 11:42:51",52
"2019-03-20 13:06:58",52
"2019-03-20 13:42:51",52
"2019-03-20 14:42:52",52
"2019-03-20 15:42:56",52
"2019-03-20 16:42:50",52
"2019-03-20 17:42:51",52
"2019-03-20 18:42:49",52
"2019-03-20 19:42:48",53
"2019-03-20 20:42:47",53
"2019-03-20 21:42:47",53
"2019-03-20 22:42:47",53
"2019-03-20 23:42:47",53
"2019-03-21 00:42:47",53
"2019-03-21 01:42:46",53
"2019-03-21 02:42:49",53
"2019-03-21 03:42:50",53
"2019-03-21 04:42:47",53
"2019-03-21 05:42:51",53
"2019-03-21 06:42:46",53
"2019-03-21 07:42:46",53
"2019-03-21 08:42:44",53
"2019-03-21 09:42:46",53
"2019-03-21 10:42:48",53
"2019-03-21 11:42:47",53
"2019-03-21 13:07:50",53
"2019-03-21 13:42:46",53
"2019-03-21 14:42:47",53
"2019-03-21 15:42:48",53
"2019-03-21 16:42:46",54
"2019-03-21 17:42:47",54
"2019-03-21 18:42:49",54
"2019-03-21 19:42:47",54
"2019-03-21 20:42:43",54
"2019-03-21 21:42:45",54
"2019-03-21 22:42:45",54
"2019-03-21 23:42:45",54
"2019-03-22 00:42:45",54
"2019-03-22 01:42:44",54
"2019-03-22 02:42:51",54
"2019-03-22 03:42:46",54
"2019-03-22 04:42:44",54
"2019-03-22 05:42:45",54
"2019-03-22 06:42:43",54
"2019-03-22 07:42:44",54
"2019-03-22 08:42:55",54
"2019-03-22 09:42:46",54
"2019-03-22 10:42:45",54
"2019-03-22 11:42:43",54
"2019-03-22 12:42:51",54
"2019-03-22 13:42:44",54
"2019-03-22 14:42:44",54
"2019-03-22 15:42:45",56
"2019-03-22 16:42:46",55
"2019-03-22 17:42:48",55
"2019-03-22 18:42:46",55
"2019-03-22 19:42:45",55
"2019-03-22 20:42:45",55
"2019-03-22 21:42:44",55
"2019-03-22 22:42:45",55
"2019-03-22 23:42:44",55
"2019-03-23 00:42:46",55
"2019-03-23 01:42:52",55
"2019-03-23 02:42:46",55
"2019-03-23 03:42:44",55
"2019-03-23 04:42:44",55
"2019-03-23 05:42:45",55
"2019-03-23 06:42:44",55
"2019-03-23 07:42:49",55
"2019-03-23 08:42:44",55
"2019-03-23 09:42:45",55
"2019-03-23 10:42:43",55
"2019-03-23 11:42:45",55
"2019-03-23 12:42:43",55
"2019-03-23 13:42:48",55
"2019-03-23 14:42:45",55
"2019-03-23 15:42:45",55
"2019-03-23 16:42:43",55
"2019-03-23 17:42:44",55
"2019-03-23 18:42:45",55
"2019-03-23 19:42:49",55
"2019-03-23 20:42:45",55
"2019-03-23 21:42:46",55
"2019-03-23 22:42:45",55
"2019-03-23 23:42:45",55
"2019-03-24 00:42:45",55
"2019-03-24 01:42:46",55
"2019-03-24 02:42:46",55
"2019-03-24 03:42:47",55
"2019-03-24 04:42:52",55
"2019-03-24 05:42:46",55
"2019-03-24 06:42:46",55
"2019-03-24 07:42:46",55
"2019-03-24 08:42:45",55
"2019-03-24 09:42:51",55
"2019-03-24 10:42:48",55
"2019-03-24 11:42:43",55
"2019-03-24 12:42:44",55
"2019-03-24 13:42:49",55
"2019-03-24 14:42:45",55
"2019-03-24 15:42:45",55
"2019-03-24 16:42:44",55
"2019-03-24 17:42:45",55
"2019-03-24 18:42:46",55
"2019-03-24 19:42:45",55
"2019-03-24 20:42:46",55
"2019-03-24 21:42:52",55
"2019-03-24 22:42:46",55
"2019-03-24 23:42:46",55
"2019-03-25 00:42:46",55
"2019-03-25 01:42:46",55
"2019-03-25 02:42:47",55
"2019-03-25 03:42:54",55
"2019-03-25 04:42:46",55
"2019-03-25 05:42:47",55
"2019-03-25 06:42:45",55
"2019-03-25 07:42:46",55
"2019-03-25 08:42:48",55
"2019-03-25 09:42:45",55
"2019-03-25 10:42:46",55
"2019-03-25 11:42:55",55
"2019-03-25 13:06:51",55
"2019-03-25 13:42:51",55
"2019-03-25 14:42:47",57
"2019-03-25 15:42:47",57
"2019-03-25 16:42:46",57
"2019-03-25 17:42:47",57
"2019-03-25 18:42:48",57
"2019-03-25 19:42:51",57
"2019-03-25 20:42:46",58
"2019-03-25 21:42:46",58
"2019-03-25 22:42:55",58
"2019-03-25 23:42:53",58
"2019-03-26 00:42:49",58
"2019-03-26 01:42:48",58
"2019-03-26 02:42:45",58
"2019-03-26 03:42:48",58
"2019-03-26 04:42:47",58
"2019-03-26 05:42:48",58
"2019-03-26 06:42:46",58
"2019-03-26 07:42:45",58
"2019-03-26 08:42:44",58
"2019-03-26 09:42:45",58
"2019-03-26 10:42:49",58
"2019-03-26 11:42:45",58
"2019-03-26 12:42:47",58
"2019-03-26 13:42:54",58
"2019-03-26 14:42:44",58
"2019-03-26 15:42:54",58
"2019-03-26 16:42:51",58
"2019-03-26 17:42:47",58
"2019-03-26 18:42:50",57
"2019-03-26 19:42:54",57
"2019-03-26 20:42:48",57
"2019-03-26 21:42:48",57
"2019-03-26 22:42:47",57
"2019-03-26 23:42:46",57
"2019-03-27 00:42:50",57
"2019-03-27 01:42:46",57
"2019-03-27 02:42:45",57
"2019-03-27 03:42:52",57
"2019-03-27 04:42:49",57
"2019-03-27 05:42:48",57
"2019-03-27 06:42:53",57
"2019-03-27 07:42:46",57
"2019-03-27 08:42:45",57
"2019-03-27 09:42:46",57
"2019-03-27 10:42:51",57
"2019-03-27 11:42:45",57
"2019-03-27 13:07:27",57
"2019-03-27 13:42:48",57
"2019-03-27 14:42:53",58
"2019-03-27 15:42:47",58
"2019-03-27 16:42:48",58
"2019-03-27 17:42:57",58
"2019-03-27 18:42:46",58
"2019-03-27 19:42:45",58
"2019-03-27 20:42:51",57
"2019-03-27 21:42:46",57
"2019-03-27 22:42:56",57
"2019-03-27 23:42:50",57
"2019-03-28 00:42:49",57
"2019-03-28 01:42:46",57
"2019-03-28 02:42:56",57
"2019-03-28 03:42:48",57
"2019-03-28 04:42:52",57
"2019-03-28 05:42:46",57
"2019-03-28 06:42:45",57
"2019-03-28 07:42:46",57
"2019-03-28 08:42:44",57
"2019-03-28 09:42:45",57
"2019-03-28 10:42:45",57
"2019-03-28 11:42:45",57
"2019-03-28 13:07:18",57
"2019-03-28 13:42:50",57
"2019-03-28 14:42:47",57
"2019-03-28 15:42:48",57
"2019-03-28 16:42:49",57
"2019-03-28 17:42:47",58
"2019-03-28 18:42:47",58
"2019-03-28 19:42:46",58
"2019-03-28 20:42:50",58
"2019-03-28 21:42:48",58
"2019-03-28 22:42:46",58
"2019-03-28 23:42:47",58
"2019-03-29 00:42:45",58
"2019-03-29 01:43:01",58
"2019-03-29 02:42:51",58
"2019-03-29 03:42:53",58
"2019-03-29 04:42:50",58
"2019-03-29 05:42:45",58
"2019-03-29 06:42:44",58
"2019-03-29 07:42:45",58
"2019-03-29 08:42:51",58
"2019-03-29 09:42:46",58
"2019-03-29 10:42:47",58
"2019-03-29 11:42:50",58
"2019-03-29 13:07:49",58
"2019-03-29 13:42:47",58
"2019-03-29 14:42:49",59
"2019-03-29 15:42:49",59
"2019-03-29 16:42:43",59
"2019-03-29 17:42:51",59
"2019-03-29 18:43:01",59
"2019-03-29 19:42:50",59
"2019-03-29 20:42:50",59
"2019-03-29 21:42:48",59
"2019-03-29 22:42:53",59
"2019-03-29 23:42:59",59
"2019-03-30 00:42:52",59
"2019-03-30 01:42:51",59
"2019-03-30 02:42:54",59
"2019-03-30 03:42:53",59
"2019-03-30 04:42:54",59
"2019-03-30 05:42:49",59
"2019-03-30 06:42:49",59
"2019-03-30 07:42:49",59
"2019-03-30 08:43:08",59
"2019-03-30 09:42:50",59
"2019-03-30 10:42:50",59
"2019-03-30 11:42:49",59
"2019-03-30 12:42:55",59
"2019-03-30 13:42:45",59
"2019-03-30 14:42:46",59
"2019-03-30 15:42:45",59
"2019-03-30 16:42:45",59
"2019-03-30 17:42:51",59
"2019-03-30 18:42:45",59
"2019-03-30 19:42:46",59
"2019-03-30 20:42:44",59
"2019-03-30 21:42:45",59
"2019-03-30 22:42:52",59
"2019-03-30 23:42:46",59
"2019-03-31 00:42:46",59
"2019-03-31 01:42:48",59
"2019-03-31 02:42:53",59
"2019-03-31 03:42:47",59
"2019-03-31 04:42:45",59
"2019-03-31 05:42:45",59
"2019-03-31 06:42:52",59
"2019-03-31 07:42:46",59
"2019-03-31 08:42:44",59
"2019-03-31 09:42:44",59
"2019-03-31 10:42:50",59
"2019-03-31 11:42:46",59
"2019-03-31 12:42:45",59
"2019-03-31 13:42:49",59
"2019-03-31 14:42:45",59
"2019-03-31 15:42:46",59
"2019-03-31 16:42:47",59
"2019-03-31 17:42:55",59
"2019-03-31 18:42:45",59
"2019-03-31 19:42:46",59
"2019-03-31 20:42:45",59
"2019-03-31 21:42:46",59
"2019-03-31 22:42:45",59
"2019-03-31 23:42:50",59
"2019-04-01 00:42:51",59
"2019-04-01 01:42:49",59
"2019-04-01 02:42:51",59
"2019-04-01 03:42:58",59
"2019-04-01 04:42:48",59
"2019-04-01 05:42:47",59
"2019-04-01 06:42:45",59
"2019-04-01 07:42:53",59
"2019-04-01 08:42:46",59
"2019-04-01 09:42:48",59
"2019-04-01 10:42:53",59
"2019-04-01 11:42:51",59
"2019-04-01 13:42:54",59
"2019-04-01 14:42:52",58
"2019-04-01 15:43:02",58
"2019-04-01 16:42:56",58
"2019-04-01 17:42:51",58
"2019-04-01 18:42:48",60
"2019-04-01 19:43:02",60
"2019-04-01 20:42:50",60
"2019-04-01 21:42:47",60
"2019-04-01 22:42:51",60
"2019-04-01 23:42:50",60
"2019-04-02 00:42:55",60
"2019-04-02 01:42:49",60
"2019-04-02 02:42:51",60
"2019-04-02 03:42:58",60
"2019-04-02 04:42:50",60
"2019-04-02 05:42:48",60
"2019-04-02 06:42:48",60
"2019-04-02 07:42:53",60
"2019-04-02 08:42:50",60
"2019-04-02 09:42:53",60
"2019-04-02 10:42:48",60
"2019-04-02 11:42:48",60
"2019-04-02 13:07:27",60
"2019-04-02 13:42:51",60
"2019-04-02 14:42:46",61
"2019-04-02 15:42:58",61
"2019-04-02 16:42:48",60
"2019-04-02 17:42:56",60
"2019-04-02 18:42:50",60
"2019-04-02 19:42:51",60
"2019-04-02 20:42:56",60
"2019-04-02 21:42:51",60
"2019-04-02 22:42:49",60
"2019-04-02 23:42:51",60
"2019-04-03 00:43:02",60
"2019-04-03 01:42:52",60
"2019-04-03 02:42:48",60
"2019-04-03 03:42:52",60
"2019-04-03 04:42:52",60
"2019-04-03 05:42:53",60
"2019-04-03 06:42:54",60
"2019-04-03 07:42:50",60
"2019-04-03 08:42:49",60
"2019-04-03 09:43:02",60
"2019-04-03 10:42:53",60
"2019-04-03 11:42:52",60
"2019-04-03 13:07:29",60
"2019-04-03 13:42:49",60
"2019-04-03 14:42:57",59
"2019-04-03 15:42:57",59
"2019-04-03 16:42:49",59
"2019-04-03 17:42:47",57
"2019-04-03 18:42:48",57
"2019-04-03 19:42:49",57
"2019-04-03 20:42:51",58
"2019-04-03 21:42:48",58
"2019-04-03 22:42:47",58
"2019-04-03 23:42:55",58
"2019-04-04 00:42:46",58
"2019-04-04 01:42:48",58
"2019-04-04 02:42:49",58
"2019-04-04 03:42:53",58
"2019-04-04 04:42:46",58
"2019-04-04 05:42:45",58
"2019-04-04 06:42:46",58
"2019-04-04 07:42:48",58
"2019-04-04 08:42:52",58
"2019-04-04 09:42:46",58
"2019-04-04 10:42:47",58
"2019-04-04 11:42:53",58
"2019-04-04 12:42:48",58
"2019-04-04 13:42:48",58
"2019-04-04 14:42:56",58
"2019-04-04 15:42:49",58
"2019-04-04 16:42:56",58
"2019-04-04 17:42:46",58
"2019-04-04 18:42:52",58
"2019-04-04 19:42:48",58
"2019-04-04 20:42:48",58
"2019-04-04 21:42:51",58
"2019-04-04 22:42:59",58
"2019-04-04 23:42:48",58
"2019-04-05 00:42:49",58
"2019-04-05 01:42:47",58
"2019-04-05 02:42:47",58
"2019-04-05 03:43:00",58
"2019-04-05 04:42:49",58
"2019-04-05 05:42:47",58
"2019-04-05 06:42:46",58
"2019-04-05 07:42:47",58
"2019-04-05 08:42:57",58
"2019-04-05 09:42:49",58
"2019-04-05 10:42:55",58
"2019-04-05 11:42:48",58
"2019-04-05 13:06:55",58
"2019-04-05 13:42:53",58
"2019-04-05 14:42:52",58
"2019-04-05 15:42:57",58
"2019-04-05 16:42:48",58
"2019-04-05 17:42:49",58
"2019-04-05 18:42:51",59
"2019-04-05 19:42:49",58
"2019-04-05 20:42:48",58
"2019-04-05 21:42:53",58
"2019-04-05 22:42:50",58
"2019-04-05 23:42:54",58
"2019-04-06 00:42:52",58
"2019-04-06 01:43:03",58
"2019-04-06 02:42:54",58
"2019-04-06 03:42:52",58
"2019-04-06 04:42:56",58
"2019-04-06 05:42:51",58
"2019-04-06 06:42:49",58
"2019-04-06 07:42:51",58
"2019-04-06 08:43:00",58
"2019-04-06 09:42:50",58
"2019-04-06 10:42:50",58
"2019-04-06 11:42:51",58
"2019-04-06 12:42:51",58
"2019-04-06 13:42:48",58
"2019-04-06 14:42:48",58
"2019-04-06 15:42:55",58
"2019-04-06 16:42:49",58
"2019-04-06 17:42:49",58
"2019-04-06 18:42:50",58
"2019-04-06 19:42:49",58
"2019-04-06 20:42:47",58
"2019-04-06 21:42:58",58
"2019-04-06 22:42:49",58
"2019-04-06 23:42:48",58
"2019-04-07 00:42:49",58
"2019-04-07 01:42:47",58
"2019-04-07 02:42:51",58
"2019-04-07 03:42:55",58
"2019-04-07 04:42:50",58
"2019-04-07 05:42:50",58
"2019-04-07 06:42:52",58
"2019-04-07 07:42:59",58
"2019-04-07 08:42:52",58
"2019-04-07 09:42:55",58
"2019-04-07 10:42:49",58
"2019-04-07 11:42:56",58
"2019-04-07 12:42:52",58
"2019-04-07 13:42:56",58
"2019-04-07 14:42:49",58
"2019-04-07 15:42:52",58
"2019-04-07 16:42:55",58
"2019-04-07 17:42:50",58
"2019-04-07 18:42:50",58
"2019-04-07 19:42:49",58
"2019-04-07 20:42:57",58
"2019-04-07 21:42:49",58
"2019-04-07 22:42:49",58
"2019-04-07 23:42:48",58
"2019-04-08 00:43:00",58
"2019-04-08 01:42:51",58
"2019-04-08 02:42:50",58
"2019-04-08 03:42:50",58
"2019-04-08 04:42:47",58
"2019-04-08 05:42:58",58
"2019-04-08 06:42:47",58
"2019-04-08 07:42:47",58
"2019-04-08 08:42:48",58
"2019-04-08 09:42:50",58
"2019-04-08 10:42:48",58
"2019-04-08 11:43:01",58
"2019-04-08 12:42:48",58
"2019-04-08 13:42:56",58
"2019-04-08 14:42:48",58
"2019-04-08 15:42:54",58
"2019-04-08 16:43:00",58
"2019-04-08 17:42:50",58
"2019-04-08 18:42:49",58
"2019-04-08 19:42:50",58
"2019-04-08 20:42:50",57
"2019-04-08 21:42:52",57
"2019-04-08 22:42:51",57
"2019-04-08 23:42:49",57
"2019-04-09 00:42:56",57
"2019-04-09 01:42:50",57
"2019-04-09 02:42:53",57
"2019-04-09 03:42:52",57
"2019-04-09 04:42:50",57
"2019-04-09 05:42:54",57
"2019-04-09 06:42:50",57
"2019-04-09 07:42:50",57
"2019-04-09 08:42:53",57
"2019-04-09 09:43:01",57
"2019-04-09 10:42:50",57
"2019-04-09 11:42:51",57
"2019-04-09 13:08:06",57
"2019-04-09 13:42:50",57
"2019-04-09 14:42:49",58
"2019-04-09 15:43:03",58
"2019-04-09 16:42:52",59
"2019-04-09 17:42:50",59
"2019-04-09 18:42:51",59
"2019-04-09 19:42:50",59
"2019-04-09 20:42:50",60
"2019-04-09 21:42:51",60
"2019-04-09 22:42:50",60
"2019-04-09 23:42:57",60
"2019-04-10 00:42:52",60
"2019-04-10 01:42:52",60
"2019-04-10 02:42:52",60
"2019-04-10 03:42:55",60
"2019-04-10 04:42:57",60
"2019-04-10 05:42:50",60
"2019-04-10 06:42:50",60
"2019-04-10 07:42:49",60
"2019-04-10 08:42:57",60
"2019-04-10 09:42:51",60
"2019-04-10 10:42:51",60
"2019-04-10 11:42:53",60
"2019-04-10 12:43:00",60
"2019-04-10 13:43:01",60
"2019-04-10 14:42:50",59
"2019-04-10 15:42:54",59
"2019-04-10 16:42:52",60
"2019-04-10 17:42:52",60
"2019-04-10 18:42:56",61
"2019-04-10 19:42:53",61
"2019-04-10 20:42:49",61
"2019-04-10 21:42:49",61
"2019-04-10 22:42:48",61
"2019-04-10 23:42:59",61
"2019-04-11 00:42:51",61
"2019-04-11 01:42:47",61
"2019-04-11 02:42:51",61
"2019-04-11 03:42:53",61
"2019-04-11 04:42:54",61
"2019-04-11 05:42:52",61
"2019-04-11 06:42:47",61
"2019-04-11 18:42:56",60
"2019-04-11 19:43:05",60
"2019-04-11 20:42:51",61
"2019-04-11 21:42:52",61
"2019-04-11 22:42:51",61
"2019-04-11 23:42:51",61
"2019-04-12 00:42:51",61
"2019-04-12 01:42:53",61
"2019-04-12 02:42:59",61
"2019-04-12 03:42:53",61
"2019-04-12 04:42:53",61
"2019-04-12 05:42:53",61
"2019-04-12 06:42:49",61
"2019-04-12 07:42:51",61
"2019-04-12 08:42:51",61
"2019-04-12 09:42:56",61
"2019-04-12 10:42:50",61
"2019-04-12 11:42:50",61
"2019-04-12 13:06:34",61
"2019-04-12 13:42:53",61
"2019-04-12 14:42:49",61
"2019-04-12 15:42:56",60
"2019-04-12 16:42:54",60
"2019-04-12 17:42:51",60
"2019-04-12 18:42:51",60
"2019-04-12 19:42:51",60
"2019-04-12 20:42:51",60
"2019-04-12 21:42:49",60
"2019-04-12 22:42:59",60
"2019-04-12 23:42:50",60
"2019-04-13 00:42:54",60
"2019-04-13 01:42:51",60
"2019-04-13 02:42:52",60
"2019-04-13 03:43:04",60
"2019-04-13 04:42:53",60
"2019-04-13 05:42:53",60
"2019-04-13 06:42:53",60
"2019-04-13 07:42:48",60
"2019-04-13 08:42:51",60
"2019-04-13 09:42:55",60
"2019-04-13 10:42:49",60
"2019-04-13 11:42:52",60
"2019-04-13 12:42:51",60
"2019-04-13 13:42:51",60
"2019-04-13 14:42:55",60
"2019-04-13 15:42:54",60
"2019-04-13 16:42:53",60
"2019-04-13 17:42:49",60
"2019-04-13 18:42:52",60
"2019-04-13 19:42:52",60
"2019-04-13 20:42:51",60
"2019-04-13 21:42:56",60
"2019-04-13 22:42:51",60
"2019-04-13 23:42:50",60
"2019-04-14 00:42:53",60
"2019-04-14 01:42:55",60
"2019-04-14 02:42:51",60
"2019-04-14 03:42:50",60
"2019-04-14 04:43:00",60
"2019-04-14 05:42:51",60
"2019-04-14 06:42:52",60
"2019-04-14 07:42:55",60
"2019-04-14 08:42:51",60
"2019-04-14 09:42:54",60
"2019-04-14 10:42:48",60
"2019-04-14 11:42:54",60
"2019-04-14 12:42:49",60
"2019-04-14 13:42:52",60
"2019-04-14 14:42:58",60
"2019-04-14 15:42:55",60
"2019-04-14 16:42:55",60
"2019-04-14 17:42:52",60
"2019-04-14 18:42:53",60
"2019-04-14 19:42:53",60
"2019-04-14 20:42:55",60
"2019-04-14 21:43:01",60
"2019-04-14 22:42:52",60
"2019-04-14 23:42:53",60
"2019-04-15 00:42:52",60
"2019-04-15 01:42:50",60
"2019-04-15 02:42:52",60
"2019-04-15 03:43:02",60
"2019-04-15 04:42:52",60
"2019-04-15 05:42:52",60
"2019-04-15 06:42:49",60
"2019-04-15 07:42:51",60
"2019-04-15 08:42:55",60
"2019-04-15 09:42:49",60
"2019-04-15 10:42:50",60
"2019-04-15 11:42:51",60
"2019-04-15 13:08:32",60
"2019-04-15 13:42:50",60
"2019-04-15 14:42:52",60
"2019-04-15 15:42:58",61
"2019-04-15 16:42:51",61
"2019-04-15 17:42:55",60
"2019-04-15 18:42:56",60
"2019-04-15 19:43:09",60
"2019-04-15 20:42:51",61
"2019-04-15 21:42:52",61
"2019-04-15 22:42:53",61
"2019-04-15 23:42:56",61
"2019-04-16 00:42:54",61
"2019-04-16 01:42:51",61
"2019-04-16 02:42:53",61
"2019-04-16 03:42:57",61
"2019-04-16 04:42:53",61
"2019-04-16 05:42:51",61
"2019-04-16 06:42:51",61
"2019-04-16 07:42:49",61
"2019-04-16 08:43:04",61
"2019-04-16 09:42:50",61
"2019-04-16 10:42:58",61
"2019-04-16 11:42:50",61
"2019-04-16 13:06:54",61
"2019-04-16 13:42:52",61
"2019-04-16 14:42:56",61
"2019-04-16 15:42:50",61
"2019-04-16 16:42:50",61
"2019-04-16 17:42:48",61
"2019-04-16 18:42:57",61
"2019-04-16 19:42:52",61
"2019-04-16 20:42:52",61
"2019-04-16 21:42:48",61
"2019-04-16 22:42:49",61
"2019-04-16 23:42:49",61
"2019-04-17 00:42:50",61
"2019-04-17 01:42:52",61
"2019-04-17 02:42:57",61
"2019-04-17 03:42:51",61
"2019-04-17 04:42:52",61
"2019-04-17 05:42:51",61
"2019-04-17 06:43:05",61
"2019-04-17 07:42:52",61
"2019-04-17 08:42:49",61
"2019-04-17 09:42:56",61
"2019-04-17 10:42:49",61
"2019-04-17 11:42:51",61
"2019-04-17 13:07:57",61
"2019-04-17 13:42:54",61
"2019-04-17 14:42:52",61
"2019-04-17 15:43:11",61
"2019-04-17 16:42:52",61
"2019-04-17 17:42:58",61
"2019-04-17 18:42:52",61
"2019-04-17 19:42:51",61
"2019-04-17 20:42:53",61
"2019-04-17 21:42:51",61
"2019-04-17 22:42:52",61
"2019-04-17 23:46:28",61
"2019-04-18 00:42:51",61
"2019-04-18 01:42:54",61
"2019-04-18 02:42:51",61
"2019-04-18 03:43:01",61
"2019-04-18 04:42:53",61
"2019-04-18 05:42:58",61
"2019-04-18 06:42:51",61
"2019-04-18 07:42:51",61
"2019-04-18 08:42:57",61
"2019-04-18 09:42:51",61
"2019-04-18 10:42:53",61
"2019-04-18 11:42:55",61
"2019-04-18 13:07:54",61
"2019-04-18 13:42:52",61
"2019-04-18 14:42:57",60
"2019-04-18 15:42:53",60
"2019-04-18 16:42:54",60
"2019-04-18 17:42:59",59
"2019-04-18 18:42:52",58
"2019-04-18 19:42:51",58
"2019-04-18 20:42:52",58
"2019-04-18 21:42:54",58
"2019-04-18 22:42:52",58
"2019-04-18 23:42:57",58
"2019-04-19 00:43:53",58
"2019-04-19 02:42:51",58
"2019-04-19 03:43:00",58
"2019-04-19 04:42:51",58
"2019-04-19 05:42:50",58
"2019-04-19 06:42:53",58
"2019-04-19 07:42:56",58
"2019-04-19 08:42:55",58
"2019-04-19 09:42:52",58
"2019-04-19 10:42:54",58
"2019-04-19 11:42:50",58
"2019-04-19 12:42:51",58
"2019-04-19 13:42:55",58
"2019-04-19 14:42:56",58
"2019-04-19 15:42:50",58
"2019-04-19 16:42:53",58
"2019-04-19 17:42:58",58
"2019-04-19 18:42:51",58
"2019-04-19 19:42:51",58
"2019-04-19 20:42:50",58
"2019-04-19 21:42:50",58
"2019-04-19 22:42:51",58
"2019-04-19 23:42:53",58
"2019-04-20 00:42:58",58
"2019-04-20 01:42:54",58
"2019-04-20 02:42:53",58
"2019-04-20 03:42:51",58
"2019-04-20 04:42:57",58
"2019-04-20 05:42:51",58
"2019-04-20 06:42:51",58
"2019-04-20 07:42:54",58
"2019-04-20 08:42:52",58
"2019-04-20 09:42:57",58
"2019-04-20 10:42:52",58
"2019-04-20 11:42:49",58
"2019-04-20 12:43:01",58
"2019-04-20 13:43:49",58
"2019-04-20 14:42:51",58
"2019-04-20 15:42:49",58
"2019-04-20 16:42:55",58
"2019-04-20 17:42:55",58
"2019-04-20 18:42:51",58
"2019-04-20 19:42:51",58
"2019-04-20 20:42:51",58
"2019-04-20 21:42:50",58
"2019-04-20 22:42:51",58
"2019-04-20 23:42:58",58
"2019-04-21 00:42:50",58
"2019-04-21 01:42:51",58
"2019-04-21 02:42:53",58
"2019-04-21 03:42:52",58
"2019-04-21 04:42:54",58
"2019-04-21 05:42:51",58
"2019-04-21 06:42:50",58
"2019-04-21 07:42:57",58
"2019-04-21 08:42:50",58
"2019-04-21 09:42:50",58
"2019-04-21 10:42:52",58
"2019-04-21 11:42:52",58
"2019-04-21 12:42:51",58
"2019-04-21 13:42:50",58
"2019-04-21 14:42:57",58
"2019-04-21 15:42:51",58
"2019-04-21 16:42:53",58
"2019-04-21 17:42:52",58
"2019-04-21 18:42:49",58
"2019-04-21 19:42:58",58
"2019-04-21 20:42:49",58
"2019-04-21 21:42:51",58
"2019-04-21 22:42:50",58
"2019-04-21 23:42:50",58
"2019-04-22 00:42:50",58
"2019-04-22 01:42:54",58
"2019-04-22 02:43:00",58
"2019-04-22 03:42:52",58
"2019-04-22 04:42:48",58
"2019-04-22 05:42:49",58
"2019-04-22 06:42:53",58
"2019-04-22 07:42:53",58
"2019-04-22 08:42:51",58
"2019-04-22 09:42:49",58
"2019-04-22 10:42:56",58
"2019-04-22 11:42:54",58
"2019-04-22 13:08:26",58
"2019-04-22 13:42:53",58
"2019-04-22 14:42:55",58
"2019-04-22 15:42:51",57
"2019-04-22 16:42:51",57
"2019-04-22 17:42:53",57
"2019-04-22 18:42:55",57
"2019-04-22 19:42:55",57
"2019-04-22 20:42:52",57
"2019-04-22 21:42:52",57
"2019-04-22 22:42:52",57
"2019-04-22 23:42:55",57
"2019-04-23 00:42:54",57
"2019-04-23 01:42:50",57
"2019-04-23 02:42:51",57
"2019-04-23 03:42:54",57
"2019-04-23 04:42:56",57
"2019-04-23 05:42:52",57
"2019-04-23 06:43:27",57
"2019-04-23 07:42:51",57
"2019-04-23 08:42:48",57
"2019-04-23 09:42:51",57
"2019-04-23 10:42:54",57
"2019-04-23 11:42:55",57
"2019-04-23 13:08:56",57
"2019-04-23 13:42:51",57
"2019-04-23 14:42:49",58
"2019-04-23 15:42:55",58
"2019-04-23 16:42:52",59
"2019-04-23 17:42:52",59
"2019-04-23 18:42:50",59
"2019-04-23 19:42:53",59
"2019-04-23 20:43:00",62
"2019-04-23 21:42:54",62
"2019-04-23 22:42:51",62
"2019-04-23 23:42:52",62
"2019-04-24 00:42:50",62
"2019-04-24 01:42:53",62
"2019-04-24 02:42:58",62
"2019-04-24 03:42:54",62
"2019-04-24 04:42:51",62
"2019-04-24 05:42:50",62
"2019-04-24 06:42:53",62
"2019-04-24 07:42:57",62
"2019-04-24 08:42:50",62
"2019-04-24 09:42:52",62
"2019-04-24 10:42:56",62
"2019-04-24 11:42:57",62
"2019-04-24 12:42:51",62
"2019-04-24 13:43:07",62
"2019-04-24 14:42:56",62
"2019-04-24 15:42:55",62
"2019-04-24 16:42:54",62
"2019-04-24 17:42:56",61
"2019-04-24 18:43:05",61
"2019-04-24 19:42:54",61
"2019-04-24 20:42:56",61
"2019-04-24 21:42:54",61
"2019-04-24 22:42:52",61
"2019-04-24 23:43:03",61
"2019-04-25 00:42:55",61
"2019-04-25 01:42:55",61
"2019-04-25 02:42:54",61
"2019-04-25 03:43:01",61
"2019-04-25 04:42:54",61
"2019-04-25 05:42:53",61
"2019-04-25 06:42:57",61
"2019-04-25 07:42:52",61
"2019-04-25 08:42:58",61
"2019-04-25 09:42:53",61
"2019-04-25 10:42:57",61
"2019-04-25 11:42:56",61
"2019-04-25 13:07:28",61
"2019-04-25 13:42:54",61
"2019-04-25 14:42:58",61
"2019-04-25 15:42:52",61
"2019-04-25 16:42:57",60
"2019-04-25 17:42:51",60
"2019-04-25 18:42:51",60
"2019-04-25 19:42:56",60
"2019-04-25 20:42:51",60
"2019-04-25 21:42:58",60
"2019-04-25 22:42:52",60
"2019-04-25 23:42:51",60
"2019-04-26 00:42:54",60
"2019-04-26 01:42:58",60
"2019-04-26 02:42:53",60
"2019-04-26 03:42:54",60
"2019-04-26 04:42:55",60
"2019-04-26 05:42:56",60
"2019-04-26 06:42:55",60
"2019-04-26 07:42:51",60
"2019-04-26 08:42:58",60
"2019-04-26 09:42:50",60
"2019-04-26 10:43:00",60
"2019-04-26 11:42:51",60
"2019-04-26 12:42:52",60
"2019-04-26 13:42:57",60
"2019-04-26 14:42:52",60
"2019-04-26 15:42:57",60
"2019-04-26 16:42:50",60
"2019-04-26 17:42:52",60
"2019-04-26 18:42:53",60
"2019-04-26 19:42:51",60
"2019-04-26 20:42:57",60
"2019-04-26 21:42:51",60
"2019-04-26 22:42:51",60
"2019-04-26 23:42:52",60
"2019-04-27 00:42:52",60
"2019-04-27 01:42:56",60
"2019-04-27 02:42:51",60
"2019-04-27 03:42:51",60
"2019-04-27 04:42:50",60
"2019-04-27 05:42:53",60
"2019-04-27 06:42:56",60
"2019-04-27 07:42:50",60
"2019-04-27 08:42:50",60
"2019-04-27 09:42:54",60
"2019-04-27 10:42:52",60
"2019-04-27 11:42:49",60
"2019-04-27 12:42:50",60
"2019-04-27 13:42:53",60
"2019-04-27 14:42:50",60
"2019-04-27 15:42:49",60
"2019-04-27 16:42:52",60
"2019-04-27 17:42:59",60
"2019-04-27 18:42:51",60
"2019-04-27 19:42:49",60
"2019-04-27 20:42:52",60
"2019-04-27 21:42:53",60
"2019-04-27 22:42:50",60
"2019-04-27 23:42:50",60
"2019-04-28 00:42:50",60
"2019-04-28 01:42:52",60
"2019-04-28 02:42:51",60
"2019-04-28 03:42:50",60
"2019-04-28 04:42:58",60
"2019-04-28 05:42:51",60
"2019-04-28 06:42:50",60
"2019-04-28 07:42:49",60
"2019-04-28 08:42:55",60
"2019-04-28 09:42:50",60
"2019-04-28 10:42:55",60
"2019-04-28 11:42:53",60
"2019-04-28 12:42:50",60
"2019-04-28 13:42:50",60
"2019-04-28 14:42:54",60
"2019-04-28 15:42:51",60
"2019-04-28 16:42:49",60
"2019-04-28 17:42:51",60
"2019-04-28 18:42:51",60
"2019-04-28 19:43:07",60
"2019-04-28 20:42:50",60
"2019-04-28 21:42:52",60
"2019-04-28 22:42:51",60
"2019-04-28 23:42:52",60
"2019-04-29 00:42:56",60
"2019-04-29 01:42:49",60
"2019-04-29 02:42:49",60
"2019-04-29 03:42:53",60
"2019-04-29 04:42:55",60
"2019-04-29 05:42:50",60
"2019-04-29 06:42:50",60
"2019-04-29 07:42:52",60
"2019-04-29 08:42:56",60
"2019-04-29 09:42:54",60
"2019-04-29 10:42:50",60
"2019-04-29 11:42:50",60
"2019-04-29 12:42:56",60
"2019-04-29 13:42:49",60
"2019-04-29 14:42:54",60
"2019-04-29 15:42:49",60
"2019-04-29 16:42:53",60
"2019-04-29 17:42:53",60
"2019-04-29 18:42:52",60
"2019-04-29 19:42:54",60
"2019-04-29 20:43:00",60
"2019-04-29 21:42:51",60
"2019-04-29 22:42:49",60
"2019-04-29 23:42:53",60
"2019-04-30 00:42:50",60
"2019-04-30 01:42:52",60
"2019-04-30 02:42:56",60
"2019-04-30 03:42:57",60
"2019-04-30 04:42:53",60
"2019-04-30 05:42:54",60
"2019-04-30 06:42:51",60
"2019-04-30 07:42:52",60
"2019-04-30 08:42:53",60
"2019-04-30 09:42:58",60
"2019-04-30 10:42:53",60
"2019-04-30 11:42:53",60
"2019-04-30 13:06:56",60
"2019-04-30 13:42:55",60
"2019-04-30 14:42:54",61
"2019-04-30 15:42:56",60
"2019-04-30 16:42:56",60
"2019-04-30 17:43:00",62
"2019-04-30 18:42:53",62
"2019-04-30 19:42:56",62
"2019-04-30 20:42:53",62
"2019-04-30 21:42:53",62
"2019-04-30 22:42:50",62
"2019-04-30 23:42:56",62
"2019-05-01 00:42:49",62
"2019-05-01 01:42:59",62
"2019-05-01 02:42:54",62
"2019-05-01 03:43:00",62
"2019-05-01 04:42:58",62
"2019-05-01 05:42:56",62
"2019-05-01 06:42:51",62
"2019-05-01 07:42:55",62
"2019-05-01 08:42:55",62
"2019-05-01 09:42:55",62
"2019-05-01 10:42:51",62
"2019-05-01 11:42:53",62
"2019-05-01 13:06:56",63
"2019-05-01 13:42:56",63
"2019-05-01 14:42:49",63
"2019-05-01 15:42:57",63
"2019-05-01 16:42:53",63
"2019-05-01 17:42:50",63
"2019-05-01 18:42:55",63
"2019-05-01 19:43:00",63
"2019-05-01 20:42:57",63
"2019-05-01 21:42:53",63
"2019-05-01 22:42:57",63
"2019-05-01 23:42:57",63
"2019-05-02 00:42:58",63
"2019-05-02 01:42:53",63
"2019-05-02 02:42:59",63
"2019-05-02 03:42:54",63
"2019-05-02 04:42:59",63
"2019-05-02 05:43:02",63
"2019-05-02 06:42:59",63
"2019-05-02 07:42:56",63
"2019-05-02 08:42:56",63
"2019-05-02 09:42:53",63
"2019-05-02 10:42:57",63
"2019-05-02 11:42:53",63
"2019-05-02 13:43:01",63
"2019-05-02 14:42:52",63
"2019-05-02 15:42:53",63
"2019-05-02 16:42:59",63
"2019-05-02 17:42:53",63
"2019-05-02 18:42:53",63
"2019-05-02 19:43:01",63
"2019-05-02 20:42:54",63
"2019-05-02 21:42:56",63
"2019-05-02 22:43:01",63
"2019-05-02 23:42:52",63
"2019-05-03 00:42:54",63
"2019-05-03 01:43:01",63
"2019-05-03 02:42:55",63
"2019-05-03 03:43:01",63
"2019-05-03 04:42:54",63
"2019-05-03 05:43:09",63
"2019-05-03 06:42:58",63
"2019-05-03 07:42:58",63
"2019-05-03 08:42:57",63
"2019-05-03 09:42:57",63
"2019-05-03 10:43:01",63
"2019-05-03 11:42:56",63
"2019-05-03 13:06:06",63
"2019-05-03 13:43:07",63
"2019-05-03 14:43:02",63
"2019-05-03 15:42:59",63
"2019-05-03 16:43:00",63
"2019-05-03 17:43:01",63
"2019-05-03 18:43:06",63
"2019-05-03 19:43:04",63
"2019-05-03 20:42:54",63
"2019-05-03 21:43:06",63
"2019-05-03 22:42:55",63
"2019-05-03 23:43:02",63
"2019-05-04 00:42:59",63
"2019-05-04 01:43:00",63
"2019-05-04 02:43:02",63
"2019-05-04 03:43:07",63
"2019-05-04 04:43:00",63
"2019-05-04 05:42:59",63
"2019-05-04 06:43:01",63
"2019-05-04 07:43:00",63
"2019-05-04 08:42:55",63
"2019-05-04 09:42:58",63
"2019-05-04 10:42:54",63
"2019-05-04 11:42:59",63
"2019-05-04 12:43:02",63
"2019-05-04 13:43:01",63
"2019-05-04 14:42:55",63
"2019-05-04 15:42:56",63
"2019-05-04 16:42:59",63
"2019-05-04 17:42:56",63
"2019-05-04 18:42:54",63
"2019-05-04 19:42:58",63
"2019-05-04 20:42:54",63
"2019-05-04 21:42:56",63
"2019-05-04 22:42:55",63
"2019-05-04 23:43:01",63
"2019-05-05 00:42:57",63
"2019-05-05 01:43:00",63
"2019-05-05 02:42:56",63
"2019-05-05 03:42:58",63
"2019-05-05 04:43:00",63
"2019-05-05 05:43:01",63
"2019-05-05 06:43:02",63
"2019-05-05 07:42:57",63
"2019-05-05 08:42:53",63
"2019-05-05 09:42:54",63
"2019-05-05 10:42:57",63
"2019-05-05 11:42:58",63
"2019-05-05 12:42:57",63
"2019-05-05 13:42:57",63
"2019-05-05 14:42:58",63
"2019-05-05 15:42:56",63
"2019-05-05 16:42:55",63
"2019-05-05 17:43:02",63
"2019-05-05 18:42:56",63
"2019-05-05 19:42:54",63
"2019-05-05 20:42:57",63
"2019-05-05 21:42:54",63
"2019-05-05 22:42:58",63
"2019-05-05 23:42:59",63
"2019-05-06 00:42:55",63
"2019-05-06 01:42:54",63
"2019-05-06 02:42:55",63
"2019-05-06 03:42:59",63
"2019-05-06 04:42:53",63
"2019-05-06 05:42:53",63
"2019-05-06 06:42:53",63
"2019-05-06 07:42:59",63
"2019-05-06 08:42:55",63
"2019-05-06 09:42:52",63
"2019-05-06 10:42:58",63
"2019-05-06 11:42:58",63
"2019-05-06 13:08:06",63
"2019-05-06 13:43:06",63
"2019-05-06 14:43:06",64
"2019-05-06 15:42:53",64
"2019-05-06 16:42:57",64
"2019-05-06 17:34:47",64
"2019-05-06 17:42:54",64
"2019-05-06 18:42:56",64
"2019-05-06 19:42:58",64
"2019-05-06 20:42:52",64
"2019-05-06 21:42:52",64
"2019-05-06 22:42:55",64
"2019-05-06 23:42:52",64
"2019-05-07 00:42:53",64
"2019-05-07 01:43:02",64
"2019-05-07 02:42:53",64
"2019-05-07 03:42:57",64
"2019-05-07 04:42:55",64
"2019-05-07 05:42:53",64
"2019-05-07 06:42:52",64
"2019-05-07 07:42:54",64
"2019-05-07 08:42:51",64
"2019-05-07 09:42:56",64
"2019-05-07 10:42:53",64
"2019-05-07 11:42:51",64
"2019-05-07 12:42:59",64
"2019-05-07 13:42:56",64
"2019-05-07 14:42:51",63
"2019-05-07 15:42:51",63
"2019-05-07 16:42:56",63
"2019-05-07 17:42:56",63
"2019-05-07 18:42:53",63
"2019-05-07 19:42:58",64
"2019-05-07 20:42:54",64
"2019-05-07 21:42:52",64
"2019-05-07 22:42:52",64
"2019-05-07 23:42:57",64
"2019-05-08 00:42:52",64
"2019-05-08 01:42:53",64
"2019-05-08 02:42:53",64
"2019-05-08 03:42:58",64
"2019-05-08 04:42:54",64
"2019-05-08 05:42:54",64
"2019-05-08 06:42:55",64
"2019-05-08 07:42:53",64
"2019-05-08 08:42:52",64
"2019-05-08 09:42:59",64
"2019-05-08 10:42:53",64
"2019-05-08 11:42:56",64
"2019-05-08 13:06:58",64
"2019-05-08 13:42:55",64
"2019-05-08 14:42:57",64
"2019-05-08 15:42:57",64
"2019-05-08 16:42:55",64
"2019-05-08 17:42:57",64
"2019-05-08 18:43:00",64
"2019-05-08 19:42:54",64
"2019-05-08 20:42:52",64
"2019-05-08 21:42:54",64
"2019-05-08 22:42:52",64
"2019-05-08 23:43:03",64
"2019-05-09 00:42:54",64
"2019-05-09 01:42:56",64
"2019-05-09 02:42:56",64
"2019-05-09 03:43:02",64
"2019-05-09 04:43:01",64
"2019-05-09 05:42:55",64
"2019-05-09 06:42:58",64
"2019-05-09 07:42:58",64
"2019-05-09 08:42:56",64
"2019-05-09 09:43:01",64
"2019-05-09 10:42:54",64
"2019-05-09 11:42:58",64
"2019-05-09 13:06:28",64
"2019-05-09 13:42:55",64
"2019-05-09 14:42:55",65
"2019-05-09 15:42:59",65
"2019-05-09 16:42:55",64
"2019-05-09 17:43:01",64
"2019-05-09 18:42:55",64
"2019-05-09 19:42:56",65
"2019-05-09 20:42:55",65
"2019-05-09 21:42:53",65
"2019-05-09 22:43:01",65
"2019-05-09 23:42:53",65
"2019-05-10 00:42:54",65
"2019-05-10 01:42:57",65
"2019-05-10 02:43:02",65
"2019-05-10 03:42:53",65
"2019-05-10 04:43:02",65
"2019-05-10 05:42:54",65
"2019-05-10 06:42:54",65
"2019-05-10 07:42:52",65
"2019-05-10 08:42:58",65
"2019-05-10 09:42:54",65
"2019-05-10 10:42:56",65
"2019-05-10 11:42:54",65
"2019-05-10 12:43:02",65
"2019-05-10 13:42:54",65
"2019-05-10 14:42:59",65
"2019-05-10 15:42:55",64
"2019-05-10 16:42:55",65
"2019-05-10 17:42:55",65
"2019-05-10 18:43:01",65
"2019-05-10 19:42:55",65
"2019-05-10 20:42:53",65
"2019-05-10 21:42:55",65
"2019-05-10 22:42:57",65
"2019-05-10 23:42:56",65
"2019-05-11 00:43:03",65
"2019-05-11 01:42:54",65
"2019-05-11 02:43:02",65
"2019-05-11 03:42:54",65
"2019-05-11 04:42:55",65
"2019-05-11 05:43:06",65
"2019-05-11 06:42:53",65
"2019-05-11 07:42:53",65
"2019-05-11 08:42:59",65
"2019-05-11 09:42:53",65
"2019-05-11 10:43:02",65
"2019-05-11 11:42:54",65
"2019-05-11 12:42:54",65
"2019-05-11 13:42:58",65
"2019-05-11 14:42:53",65
"2019-05-11 15:42:56",65
"2019-05-11 16:43:04",65
"2019-05-11 17:42:55",65
"2019-05-11 18:42:56",65
"2019-05-11 19:42:56",65
"2019-05-11 20:42:54",65
"2019-05-11 21:42:55",65
"2019-05-11 22:42:58",65
"2019-05-11 23:42:56",65
"2019-05-12 00:42:54",65
"2019-05-12 01:42:55",65
"2019-05-12 02:42:55",65
"2019-05-12 03:43:01",65
"2019-05-12 04:42:54",65
"2019-05-12 05:42:56",65
"2019-05-12 06:42:54",65
"2019-05-12 07:43:00",65
"2019-05-12 08:42:54",65
"2019-05-12 09:42:57",65
"2019-05-12 10:42:53",65
"2019-05-12 11:42:53",65
"2019-05-12 12:42:53",65
"2019-05-12 13:42:59",65
"2019-05-12 14:42:54",65
"2019-05-12 15:42:55",65
"2019-05-12 16:42:57",65
"2019-05-12 17:43:01",65
"2019-05-12 18:42:54",65
"2019-05-12 19:42:54",65
"2019-05-12 20:42:53",65
"2019-05-12 21:42:52",65
"2019-05-12 22:43:01",65
"2019-05-12 23:42:53",65
"2019-05-13 00:42:56",65
"2019-05-13 01:42:52",65
"2019-05-13 02:42:53",65
"2019-05-13 03:42:57",65
"2019-05-13 04:42:52",65
"2019-05-13 05:42:52",65
"2019-05-13 06:42:58",65
"2019-05-13 07:42:51",65
"2019-05-13 08:42:52",65
"2019-05-13 09:42:54",65
"2019-05-13 10:42:58",65
"2019-05-13 11:42:54",65
"2019-05-13 13:06:28",65
"2019-05-13 13:42:54",65
"2019-05-13 14:42:53",64
"2019-05-13 15:43:00",65
"2019-05-13 16:42:54",65
"2019-05-13 17:42:54",66
"2019-05-13 18:42:56",66
"2019-05-13 19:42:57",66
"2019-05-13 20:42:53",66
"2019-05-13 21:42:55",66
"2019-05-13 22:42:53",66
"2019-05-13 23:42:53",66
"2019-05-14 00:43:11",66
"2019-05-14 01:42:53",66
"2019-05-14 02:42:55",66
"2019-05-14 03:43:01",66
"2019-05-14 04:42:55",66
"2019-05-14 05:42:53",66
"2019-05-14 06:43:01",66
"2019-05-14 07:42:56",66
"2019-05-14 08:42:56",66
"2019-05-14 09:43:00",66
"2019-05-14 10:42:54",66
"2019-05-14 11:42:54",66
"2019-05-14 13:06:00",66
"2019-05-14 13:42:56",66
"2019-05-14 14:42:54",64
"2019-05-14 15:42:57",63
"2019-05-14 16:42:55",63
"2019-05-14 17:42:56",63
"2019-05-14 18:42:56",63
"2019-05-14 19:42:52",63
"2019-05-14 20:42:53",63
"2019-05-14 21:42:52",63
"2019-05-14 22:42:58",63
"2019-05-14 23:42:55",63
"2019-05-15 00:42:54",63
"2019-05-15 01:42:54",63
"2019-05-15 02:42:53",63
"2019-05-15 03:42:58",63
"2019-05-15 04:42:55",63
"2019-05-15 05:42:56",63
"2019-05-15 06:42:57",63
"2019-05-15 07:42:55",63
"2019-05-15 08:42:56",63
"2019-05-15 09:43:00",63
"2019-05-15 10:43:03",63
"2019-05-15 11:42:54",63
"2019-05-15 13:07:00",63
"2019-05-15 13:42:56",63
"2019-05-15 14:42:57",63
"2019-05-15 15:42:54",63
"2019-05-15 16:43:00",63
"2019-05-15 17:42:56",63
"2019-05-15 18:42:59",63
"2019-05-15 19:42:57",63
"2019-05-15 20:42:56",63
"2019-05-15 21:42:58",63
"2019-05-15 22:42:56",63
"2019-05-15 23:42:55",63
"2019-05-16 00:42:54",63
"2019-05-16 01:43:03",63
"2019-05-16 02:43:00",63
"2019-05-16 03:42:54",63
"2019-05-16 04:42:55",63
"2019-05-16 05:42:59",63
"2019-05-16 06:42:56",63
"2019-05-16 07:43:00",63
"2019-05-16 08:42:58",63
"2019-05-16 09:42:59",63
"2019-05-16 10:43:10",63
"2019-05-16 11:42:56",63
"2019-05-16 13:06:00",63
"2019-05-16 13:43:11",63
"2019-05-16 14:42:58",62
"2019-05-16 15:42:56",62
"2019-05-16 16:43:02",62
"2019-05-16 17:42:58",62
"2019-05-16 18:43:00",62
"2019-05-16 19:43:01",62
"2019-05-16 20:42:56",62
"2019-05-16 21:42:59",62
"2019-05-16 22:43:01",62
"2019-05-16 23:42:58",62
"2019-05-17 00:43:07",62
"2019-05-17 01:43:00",62
"2019-05-17 02:42:57",62
"2019-05-17 03:42:56",62
"2019-05-17 04:42:57",62
"2019-05-17 05:42:58",62
"2019-05-17 06:43:04",62
"2019-05-17 07:42:59",62
"2019-05-17 08:43:05",62
"2019-05-17 09:43:04",62
"2019-05-17 10:42:57",62
"2019-05-17 11:43:01",62
"2019-05-17 13:07:32",62
"2019-05-17 13:43:07",62
"2019-05-17 14:42:59",62
"2019-05-17 15:42:56",62
"2019-05-17 16:43:00",64
"2019-05-17 17:42:57",64
"2019-05-17 18:42:59",64
"2019-05-17 19:43:01",64
"2019-05-17 20:42:56",64
"2019-05-17 21:42:57",64
"2019-05-17 22:42:57",64
"2019-05-17 23:42:57",64
"2019-05-18 00:42:57",64
"2019-05-18 01:43:00",64
"2019-05-18 02:42:58",64
"2019-05-18 04:42:54",64
"2019-05-18 05:42:51",64
"2019-05-18 06:42:53",64
"2019-05-18 07:42:51",64
"2019-05-18 08:42:51",64
"2019-05-18 09:42:50",64
"2019-05-18 10:42:50",64
"2019-05-18 11:42:53",64
"2019-05-18 12:42:50",64
"2019-05-18 13:42:52",64
"2019-05-18 14:42:51",64
"2019-05-18 15:42:55",64
"2019-05-18 16:42:51",64
"2019-05-18 17:42:53",64
"2019-05-18 18:42:49",64
"2019-05-18 19:42:51",64
"2019-05-18 20:42:51",64
"2019-05-18 21:42:51",64
"2019-05-18 22:42:51",64
"2019-05-18 23:42:50",64
"2019-05-19 00:42:49",64
"2019-05-19 01:42:50",64
"2019-05-19 02:42:50",64
"2019-05-19 03:42:50",64
"2019-05-19 04:42:53",64
"2019-05-19 05:42:50",64
"2019-05-19 06:42:50",64
"2019-05-19 07:42:50",64
"2019-05-19 08:42:49",64
"2019-05-19 09:42:50",64
"2019-05-19 10:42:50",64
"2019-05-19 11:42:51",64
"2019-05-19 12:42:52",64
"2019-05-19 13:42:52",64
"2019-05-19 14:42:50",64
"2019-05-19 15:42:50",64
"2019-05-19 16:42:52",64
"2019-05-19 17:42:51",64
"2019-05-19 18:42:50",64
"2019-05-19 19:42:51",64
"2019-05-19 20:42:51",64
"2019-05-19 21:42:52",64
"2019-05-19 22:42:50",64
"2019-05-19 23:42:52",64
"2019-05-20 00:42:52",64
"2019-05-20 01:42:51",64
"2019-05-20 02:42:53",64
"2019-05-20 03:42:51",64
"2019-05-20 04:42:53",64
"2019-05-20 05:42:52",64
"2019-05-20 06:42:52",64
"2019-05-20 07:42:52",64
"2019-05-20 08:42:52",64
"2019-05-20 09:42:52",64
"2019-05-20 10:42:51",64
"2019-05-20 11:42:53",64
"2019-05-20 12:42:55",64
"2019-05-20 13:42:53",64
"2019-05-20 14:42:52",65
"2019-05-20 15:42:50",65
"2019-05-20 16:42:53",65
"2019-05-20 17:42:52",65
"2019-05-20 18:42:50",66
"2019-05-20 19:42:51",66
"2019-05-20 20:42:50",66
"2019-05-20 21:42:51",66
"2019-05-20 22:42:51",66
"2019-05-20 23:42:55",66
"2019-05-21 00:42:51",66
"2019-05-21 01:42:52",66
"2019-05-21 02:42:51",66
"2019-05-21 03:42:51",66
"2019-05-21 04:42:52",66
"2019-05-21 05:42:51",66
"2019-05-21 06:42:49",66
"2019-05-21 07:42:52",66
"2019-05-21 08:42:51",66
"2019-05-21 09:42:49",66
"2019-05-21 10:42:51",66
"2019-05-21 11:42:50",66
"2019-05-21 13:06:54",66
"2019-05-21 13:42:51",66
"2019-05-21 14:42:52",67
"2019-05-21 15:42:49",67
"2019-05-21 16:42:49",67
"2019-05-21 17:42:50",67
"2019-05-21 18:42:51",67
"2019-05-21 19:42:52",67
"2019-05-21 20:42:51",67
"2019-05-21 21:42:50",67
"2019-05-21 22:42:54",67
"2019-05-21 23:42:51",67
"2019-05-22 00:42:50",67
"2019-05-22 01:42:51",67
"2019-05-22 02:42:50",67
"2019-05-22 03:42:50",67
"2019-05-22 04:42:52",67
"2019-05-22 05:42:51",67
"2019-05-22 06:42:50",67
"2019-05-22 07:42:51",67
"2019-05-22 08:42:56",67
"2019-05-22 09:42:56",67
"2019-05-22 10:42:50",67
"2019-05-22 11:42:51",67
"2019-05-22 12:42:51",67
"2019-05-22 13:42:52",67
"2019-05-22 14:42:51",68
"2019-05-22 15:42:54",68
"2019-05-22 16:42:51",68
"2019-05-22 17:42:50",68
"2019-05-22 18:42:51",68
"2019-05-22 19:42:50",68
"2019-05-22 20:42:49",68
"2019-05-22 21:42:51",68
"2019-05-22 22:42:50",68
"2019-05-22 23:42:50",68
"2019-05-23 00:42:51",68
"2019-05-23 01:42:50",68
"2019-05-23 02:42:52",68
"2019-05-23 03:42:50",68
"2019-05-23 04:42:54",68
"2019-05-23 05:42:50",68
"2019-05-23 06:42:51",68
"2019-05-23 07:42:52",68
"2019-05-23 08:42:51",68
"2019-05-23 09:42:51",68
"2019-05-23 10:42:51",68
"2019-05-23 11:42:50",68
"2019-05-23 12:42:53",68
"2019-05-23 13:42:51",68
"2019-05-23 14:42:51",68
"2019-05-23 15:42:50",68
"2019-05-23 16:42:50",68
"2019-05-23 17:42:51",68
"2019-05-23 18:42:50",68
"2019-05-23 19:42:53",68
"2019-05-23 20:42:51",68
"2019-05-23 21:42:51",68
"2019-05-23 22:42:50",68
"2019-05-23 23:42:51",68
"2019-05-24 00:42:51",68
"2019-05-24 01:42:51",68
"2019-05-24 02:42:50",68
"2019-05-24 03:42:50",68
"2019-05-24 04:42:51",68
"2019-05-24 05:42:52",68
"2019-05-24 06:42:50",68
"2019-05-24 07:42:49",68
"2019-05-24 08:42:51",68
"2019-05-24 09:42:52",68
"2019-05-24 10:42:52",68
"2019-05-24 11:42:50",68
"2019-05-24 13:06:54",68
"2019-05-24 13:42:51",68
"2019-05-24 14:42:51",67
"2019-05-24 15:42:51",67
"2019-05-24 16:42:50",67
"2019-05-24 17:42:52",67
"2019-05-24 18:42:53",67
"2019-05-24 19:42:52",67
"2019-05-24 20:42:52",67
"2019-05-24 21:42:54",67
"2019-05-24 22:42:52",67
"2019-05-24 23:42:54",67
"2019-05-25 00:42:52",67
"2019-05-25 01:42:52",67
"2019-05-25 04:42:53",67
"2019-05-26 04:42:55",67
"2019-05-26 05:42:53",67
"2019-05-26 06:42:53",67
"2019-05-26 07:42:54",67
"2019-05-26 08:42:51",67
"2019-05-26 09:42:51",67
"2019-05-26 10:42:52",67
"2019-05-26 11:42:53",67
"2019-05-26 12:42:51",67
"2019-05-26 13:42:51",67
"2019-05-26 14:42:53",67
"2019-05-26 15:42:51",67
"2019-05-26 16:42:51",67
"2019-05-26 17:42:55",67
"2019-05-26 18:42:52",67
"2019-05-26 19:42:51",67
"2019-05-26 20:42:51",67
"2019-05-26 21:42:52",67
"2019-05-26 22:42:52",67
"2019-05-26 23:42:51",67
"2019-05-27 00:42:51",67
"2019-05-27 01:42:52",67
"2019-05-27 02:42:52",67
"2019-05-27 03:42:53",67
"2019-05-27 04:42:53",67
"2019-05-27 05:42:52",67
"2019-05-27 06:42:52",67
"2019-05-27 07:42:57",67
"2019-05-27 08:42:56",67
"2019-05-27 09:42:55",67
"2019-05-27 10:42:53",67
"2019-05-27 11:42:51",67
"2019-05-27 12:42:51",67
"2019-05-27 13:42:52",67
"2019-05-27 14:42:52",67
"2019-05-27 15:42:52",67
"2019-05-27 16:42:52",67
"2019-05-27 17:42:55",67
"2019-05-27 18:42:52",67
"2019-05-27 19:42:51",67
"2019-05-27 20:42:51",67
"2019-05-27 21:42:52",67
"2019-05-27 22:42:50",67
"2019-05-27 23:42:51",67
"2019-05-28 00:42:51",67
"2019-05-28 01:42:52",67
"2019-05-28 02:42:53",67
"2019-05-28 03:42:52",67
"2019-05-28 04:42:52",67
"2019-05-28 05:42:52",67
"2019-05-28 06:42:57",67
"2019-05-28 07:42:54",67
"2019-05-28 08:42:52",67
"2019-05-28 09:42:54",67
"2019-05-28 10:42:52",67
"2019-05-28 11:42:51",67
"2019-05-28 12:42:52",67
"2019-05-28 13:42:53",67
"2019-05-28 14:42:53",67
"2019-05-28 15:42:52",67
"2019-05-28 16:42:53",67
"2019-05-28 17:42:56",67
"2019-05-28 18:42:53",67
"2019-05-28 19:42:52",67
"2019-05-28 20:42:53",67
"2019-05-28 21:42:52",67
"2019-05-28 22:42:53",67
"2019-05-28 23:42:53",67
"2019-05-29 00:42:54",67
"2019-05-29 01:42:52",67
"2019-05-29 02:42:53",67
"2019-05-29 03:42:51",67
"2019-05-29 04:42:51",67
"2019-05-29 05:42:54",67
"2019-05-29 06:42:52",67
"2019-05-29 07:42:54",67
"2019-05-29 08:42:52",67
"2019-05-29 09:42:56",67
"2019-05-29 10:42:52",67
"2019-05-29 11:42:51",67
"2019-05-29 13:05:56",67
"2019-05-29 13:42:54",67
"2019-05-29 14:42:54",66
"2019-05-29 15:42:52",66
"2019-05-29 16:42:52",66
"2019-05-29 17:42:53",66
"2019-05-29 18:42:53",65
"2019-05-29 19:42:54",65
"2019-05-29 20:42:51",65
"2019-05-29 21:42:52",65
"2019-05-29 22:42:52",65
"2019-05-29 23:42:53",65
"2019-05-30 00:42:51",65
"2019-05-30 01:42:52",65
"2019-05-30 02:42:53",65
"2019-05-30 03:42:52",65
"2019-05-30 04:42:53",65
"2019-05-30 05:42:54",65
"2019-05-30 06:42:52",65
"2019-05-30 07:42:52",65
"2019-05-30 08:42:56",65
"2019-05-30 09:42:52",65
"2019-05-30 10:42:51",65
"2019-05-30 11:42:52",65
"2019-05-30 12:42:56",65
"2019-05-30 13:42:52",65
"2019-05-30 14:42:55",65
"2019-05-30 15:42:54",64
"2019-05-30 16:42:52",64
"2019-05-30 17:42:53",64
"2019-05-30 18:42:53",63
"2019-05-30 19:42:53",64
"2019-05-30 20:42:52",64
"2019-05-30 21:42:52",64
"2019-05-30 22:42:54",64
"2019-05-30 23:42:52",64
"2019-05-31 00:42:51",64
"2019-05-31 01:42:53",64
"2019-05-31 02:42:52",64
"2019-05-31 03:42:52",64
"2019-05-31 04:42:52",64
"2019-05-31 05:42:52",64
"2019-05-31 06:42:54",64
"2019-05-31 07:42:51",64
"2019-05-31 08:42:52",64
"2019-05-31 09:42:54",64
"2019-05-31 10:42:52",64
"2019-05-31 11:42:52",64
"2019-05-31 12:43:37",64
"2019-05-31 13:42:54",64
"2019-05-31 14:42:53",64
"2019-05-31 15:42:53",64
"2019-05-31 16:42:52",64
"2019-05-31 17:42:56",64
"2019-05-31 18:42:52",64
"2019-05-31 19:42:52",64
"2019-05-31 20:42:53",64
"2019-05-31 21:42:53",64
"2019-05-31 22:42:51",64
"2019-05-31 23:42:52",64
"2019-06-01 00:42:52",64
"2019-06-01 01:42:52",64
"2019-06-01 02:42:52",64
"2019-06-01 03:42:52",64
"2019-06-01 04:42:52",64
"2019-06-01 05:42:52",64
"2019-06-01 06:42:55",64
"2019-06-01 07:42:51",64
"2019-06-01 08:42:53",64
"2019-06-01 09:42:52",64
"2019-06-01 10:42:53",64
"2019-06-01 11:42:52",64
"2019-06-01 12:42:52",64
"2019-06-01 13:42:52",64
"2019-06-01 14:42:55",64
"2019-06-01 15:42:54",64
"2019-06-01 16:42:52",64
"2019-06-01 17:42:53",64
"2019-06-01 18:42:52",64
"2019-06-01 19:42:54",64
"2019-06-01 20:42:51",64
"2019-06-01 21:42:53",64
"2019-06-01 22:42:53",64
"2019-06-01 23:42:53",64
"2019-06-02 00:42:54",64
"2019-06-02 01:42:57",64
"2019-06-02 02:42:54",64
"2019-06-02 03:42:53",64
"2019-06-02 04:42:52",64
"2019-06-02 05:42:56",64
"2019-06-02 06:42:53",64
"2019-06-02 07:42:52",64
"2019-06-02 08:42:52",64
"2019-06-02 09:42:52",64
"2019-06-02 10:42:52",64
"2019-06-02 11:42:52",64
"2019-06-02 12:42:56",64
"2019-06-02 13:42:53",64
"2019-06-02 14:42:54",64
"2019-06-02 15:42:51",64
"2019-06-02 16:42:52",64
"2019-06-02 17:42:53",64
"2019-06-02 18:42:53",64
"2019-06-02 19:42:53",64
"2019-06-02 20:42:52",64
"2019-06-02 21:42:53",64
"2019-06-02 22:42:53",64
"2019-06-02 23:42:52",64
"2019-06-03 00:42:52",64
"2019-06-03 01:42:55",64
"2019-06-03 02:42:53",64
"2019-06-03 03:42:52",64
"2019-06-03 04:42:51",64
"2019-06-03 05:42:51",64
"2019-06-03 06:42:52",64
"2019-06-03 07:42:51",64
"2019-06-03 08:42:53",64
"2019-06-03 09:42:51",64
"2019-06-03 10:42:54",64
"2019-06-03 11:42:53",64
"2019-06-03 12:42:52",64
"2019-06-03 13:42:55",64
"2019-06-03 14:42:54",64
"2019-06-03 15:42:53",64
"2019-06-03 16:42:52",64
"2019-06-03 17:42:52",64
"2019-06-03 18:42:54",64
"2019-06-03 19:42:54",64
"2019-06-03 20:42:52",64
"2019-06-03 21:42:54",64
"2019-06-03 22:42:53",64
"2019-06-03 23:42:56",64
"2019-06-04 00:42:52",64
"2019-06-04 01:42:53",64
"2019-06-04 02:42:53",64
"2019-06-04 03:42:57",64
"2019-06-04 04:42:54",64
"2019-06-04 05:42:52",64
"2019-06-04 06:42:52",64
"2019-06-04 07:42:52",64
"2019-06-04 08:42:56",64
"2019-06-04 09:42:52",64
"2019-06-04 10:42:54",64
"2019-06-04 11:42:52",64
"2019-06-04 13:05:26",64
"2019-06-04 13:42:53",64
"2019-06-04 14:42:56",65
"2019-06-04 15:42:53",65
"2019-06-04 16:42:53",65
"2019-06-04 17:42:54",65
"2019-06-04 18:42:53",65
"2019-06-04 19:42:53",65
"2019-06-04 20:42:53",65
"2019-06-04 21:42:52",65
"2019-06-04 22:42:52",65
"2019-06-04 23:42:56",65
"2019-06-05 00:42:52",65
"2019-06-05 01:42:53",65
"2019-06-05 02:42:55",65
"2019-06-05 03:42:54",65
"2019-06-05 04:42:57",65
"2019-06-05 05:42:53",65
"2019-06-05 06:42:53",65
"2019-06-05 07:42:53",65
"2019-06-05 08:42:57",65
"2019-06-05 09:42:52",65
"2019-06-05 10:42:52",65
"2019-06-05 11:42:56",65
"2019-06-05 13:06:56",65
"2019-06-05 13:42:52",65
"2019-06-05 14:42:52",65
"2019-06-05 15:42:53",65
"2019-06-05 16:42:52",65
"2019-06-05 17:42:53",65
"2019-06-05 18:42:53",65
"2019-06-05 19:42:56",67
"2019-06-05 20:42:53",67
"2019-06-05 21:42:52",67
"2019-06-05 22:42:53",67
"2019-06-05 23:42:52",67
"2019-06-06 00:42:52",67
"2019-06-06 01:42:51",67
"2019-06-06 02:42:53",67
"2019-06-06 03:42:53",67
"2019-06-06 04:42:57",67
"2019-06-06 05:42:53",67
"2019-06-06 06:42:55",67
"2019-06-06 07:42:52",67
"2019-06-06 08:42:57",67
"2019-06-06 09:42:54",67
"2019-06-06 10:42:58",67
"2019-06-06 11:42:52",67
"2019-06-06 13:06:56",67
"2019-06-06 13:42:53",67
"2019-06-06 14:42:53",67
"2019-06-06 15:42:55",67
"2019-06-06 16:42:53",67
"2019-06-06 17:42:55",67
"2019-06-06 18:42:56",67
"2019-06-06 19:42:55",67
"2019-06-06 20:42:51",67
"2019-06-06 21:42:53",67
"2019-06-06 22:42:52",67
"2019-06-06 23:42:52",67
"2019-06-07 00:42:55",67
"2019-06-07 01:42:53",67
"2019-06-07 02:42:54",67
"2019-06-07 03:42:54",67
"2019-06-07 04:42:56",67
"2019-06-07 05:42:52",67
"2019-06-07 06:42:54",67
"2019-06-07 07:42:53",67
"2019-06-07 08:42:54",67
"2019-06-07 09:42:55",67
"2019-06-07 10:42:53",67
"2019-06-07 11:42:53",67
"2019-06-07 13:06:59",67
"2019-06-07 13:42:55",67
"2019-06-07 14:42:54",67
"2019-06-07 15:42:54",67
"2019-06-07 16:42:54",68
"2019-06-07 17:42:53",68
"2019-06-07 18:42:53",68
"2019-06-07 19:42:52",68
"2019-06-07 20:42:53",68
"2019-06-07 21:42:54",68
"2019-06-07 22:42:52",68
"2019-06-07 23:42:56",68
"2019-06-08 00:42:54",68
"2019-06-08 01:42:57",68
"2019-06-08 02:42:55",68
"2019-06-08 03:42:56",68
"2019-06-08 04:42:54",68
"2019-06-08 05:42:59",68
"2019-06-08 06:42:56",68
"2019-06-08 07:42:56",68
"2019-06-08 08:42:53",68
"2019-06-08 09:42:55",68
"2019-06-08 10:42:54",68
"2019-06-08 11:42:55",68
"2019-06-08 12:42:54",68
"2019-06-08 13:42:52",68
"2019-06-08 14:42:51",68
"2019-06-08 15:42:55",68
"2019-06-08 16:42:54",68
"2019-06-08 17:42:54",68
"2019-06-08 18:42:54",68
"2019-06-08 19:42:52",68
"2019-06-08 20:42:53",68
"2019-06-08 21:42:52",68
"2019-06-08 22:42:53",68
"2019-06-08 23:42:56",68
"2019-06-09 00:42:52",68
"2019-06-09 01:42:53",68
"2019-06-09 02:42:59",68
"2019-06-09 03:42:58",68
"2019-06-09 04:42:53",68
"2019-06-09 05:42:57",68
"2019-06-09 06:42:52",68
"2019-06-09 07:42:56",68
"2019-06-09 08:42:52",68
"2019-06-09 09:42:54",68
"2019-06-09 10:42:53",68
"2019-06-09 11:42:54",68
"2019-06-09 12:42:55",68
"2019-06-09 13:42:53",68
"2019-06-09 14:42:52",68
"2019-06-09 15:42:55",68
"2019-06-09 16:42:53",68
"2019-06-09 17:42:55",68
"2019-06-09 18:42:53",68
"2019-06-09 19:42:53",68
"2019-06-09 20:42:53",68
"2019-06-09 21:42:53",68
"2019-06-09 22:42:57",68
"2019-06-09 23:42:54",68
"2019-06-10 00:42:53",68
"2019-06-10 01:42:56",68
"2019-06-10 02:42:53",68
"2019-06-10 03:42:56",68
"2019-06-10 04:42:54",68
"2019-06-10 05:42:55",68
"2019-06-10 06:42:53",68
"2019-06-10 07:42:57",68
"2019-06-10 08:42:54",68
"2019-06-10 09:42:53",68
"2019-06-10 10:42:57",68
"2019-06-10 11:42:55",68
"2019-06-10 12:43:00",68
"2019-06-10 13:42:57",68
"2019-06-10 14:42:54",70
"2019-06-10 15:42:56",70
"2019-06-10 16:42:58",70
"2019-06-10 17:42:55",70
"2019-06-10 18:42:56",70
"2019-06-10 19:42:57",69
"2019-06-10 20:42:55",69
"2019-06-10 21:42:54",69
"2019-06-10 22:42:55",69
"2019-06-10 23:42:55",69
"2019-06-11 00:42:56",69
"2019-06-11 01:42:58",69
"2019-06-11 02:42:57",69
"2019-06-11 03:42:56",69
"2019-06-11 04:42:55",69
"2019-06-11 05:42:56",69
"2019-06-11 06:42:55",69
"2019-06-11 07:42:55",69
"2019-06-11 08:42:54",69
"2019-06-11 09:42:57",69
"2019-06-11 10:42:55",69
"2019-06-11 11:42:56",69
"2019-06-11 13:06:31",69
"2019-06-11 13:42:59",69
"2019-06-11 14:42:56",68
"2019-06-11 15:42:56",68
"2019-06-11 16:43:00",68
"2019-06-11 17:42:57",69
"2019-06-11 18:42:59",69
"2019-06-11 19:42:56",69
"2019-06-11 20:42:58",68
"2019-06-11 21:42:57",68
"2019-06-11 22:42:56",68
"2019-06-11 23:42:56",68
"2019-06-12 00:42:59",68
"2019-06-12 01:42:57",68
"2019-06-12 02:42:58",68
"2019-06-12 03:43:03",68
"2019-06-12 04:42:59",68
"2019-06-12 05:42:58",68
"2019-06-12 06:42:58",68
"2019-06-12 07:43:00",68
"2019-06-12 08:42:58",68
"2019-06-12 09:43:02",68
"2019-06-12 10:42:59",68
"2019-06-12 11:42:59",68
"2019-06-12 13:06:02",68
"2019-06-12 13:42:57",68
"2019-06-12 14:42:57",68
"2019-06-12 15:42:58",68
"2019-06-12 16:42:57",68
"2019-06-12 17:42:56",69
"2019-06-12 18:42:57",69
"2019-06-12 19:42:59",69
"2019-06-12 20:42:58",70
"2019-06-12 21:42:58",70
"2019-06-12 22:42:57",70
"2019-06-12 23:42:56",70
"2019-06-13 00:42:57",70
"2019-06-13 01:42:58",70
"2019-06-13 02:42:58",70
"2019-06-13 03:42:57",70
"2019-06-13 04:42:58",70
"2019-06-13 05:43:00",70
"2019-06-13 06:42:57",70
"2019-06-13 07:42:56",70
"2019-06-13 08:42:56",70
"2019-06-13 09:42:56",70
"2019-06-13 10:43:01",70
"2019-06-13 11:42:55",70
"2019-06-13 13:06:59",70
"2019-06-13 13:43:00",70
"2019-06-13 14:42:57",70
"2019-06-13 15:42:59",70
"2019-06-13 16:42:58",70
"2019-06-13 17:42:55",69
"2019-06-13 18:42:57",70
"2019-06-13 19:42:57",70
"2019-06-13 20:42:54",68
"2019-06-13 21:42:56",68
"2019-06-13 22:42:55",68
"2019-06-13 23:42:57",68
"2019-06-14 00:42:57",68
"2019-06-14 01:42:58",68
"2019-06-14 02:42:58",68
"2019-06-14 03:42:56",68
"2019-06-14 04:42:57",68
"2019-06-14 05:42:57",68
"2019-06-14 06:43:03",68
"2019-06-14 07:42:59",68
"2019-06-14 08:42:58",68
"2019-06-14 09:42:57",68
"2019-06-14 10:42:59",68
"2019-06-14 11:42:59",68
"2019-06-14 12:42:58",68
"2019-06-14 13:42:57",68
"2019-06-14 14:42:59",66
"2019-06-14 15:43:00",66
"2019-06-14 16:42:59",66
"2019-06-14 17:42:57",66
"2019-06-14 18:42:57",66
"2019-06-14 19:42:57",66
"2019-06-14 20:42:57",66
"2019-06-14 21:42:58",66
"2019-06-14 22:42:56",66
"2019-06-14 23:42:58",66
"2019-06-15 00:42:58",66
"2019-06-15 01:43:00",66
"2019-06-15 02:42:58",66
"2019-06-15 03:42:57",66
"2019-06-15 04:42:58",66
"2019-06-15 05:43:00",66
"2019-06-15 06:42:57",66
"2019-06-15 07:42:57",66
"2019-06-15 08:42:58",66
"2019-06-15 09:42:58",66
"2019-06-15 10:42:58",66
"2019-06-15 11:42:57",66
"2019-06-15 12:42:59",66
"2019-06-15 13:43:02",66
"2019-06-15 14:42:57",66
"2019-06-15 15:42:57",66
"2019-06-15 16:42:57",66
"2019-06-15 17:42:57",66
"2019-06-15 18:42:58",66
"2019-06-15 19:42:57",66
"2019-06-15 20:42:58",66
"2019-06-15 21:43:02",66
"2019-06-15 22:43:03",66
"2019-06-15 23:42:58",66
"2019-06-16 00:42:57",66
"2019-06-16 01:43:00",66
"2019-06-16 02:42:59",66
"2019-06-16 03:42:58",66
"2019-06-16 04:43:01",66
"2019-06-16 05:42:58",66
"2019-06-16 06:43:00",66
"2019-06-16 07:43:01",66
"2019-06-16 08:42:58",66
"2019-06-16 09:42:56",66
"2019-06-16 10:42:56",66
"2019-06-16 11:42:56",66
"2019-06-16 12:42:58",66
"2019-06-16 13:42:56",66
"2019-06-16 14:42:58",66
"2019-06-16 15:42:58",66
"2019-06-16 16:42:59",66
"2019-06-16 17:43:00",66
"2019-06-16 18:43:00",66
"2019-06-16 19:42:57",66
"2019-06-16 20:42:57",66
"2019-06-16 21:42:59",66
"2019-06-16 22:42:57",66
"2019-06-16 23:42:57",66
"2019-06-17 00:42:57",66
"2019-06-17 01:42:57",66
"2019-06-17 02:43:01",66
"2019-06-17 03:43:00",66
"2019-06-17 04:42:59",66
"2019-06-17 05:42:58",66
"2019-06-17 06:42:57",66
"2019-06-17 07:42:56",66
"2019-06-17 08:42:58",66
"2019-06-17 09:42:56",66
"2019-06-17 10:42:58",66
"2019-06-17 11:42:59",66
"2019-06-17 13:07:30",66
"2019-06-17 13:42:57",66
"2019-06-17 14:42:57",65
"2019-06-17 15:42:58",65
"2019-06-17 16:43:09",65
"2019-06-17 17:43:00",65
"2019-06-17 18:43:02",65
"2019-06-17 19:42:58",65
"2019-06-17 20:43:01",65
"2019-06-17 21:42:57",65
"2019-06-17 22:42:59",65
"2019-06-17 23:42:56",65
"2019-06-18 00:42:57",65
"2019-06-18 01:42:57",65
"2019-06-18 02:43:06",65
"2019-06-18 03:42:59",65
"2019-06-18 04:42:59",65
"2019-06-18 05:42:59",65
"2019-06-18 06:42:58",65
"2019-06-18 07:42:59",65
"2019-06-18 08:43:03",65
"2019-06-18 09:42:56",65
"2019-06-18 10:42:56",65
"2019-06-18 11:42:57",65
"2019-06-18 13:05:31",65
"2019-06-18 13:42:58",65
"2019-06-18 14:42:57",64
"2019-06-18 15:42:57",64
"2019-06-18 16:42:58",64
"2019-06-18 17:42:56",64
"2019-06-18 18:42:59",64
"2019-06-18 19:43:00",64
"2019-06-18 20:42:57",64
"2019-06-18 21:42:56",64
"2019-06-18 22:42:57",64
"2019-06-18 23:42:58",64
"2019-06-19 00:42:57",64
"2019-06-19 01:43:00",64
"2019-06-19 02:43:00",64
"2019-06-19 03:42:59",64
"2019-06-19 04:42:56",64
"2019-06-19 05:43:08",64
"2019-06-19 06:43:11",64
"2019-06-19 07:43:00",64
"2019-06-19 08:43:01",64
"2019-06-19 09:42:57",64
"2019-06-19 10:43:00",64
"2019-06-19 11:42:58",64
"2019-06-19 13:05:33",64
"2019-06-19 13:42:58",64
"2019-06-19 14:42:58",64
"2019-06-19 15:42:58",64
"2019-06-19 16:43:07",64
"2019-06-19 17:42:59",64
"2019-06-19 18:42:57",63
"2019-06-19 19:43:00",63
"2019-06-19 20:42:58",63
"2019-06-19 21:42:58",63
"2019-06-19 22:42:57",63
"2019-06-19 23:42:57",63
"2019-06-20 00:42:58",63
"2019-06-20 01:42:56",63
"2019-06-20 02:42:56",63
"2019-06-20 03:42:57",63
"2019-06-20 04:42:59",63
"2019-06-20 05:42:55",63
"2019-06-20 06:42:57",63
"2019-06-20 07:42:58",63
"2019-06-20 08:42:57",63
"2019-06-20 09:42:58",63
"2019-06-20 10:42:58",63
"2019-06-20 11:42:56",63
"2019-06-20 13:07:12",63
"2019-06-20 13:43:01",63
"2019-06-20 14:42:59",65
"2019-06-20 15:43:00",66
"2019-06-20 16:43:00",66
"2019-06-20 17:43:01",66
"2019-06-20 18:42:58",66
"2019-06-20 19:42:58",66
"2019-06-20 20:43:04",66
"2019-06-20 21:42:59",66
"2019-06-20 22:42:58",66
"2019-06-20 23:43:00",66
"2019-06-21 00:42:59",66
"2019-06-21 01:43:00",66
"2019-06-21 02:43:00",66
"2019-06-21 03:42:59",66
"2019-06-21 04:43:00",66
"2019-06-21 05:43:00",66
"2019-06-21 06:43:00",66
"2019-06-21 07:43:02",66
"2019-06-21 08:42:59",66
"2019-06-21 09:42:59",66
"2019-06-21 10:42:58",66
"2019-06-21 11:42:57",66
"2019-06-21 12:42:59",66
"2019-06-21 13:43:00",66
"2019-06-21 14:42:58",65
"2019-06-21 15:42:59",65
"2019-06-21 16:43:00",65
"2019-06-21 17:42:59",65
"2019-06-21 18:42:59",65
"2019-06-21 19:42:57",65
"2019-06-21 20:42:57",65
"2019-06-21 21:42:59",65
"2019-06-21 22:42:58",65
"2019-06-21 23:42:57",65
"2019-06-22 00:42:59",65
"2019-06-22 01:43:03",65
"2019-06-22 02:43:01",65
"2019-06-22 03:42:58",65
"2019-06-22 04:42:58",65
"2019-06-22 05:43:00",65
"2019-06-22 06:43:01",65
"2019-06-22 07:42:59",65
"2019-06-22 08:42:59",65
"2019-06-22 09:43:01",65
"2019-06-22 10:43:01",65
"2019-06-22 11:42:58",65
"2019-06-22 12:43:04",65
"2019-06-22 13:42:59",65
"2019-06-22 14:43:02",65
"2019-06-22 15:43:12",65
"2019-06-22 16:43:07",65
"2019-06-22 17:42:59",65
"2019-06-22 18:43:04",65
"2019-06-22 19:43:00",65
"2019-06-22 20:43:00",65
"2019-06-22 21:42:59",65
"2019-06-22 22:43:03",65
"2019-06-22 23:43:01",65
"2019-06-23 00:43:11",65
"2019-06-23 01:43:03",65
"2019-06-23 02:43:04",65
"2019-06-23 03:43:01",65
"2019-06-23 04:42:59",65
"2019-06-23 05:43:04",65
"2019-06-23 06:42:59",65
"2019-06-23 07:42:58",65
"2019-06-23 08:42:59",65
"2019-06-23 09:43:00",65
"2019-06-23 10:42:59",65
"2019-06-23 11:43:00",65
"2019-06-23 12:42:58",65
"2019-06-23 13:42:59",65
"2019-06-23 14:42:58",65
"2019-06-23 15:42:58",65
"2019-06-23 16:43:00",65
"2019-06-23 17:43:00",65
"2019-06-23 18:42:56",65
"2019-06-23 19:42:57",65
"2019-06-23 20:43:00",65
"2019-06-23 21:42:58",65
"2019-06-23 22:42:59",65
"2019-06-23 23:42:58",65
"2019-06-24 00:43:00",65
"2019-06-24 01:42:59",65
"2019-06-24 02:42:59",65
"2019-06-24 03:43:02",65
"2019-06-24 04:43:00",65
"2019-06-24 05:43:01",65
"2019-06-24 06:43:03",65
"2019-06-24 07:42:58",65
"2019-06-24 08:42:58",65
"2019-06-24 09:43:02",65
"2019-06-24 10:42:58",65
"2019-06-24 11:43:04",65
"2019-06-24 12:43:03",65
"2019-06-24 13:42:59",65
"2019-06-24 14:43:01",65
"2019-06-24 15:43:00",66
"2019-06-24 16:43:05",66
"2019-06-24 17:43:01",67
"2019-06-24 18:43:02",68
"2019-06-24 19:43:02",68
"2019-06-24 20:43:00",68
"2019-06-24 21:43:02",68
"2019-06-24 22:42:59",68
"2019-06-24 23:43:00",68
"2019-06-25 00:42:59",68
"2019-06-25 01:43:01",68
"2019-06-25 02:43:01",68
"2019-06-25 03:43:01",68
"2019-06-25 04:42:59",68
"2019-06-25 05:43:00",68
"2019-06-25 06:43:03",68
"2019-06-25 07:43:00",68
"2019-06-25 08:42:59",68
"2019-06-25 09:43:03",68
"2019-06-25 10:42:59",68
"2019-06-25 11:42:57",68
"2019-06-25 13:06:32",68
"2019-06-25 13:43:00",68
"2019-06-25 14:43:00",68
"2019-06-25 15:42:59",68
"2019-06-25 16:43:00",68
"2019-06-25 17:43:02",68
"2019-06-25 18:43:02",68
"2019-06-25 19:42:58",68
"2019-06-25 20:42:59",68
"2019-06-25 21:42:57",68
"2019-06-25 22:42:57",68
"2019-06-25 23:43:02",68
"2019-06-26 00:43:00",68
"2019-06-26 01:42:59",68
"2019-06-26 02:43:00",68
"2019-06-26 03:43:09",68
"2019-06-26 04:43:00",68
"2019-06-26 05:43:00",68
"2019-06-26 06:43:00",68
"2019-06-26 07:43:00",68
"2019-06-26 08:42:58",68
"2019-06-26 09:42:56",68
"2019-06-26 10:42:58",68
"2019-06-26 11:42:58",68
"2019-06-26 13:05:31",68
"2019-06-26 13:42:59",68
"2019-06-26 14:42:59",68
"2019-06-26 15:42:58",68
"2019-06-26 16:43:01",68
"2019-06-26 17:42:58",68
"2019-06-26 18:42:59",68
"2019-06-26 19:42:59",68
"2019-06-26 20:42:57",68
"2019-06-26 21:42:58",68
"2019-06-26 22:42:59",68
"2019-06-26 23:42:58",68
"2019-06-27 00:43:00",68
"2019-06-27 01:42:58",68
"2019-06-27 02:43:00",68
"2019-06-27 03:42:57",68
"2019-06-27 04:43:01",68
"2019-06-27 05:42:59",68
"2019-06-27 06:43:00",68
"2019-06-27 07:42:56",68
"2019-06-27 08:42:57",68
"2019-06-27 09:42:58",68
"2019-06-27 10:42:58",68
"2019-06-27 11:42:57",68
"2019-06-27 13:05:32",68
"2019-06-27 13:42:57",68
"2019-06-27 14:42:58",68
"2019-06-27 15:43:00",69
"2019-06-27 16:42:58",69
"2019-06-27 17:42:57",69
"2019-06-27 18:42:57",69
"2019-06-27 19:42:56",69
"2019-06-27 20:43:00",69
"2019-06-27 21:43:01",69
"2019-06-27 22:42:56",69
"2019-06-27 23:43:16",69
"2019-06-28 00:42:59",69
"2019-06-28 01:42:57",69
"2019-06-28 02:42:57",69
"2019-06-28 03:43:00",69
"2019-06-28 04:43:01",69
"2019-06-28 05:42:58",69
"2019-06-28 06:42:57",69
"2019-06-28 07:42:57",69
"2019-06-28 08:42:57",69
"2019-06-28 09:42:57",69
"2019-06-28 10:42:55",69
"2019-06-28 11:42:57",69
"2019-06-28 13:06:33",69
"2019-06-28 13:42:57",69
"2019-06-28 14:42:57",69
"2019-06-28 15:42:59",69
"2019-06-28 16:42:59",69
"2019-06-28 17:42:58",70
"2019-06-28 18:42:57",71
"2019-06-28 19:42:58",71
"2019-06-28 20:42:58",71
"2019-06-28 21:42:59",71
"2019-06-28 22:42:58",71
"2019-06-28 23:42:57",71
"2019-06-29 00:43:00",71
"2019-06-29 01:43:04",71
"2019-06-29 02:42:59",71
"2019-06-29 03:42:57",71
"2019-06-29 04:42:58",71
"2019-06-29 05:42:58",71
"2019-06-29 06:42:58",71
"2019-06-29 07:42:59",71
"2019-06-29 08:42:58",71
"2019-06-29 09:42:59",71
"2019-06-29 10:42:58",71
"2019-06-29 11:43:03",71
"2019-06-29 12:43:01",71
"2019-06-29 13:42:59",71
"2019-06-29 14:43:00",71
"2019-06-29 15:43:00",71
"2019-06-29 16:43:03",71
"2019-06-29 17:42:58",71
"2019-06-29 18:42:59",71
"2019-06-29 19:43:00",71
"2019-06-29 20:42:59",71
"2019-06-29 21:43:01",71
"2019-06-29 22:42:57",71
"2019-06-29 23:43:00",71
"2019-06-30 00:42:59",71
"2019-06-30 01:43:03",71
"2019-06-30 02:43:00",71
"2019-06-30 03:43:00",71
"2019-06-30 04:43:01",71
"2019-06-30 05:42:59",71
"2019-06-30 06:43:00",71
"2019-06-30 07:43:00",71
"2019-06-30 08:43:00",71
"2019-06-30 09:42:59",71
"2019-06-30 10:42:59",71
"2019-06-30 11:42:59",71
"2019-06-30 12:42:59",71
"2019-06-30 13:43:00",71
"2019-06-30 14:42:58",71
"2019-06-30 15:42:59",71
"2019-06-30 16:43:00",71
"2019-06-30 17:42:59",71
"2019-06-30 18:42:59",71
"2019-06-30 19:43:00",71
"2019-06-30 20:43:00",71
"2019-06-30 21:42:59",71
"2019-06-30 22:42:59",71
"2019-06-30 23:43:00",71
"2019-07-01 00:43:00",71
"2019-07-01 01:43:00",71
"2019-07-01 02:43:01",71
"2019-07-01 03:43:00",71
"2019-07-01 04:42:59",71
"2019-07-01 05:43:04",71
"2019-07-01 06:42:59",71
"2019-07-01 07:43:06",71
"2019-07-01 08:43:10",71
"2019-07-01 09:43:00",71
"2019-07-01 10:42:58",71
"2019-07-01 11:43:01",71
"2019-07-01 13:06:32",71
"2019-07-01 13:43:03",71
"2019-07-01 14:43:22",72
"2019-07-01 15:43:02",72
"2019-07-01 16:43:01",72
"2019-07-01 17:43:00",72
"2019-07-01 18:43:00",72
"2019-07-01 19:43:02",72
"2019-07-01 20:43:01",72
"2019-07-01 21:42:59",72
"2019-07-01 22:43:01",72
"2019-07-01 23:43:00",72
"2019-07-02 00:43:04",72
"2019-07-02 01:42:59",72
"2019-07-02 02:43:12",72
"2019-07-02 03:43:09",72
"2019-07-02 04:43:00",72
"2019-07-02 05:43:16",72
"2019-07-02 06:43:01",72
"2019-07-02 07:43:02",72
"2019-07-02 08:43:00",72
"2019-07-02 09:42:58",72
"2019-07-02 10:42:59",72
"2019-07-02 11:43:00",72
"2019-07-02 12:43:04",72
"2019-07-02 13:43:01",72
"2019-07-02 14:43:03",72
"2019-07-02 15:43:01",72
"2019-07-02 16:43:00",72
"2019-07-02 17:43:01",72
"2019-07-02 18:43:01",72
"2019-07-02 19:43:02",72
"2019-07-02 20:43:00",73
"2019-07-02 21:43:02",73
"2019-07-02 22:43:05",73
"2019-07-03 00:43:01",73
"2019-07-03 01:42:59",73
"2019-07-03 02:43:04",73
"2019-07-03 03:43:04",73
"2019-07-03 04:43:03",73
"2019-07-03 05:43:02",73
"2019-07-03 06:43:02",73
"2019-07-03 07:43:01",73
"2019-07-03 08:43:13",73
"2019-07-03 09:43:01",73
"2019-07-03 10:43:07",73
"2019-07-03 11:43:01",73
"2019-07-03 13:07:34",73
"2019-07-03 13:43:01",73
"2019-07-03 14:43:07",73
"2019-07-03 15:43:02",73
"2019-07-03 16:43:19",73
"2019-07-03 17:43:02",73
"2019-07-03 18:43:03",73
"2019-07-03 19:43:01",73
"2019-07-03 20:43:00",73
"2019-07-03 21:43:01",73
"2019-07-03 22:43:00",73
"2019-07-03 23:43:02",73
"2019-07-04 00:43:02",73
"2019-07-04 01:43:00",73
"2019-07-04 02:43:04",73
"2019-07-04 03:43:01",73
"2019-07-04 04:43:00",73
"2019-07-04 05:43:02",73
"2019-07-04 06:43:01",73
"2019-07-04 07:43:00",73
"2019-07-04 08:42:59",73
"2019-07-04 09:43:00",73
"2019-07-04 10:43:01",73
"2019-07-04 11:43:00",73
"2019-07-04 12:43:03",73
"2019-07-04 13:43:05",73
"2019-07-04 14:43:03",73
"2019-07-04 15:43:01",73
"2019-07-04 16:43:01",73
"2019-07-04 17:42:59",73
"2019-07-04 18:43:00",73
"2019-07-04 19:43:00",73
"2019-07-04 20:43:01",73
"2019-07-04 21:43:02",73
"2019-07-04 22:43:02",73
"2019-07-04 23:43:00",73
"2019-07-05 00:43:02",73
"2019-07-05 01:43:00",73
"2019-07-05 02:43:00",73
"2019-07-05 03:43:01",73
"2019-07-05 04:43:00",73
"2019-07-05 05:43:04",73
"2019-07-05 06:43:04",73
"2019-07-05 07:43:01",73
"2019-07-05 08:43:00",73
"2019-07-05 09:43:00",73
"2019-07-05 10:43:04",73
"2019-07-05 11:43:09",73
"2019-07-05 12:43:00",73
"2019-07-05 13:43:08",73
"2019-07-05 14:43:02",73
"2019-07-05 15:43:00",73
"2019-07-05 16:43:12",73
"2019-07-05 17:43:02",73
"2019-07-05 18:43:01",73
"2019-07-05 19:43:00",73
"2019-07-05 20:43:02",73
"2019-07-05 21:43:02",73
"2019-07-05 22:43:04",73
"2019-07-05 23:43:01",73
"2019-07-06 00:43:05",73
"2019-07-06 01:43:04",73
"2019-07-06 02:43:07",73
"2019-07-06 03:43:01",73
"2019-07-06 04:43:00",73
"2019-07-06 05:43:02",73
"2019-07-06 06:43:03",73
"2019-07-06 07:42:59",73
"2019-07-06 08:43:00",73
"2019-07-06 09:43:01",73
"2019-07-06 10:43:00",73
"2019-07-06 11:43:19",73
"2019-07-06 12:43:03",73
"2019-07-06 13:43:01",73
"2019-07-06 14:43:00",73
"2019-07-06 15:42:59",73
"2019-07-06 16:43:03",73
"2019-07-06 17:43:02",73
"2019-07-06 18:43:01",73
"2019-07-06 19:43:04",73
"2019-07-06 20:42:59",73
"2019-07-06 21:43:01",73
"2019-07-06 22:43:00",73
"2019-07-06 23:43:01",73
"2019-07-07 00:43:00",73
"2019-07-07 01:43:00",73
"2019-07-07 02:43:03",73
"2019-07-07 03:43:00",73
"2019-07-07 04:43:00",73
"2019-07-07 05:43:04",73
"2019-07-07 06:43:00",73
"2019-07-07 07:43:00",73
"2019-07-07 08:43:01",73
"2019-07-07 09:43:00",73
"2019-07-07 10:43:02",73
"2019-07-07 11:42:58",73
"2019-07-07 12:42:58",73
"2019-07-07 13:42:58",73
"2019-07-07 14:42:59",73
"2019-07-07 15:43:01",73
"2019-07-07 16:43:02",73
"2019-07-07 17:43:00",73
"2019-07-07 18:43:01",73
"2019-07-07 19:42:58",73
"2019-07-07 20:42:59",73
"2019-07-07 21:43:00",73
"2019-07-07 22:43:01",73
"2019-07-07 23:42:59",73
"2019-07-08 00:42:59",73
"2019-07-08 01:43:03",73
"2019-07-08 02:43:00",73
"2019-07-08 03:43:04",73
"2019-07-08 04:43:00",73
"2019-07-08 05:42:58",73
"2019-07-08 06:43:05",73
"2019-07-08 07:43:06",73
"2019-07-08 08:43:04",73
"2019-07-08 09:43:07",73
"2019-07-08 10:43:08",73
"2019-07-08 11:43:17",73
"2019-07-08 12:43:00",73
"2019-07-08 13:43:00",73
"2019-07-08 14:43:00",76
"2019-07-08 15:43:00",74
"2019-07-08 16:43:01",74
"2019-07-08 17:42:59",74
"2019-07-08 18:43:01",74
"2019-07-08 19:42:59",74
"2019-07-08 20:43:00",74
"2019-07-08 21:43:00",74
"2019-07-08 22:43:01",74
"2019-07-08 23:42:59",74
"2019-07-09 00:42:59",74
"2019-07-09 01:42:59",74
"2019-07-09 02:43:07",74
"2019-07-09 03:43:03",74
"2019-07-09 04:43:02",74
"2019-07-09 05:43:08",74
"2019-07-09 06:43:03",74
"2019-07-09 07:43:03",74
"2019-07-09 08:43:00",74
"2019-07-09 09:43:00",74
"2019-07-09 10:42:58",74
"2019-07-09 11:43:01",74
"2019-07-09 13:06:03",74
"2019-07-09 13:42:59",74
"2019-07-09 14:43:00",74
"2019-07-09 15:43:01",75
"2019-07-09 16:42:59",76
"2019-07-09 17:43:03",76
"2019-07-09 18:43:00",76
"2019-07-09 19:43:00",76
"2019-07-09 20:43:00",76
"2019-07-09 21:42:59",76
"2019-07-09 22:42:58",76
"2019-07-09 23:43:00",76
"2019-07-10 00:42:59",76
"2019-07-10 01:43:01",76
"2019-07-10 02:42:59",76
"2019-07-10 03:42:59",76
"2019-07-10 04:42:59",76
"2019-07-10 05:43:03",76
"2019-07-10 06:43:01",76
"2019-07-10 07:42:57",76
"2019-07-10 08:42:58",76
"2019-07-10 09:42:57",76
"2019-07-10 10:42:59",76
"2019-07-10 11:43:01",76
"2019-07-10 12:43:03",76
"2019-07-10 13:43:00",76
"2019-07-10 14:42:59",75
"2019-07-10 15:43:02",75
"2019-07-10 16:43:12",75
"2019-07-10 17:43:00",75
"2019-07-10 18:42:59",75
"2019-07-10 19:42:59",75
"2019-07-10 20:42:59",75
"2019-07-10 21:42:59",75
"2019-07-10 22:43:05",75
"2019-07-10 23:42:59",75
"2019-07-11 00:42:59",75
"2019-07-11 01:43:00",75
"2019-07-11 02:43:04",75
"2019-07-11 03:43:02",75
"2019-07-11 04:43:04",75
"2019-07-11 05:43:02",75
"2019-07-11 06:43:01",75
"2019-07-11 07:43:00",75
"2019-07-11 08:43:04",75
"2019-07-11 09:42:59",75
"2019-07-11 10:43:01",75
"2019-07-11 11:42:59",75
"2019-07-11 12:42:59",75
"2019-07-11 13:42:59",75
"2019-07-11 14:43:00",74
"2019-07-11 15:42:59",74
"2019-07-11 16:42:59",74
"2019-07-11 17:42:59",74
"2019-07-11 18:43:00",74
"2019-07-11 19:42:59",74
"2019-07-11 20:42:59",74
"2019-07-11 21:43:04",74
"2019-07-11 22:42:57",74
"2019-07-11 23:43:00",74
"2019-07-12 00:42:58",74
"2019-07-12 01:43:00",74
"2019-07-12 02:42:59",74
"2019-07-12 03:42:59",74
"2019-07-12 04:42:58",74
"2019-07-12 05:43:03",74
"2019-07-12 06:43:05",74
"2019-07-12 07:42:59",74
"2019-07-12 08:43:00",74
"2019-07-12 09:43:04",74
"2019-07-12 10:43:01",74
"2019-07-12 11:42:59",74
"2019-07-12 13:06:33",74
"2019-07-12 13:43:01",74
"2019-07-12 14:42:59",74
"2019-07-12 15:43:17",74
"2019-07-12 16:43:02",74
"2019-07-12 17:43:03",74
"2019-07-12 18:43:00",74
"2019-07-12 19:42:58",74
"2019-07-12 20:42:58",74
"2019-07-12 21:42:59",74
"2019-07-12 22:43:06",74
"2019-07-12 23:43:00",74
"2019-07-13 00:42:59",74
"2019-07-13 01:43:01",74
"2019-07-13 02:43:02",74
"2019-07-13 03:42:58",74
"2019-07-13 04:43:00",74
"2019-07-13 05:42:59",74
"2019-07-13 06:42:59",74
"2019-07-13 07:43:00",74
"2019-07-13 08:42:58",74
"2019-07-13 09:42:59",74
"2019-07-13 10:43:00",74
"2019-07-13 11:43:02",74
"2019-07-13 12:43:02",74
"2019-07-13 13:42:59",74
"2019-07-13 14:42:59",74
"2019-07-13 15:43:01",74
"2019-07-13 16:43:26",74
"2019-07-13 17:43:03",74
"2019-07-13 18:43:04",74
"2019-07-13 19:43:03",74
"2019-07-13 20:43:04",74
"2019-07-13 21:43:02",74
"2019-07-13 22:42:59",74
"2019-07-13 23:43:00",74
"2019-07-14 00:42:59",74
"2019-07-14 01:43:08",74
"2019-07-14 02:43:00",74
"2019-07-14 03:43:01",74
"2019-07-14 04:43:00",74
"2019-07-14 05:43:02",74
"2019-07-14 06:43:02",74
"2019-07-14 07:42:59",74
"2019-07-14 08:43:00",74
"2019-07-14 09:42:57",74
"2019-07-14 10:42:59",74
"2019-07-14 11:43:01",74
"2019-07-14 12:42:59",74
"2019-07-14 13:43:01",74
"2019-07-14 14:42:59",74
"2019-07-14 15:43:00",74
"2019-07-14 16:43:04",74
"2019-07-14 17:43:00",74
"2019-07-14 18:42:59",74
"2019-07-14 19:42:59",74
"2019-07-14 20:43:08",74
"2019-07-14 21:42:58",74
"2019-07-14 22:42:58",74
"2019-07-14 23:42:59",74
"2019-07-15 00:43:00",74
"2019-07-15 01:42:58",74
"2019-07-15 02:43:00",74
"2019-07-15 03:42:58",74
"2019-07-15 04:42:58",74
"2019-07-15 05:43:03",74
"2019-07-15 06:43:05",74
"2019-07-15 07:43:00",74
"2019-07-15 08:42:58",74
"2019-07-15 09:42:59",74
"2019-07-15 10:42:59",74
"2019-07-15 11:42:58",74
"2019-07-15 13:07:03",74
"2019-07-15 13:43:01",74
"2019-07-15 14:42:59",76
"2019-07-15 15:42:59",76
"2019-07-15 16:43:14",76
"2019-07-15 17:43:00",76
"2019-07-15 18:42:58",76
"2019-07-15 19:42:59",76
"2019-07-15 20:43:00",76
"2019-07-15 21:43:00",76
"2019-07-15 22:43:04",76
"2019-07-15 23:42:59",76
"2019-07-16 00:42:59",76
"2019-07-16 01:42:59",76
"2019-07-16 02:43:05",76
"2019-07-16 03:42:59",76
"2019-07-16 04:42:58",76
"2019-07-16 05:43:04",76
"2019-07-16 06:43:03",76
"2019-07-16 07:42:59",76
"2019-07-16 08:43:00",76
"2019-07-16 09:42:59",76
"2019-07-16 10:43:01",76
"2019-07-16 11:42:58",76
"2019-07-16 13:07:02",76
"2019-07-16 13:43:01",76
"2019-07-16 14:42:59",76
"2019-07-16 15:43:08",77
"2019-07-16 16:43:01",77
"2019-07-16 17:43:02",77
"2019-07-16 18:43:00",77
"2019-07-16 19:42:59",77
"2019-07-16 20:43:21",77
"2019-07-16 21:42:59",77
"2019-07-16 22:43:00",77
"2019-07-16 23:42:59",77
"2019-07-17 00:42:59",77
"2019-07-17 01:43:00",77
"2019-07-17 02:43:01",77
"2019-07-17 03:43:00",77
"2019-07-17 04:43:01",77
"2019-07-17 05:43:14",77
"2019-07-17 06:43:02",77
"2019-07-17 07:43:03",77
"2019-07-17 08:43:00",77
"2019-07-17 09:43:00",77
"2019-07-17 10:43:00",77
"2019-07-17 11:42:59",77
"2019-07-17 13:06:34",77
"2019-07-17 13:43:00",77
"2019-07-17 14:43:01",77
"2019-07-17 15:43:07",77
"2019-07-17 16:43:05",77
"2019-07-17 17:42:59",77
"2019-07-17 18:43:00",77
"2019-07-17 19:42:59",77
"2019-07-17 20:42:59",77
"2019-07-17 21:42:59",77
"2019-07-17 22:42:59",77
"2019-07-17 23:42:59",77
"2019-07-18 00:42:58",77
"2019-07-18 01:43:05",77
"2019-07-18 02:43:01",77
"2019-07-18 03:43:00",77
"2019-07-18 04:42:59",77
"2019-07-18 05:43:03",77
"2019-07-18 06:43:03",77
"2019-07-18 07:42:58",77
"2019-07-18 08:43:03",77
"2019-07-18 09:42:59",77
"2019-07-18 10:43:00",77
"2019-07-18 11:42:58",77
"2019-07-18 13:07:06",77
"2019-07-18 13:42:59",77
"2019-07-18 14:42:59",77
"2019-07-18 15:42:59",77
"2019-07-18 16:43:06",77
"2019-07-18 17:43:00",77
"2019-07-18 18:43:00",77
"2019-07-18 19:43:02",77
"2019-07-18 20:43:00",77
"2019-07-18 21:43:00",77
"2019-07-18 22:43:00",77
"2019-07-18 23:43:02",77
"2019-07-19 00:43:00",77
"2019-07-19 01:43:00",77
"2019-07-19 02:43:02",77
"2019-07-19 03:43:00",77
"2019-07-19 04:43:00",77
"2019-07-19 05:43:15",77
"2019-07-19 06:43:01",77
"2019-07-19 07:43:03",77
"2019-07-19 08:42:59",77
"2019-07-19 09:43:00",77
"2019-07-19 10:42:59",77
"2019-07-19 11:42:59",77
"2019-07-19 13:06:33",77
"2019-07-19 13:43:00",77
"2019-07-19 14:43:00",77
"2019-07-19 15:43:01",77
"2019-07-19 16:43:00",77
"2019-07-19 17:43:02",77
"2019-07-19 18:43:01",77
"2019-07-19 19:43:01",77
"2019-07-19 20:43:01",77
"2019-07-19 21:42:59",77
"2019-07-19 22:43:01",77
"2019-07-19 23:43:00",77
"2019-07-20 00:43:00",77
"2019-07-20 01:43:08",77
"2019-07-20 02:43:08",77
"2019-07-20 03:43:02",77
"2019-07-20 04:43:09",77
"2019-07-20 05:43:05",77
"2019-07-20 06:43:00",77
"2019-07-20 07:42:59",77
"2019-07-20 08:43:01",77
"2019-07-20 09:42:58",77
"2019-07-20 10:42:59",77
"2019-07-20 11:43:00",77
"2019-07-20 12:43:01",77
"2019-07-20 13:43:00",77
"2019-07-20 14:42:59",77
"2019-07-20 15:42:59",77
"2019-07-20 16:43:02",77
"2019-07-20 17:43:00",77
"2019-07-20 18:43:00",77
"2019-07-20 19:43:01",77
"2019-07-20 20:42:58",77
"2019-07-20 21:43:01",77
"2019-07-20 22:42:58",77
"2019-07-20 23:42:59",77
"2019-07-21 00:43:01",77
"2019-07-21 01:43:00",77
"2019-07-21 02:43:01",77
"2019-07-21 03:42:59",77
"2019-07-21 04:43:00",77
"2019-07-21 05:43:07",77
"2019-07-21 06:43:09",77
"2019-07-21 07:42:58",77
"2019-07-21 08:43:00",77
"2019-07-21 09:43:01",77
"2019-07-21 10:43:08",77
"2019-07-21 11:43:00",77
"2019-07-21 12:42:59",77
"2019-07-21 13:43:01",77
"2019-07-21 14:43:00",77
"2019-07-21 15:42:59",77
"2019-07-21 16:43:00",77
"2019-07-21 17:43:00",77
"2019-07-21 18:43:00",77
"2019-07-21 19:43:00",77
"2019-07-21 20:43:01",77
"2019-07-21 21:43:01",77
"2019-07-21 22:42:59",77
"2019-07-21 23:43:00",77
"2019-07-22 00:42:59",77
"2019-07-22 01:43:01",77
"2019-07-22 02:43:00",77
"2019-07-22 03:43:00",77
"2019-07-22 04:43:00",77
"2019-07-22 05:43:03",77
"2019-07-22 06:43:08",77
"2019-07-22 07:43:00",77
"2019-07-22 08:43:00",77
"2019-07-22 09:42:59",77
"2019-07-22 10:42:59",77
"2019-07-22 11:43:10",77
"2019-07-22 12:43:04",77
"2019-07-22 13:43:00",77
"2019-07-22 14:43:01",77
"2019-07-22 15:43:00",77
"2019-07-22 16:43:02",77
"2019-07-22 17:43:01",77
"2019-07-22 18:43:06",77
"2019-07-22 19:43:02",77
"2019-07-22 20:43:02",77
"2019-07-22 21:43:04",77
"2019-07-22 22:43:00",77
"2019-07-22 23:43:00",77
"2019-07-23 00:43:00",77
"2019-07-23 01:42:59",77
"2019-07-23 02:43:04",77
"2019-07-23 03:43:02",77
"2019-07-23 04:43:02",77
"2019-07-23 05:43:04",77
"2019-07-23 06:43:06",77
"2019-07-23 07:43:01",77
"2019-07-23 08:42:59",77
"2019-07-23 09:43:02",77
"2019-07-23 10:43:01",77
"2019-07-23 11:43:01",77
"2019-07-23 13:06:05",77
"2019-07-23 13:43:01",77
"2019-07-23 14:43:02",77
"2019-07-23 15:43:06",77
"2019-07-23 16:43:02",77
"2019-07-23 17:43:00",77
"2019-07-23 18:43:01",77
"2019-07-23 19:43:00",77
"2019-07-23 20:43:01",77
"2019-07-23 21:43:01",77
"2019-07-23 22:43:04",77
"2019-07-23 23:43:01",77
"2019-07-24 00:43:01",77
"2019-07-24 01:43:01",77
"2019-07-24 02:43:06",77
"2019-07-24 03:43:01",77
"2019-07-24 04:43:01",77
"2019-07-24 05:43:02",77
"2019-07-24 06:42:59",77
"2019-07-24 07:42:59",77
"2019-07-24 08:43:01",77
"2019-07-24 09:43:02",77
"2019-07-24 10:43:02",77
"2019-07-24 11:42:59",77
"2019-07-24 13:05:34",77
"2019-07-24 13:43:01",77
"2019-07-24 14:42:59",77
"2019-07-24 15:43:02",77
"2019-07-24 16:43:01",77
"2019-07-24 17:42:59",76
"2019-07-24 18:43:03",76
"2019-07-24 19:43:00",76
"2019-07-24 20:43:01",75
"2019-07-24 21:43:01",75
"2019-07-24 22:43:00",75
"2019-07-24 23:43:00",75
"2019-07-25 00:43:00",75
"2019-07-25 01:43:05",75
"2019-07-25 02:43:14",75
"2019-07-25 03:43:00",75
"2019-07-25 04:43:00",75
"2019-07-25 05:43:06",75
"2019-07-25 06:43:04",75
"2019-07-25 07:43:01",75
"2019-07-25 08:43:02",75
"2019-07-25 09:43:00",75
"2019-07-25 10:43:10",75
"2019-07-25 11:43:00",75
"2019-07-25 13:06:06",75
"2019-07-25 13:43:04",75
"2019-07-25 14:43:02",75
"2019-07-25 15:43:00",75
"2019-07-25 16:43:03",75
"2019-07-25 17:43:02",75
"2019-07-25 18:43:08",75
"2019-07-25 19:43:36",75
"2019-07-25 20:43:06",75
"2019-07-25 21:43:05",75
"2019-07-25 22:43:01",75
"2019-07-25 23:43:01",75
"2019-07-26 00:43:14",75
"2019-07-26 01:43:02",75
"2019-07-26 02:43:04",75
"2019-07-26 03:43:03",75
"2019-07-26 04:43:05",75
"2019-07-26 05:43:09",75
"2019-07-26 06:43:17",75
"2019-07-26 07:43:08",75
"2019-07-26 08:42:59",75
"2019-07-26 09:43:00",75
"2019-07-26 10:43:02",75
"2019-07-26 11:43:05",75
"2019-07-26 13:08:06",75
"2019-07-26 13:43:03",75
"2019-07-26 14:43:03",75
"2019-07-26 15:43:02",75
"2019-07-26 16:43:04",75
"2019-07-26 17:43:04",75
"2019-07-26 18:43:05",75
"2019-07-26 19:43:02",75
"2019-07-26 20:43:01",75
"2019-07-26 22:43:01",75
"2019-07-26 23:43:00",75
"2019-07-27 00:43:01",75
"2019-07-27 01:43:02",75
"2019-07-27 02:43:03",75
"2019-07-27 03:43:02",75
"2019-07-27 04:43:01",75
"2019-07-27 05:43:02",75
"2019-07-27 06:43:01",75
"2019-07-27 07:43:00",75
"2019-07-27 08:43:01",75
"2019-07-27 09:43:00",75
"2019-07-27 10:43:03",75
"2019-07-27 11:43:00",75
"2019-07-27 12:43:02",75
"2019-07-27 13:43:00",75
"2019-07-27 14:43:01",75
"2019-07-27 15:43:04",75
"2019-07-27 16:43:09",75
"2019-07-27 17:43:05",75
"2019-07-27 18:43:03",75
"2019-07-27 19:43:03",75
"2019-07-27 20:43:03",75
"2019-07-27 21:43:02",75
"2019-07-27 22:43:02",75
"2019-07-27 23:43:01",75
"2019-07-28 00:43:01",75
"2019-07-28 01:43:00",75
"2019-07-28 02:43:00",75
"2019-07-28 03:43:00",75
"2019-07-28 04:43:01",75
"2019-07-28 05:43:00",75
"2019-07-28 06:43:00",75
"2019-07-28 07:43:01",75
"2019-07-28 08:43:00",75
"2019-07-28 09:42:59",75
"2019-07-28 10:42:59",75
"2019-07-28 11:42:59",75
"2019-07-28 12:43:00",75
"2019-07-28 13:43:00",75
"2019-07-28 14:43:01",75
"2019-07-28 15:42:59",75
"2019-07-28 16:43:02",75
"2019-07-28 17:43:01",75
"2019-07-28 18:43:00",75
"2019-07-28 19:43:01",75
"2019-07-28 20:43:00",75
"2019-07-28 21:43:00",75
"2019-07-28 22:43:02",75
"2019-07-28 23:43:02",75
"2019-07-29 00:43:01",75
"2019-07-29 01:43:01",75
"2019-07-29 02:43:01",75
"2019-07-29 03:43:01",75
"2019-07-29 04:43:02",75
"2019-07-29 05:43:05",75
"2019-07-29 06:43:13",75
"2019-07-29 07:43:02",75
"2019-07-29 08:43:00",75
"2019-07-29 09:43:01",75
"2019-07-29 10:43:02",75
"2019-07-29 11:43:01",75
"2019-07-29 13:07:04",75
"2019-07-29 13:43:03",75
"2019-07-29 14:43:01",75
"2019-07-29 15:43:01",75
"2019-07-29 16:43:02",75
"2019-07-29 17:43:01",75
"2019-07-29 18:43:02",75
"2019-07-29 19:43:01",77
"2019-07-29 20:43:01",77
"2019-07-29 21:43:00",77
"2019-07-29 22:43:02",77
"2019-07-29 23:43:01",77
"2019-07-30 00:43:01",77
"2019-07-30 01:43:01",77
"2019-07-30 02:43:02",77
"2019-07-30 03:43:00",77
"2019-07-30 04:43:00",77
"2019-07-30 05:43:01",77
"2019-07-30 06:43:01",77
"2019-07-30 07:43:08",77
"2019-07-30 08:43:01",77
"2019-07-30 09:43:01",77
"2019-07-30 10:43:00",77
"2019-07-30 11:43:03",77
"2019-07-30 12:43:01",77
"2019-07-30 13:43:02",77
"2019-07-30 14:43:03",77
"2019-07-30 15:43:03",77
"2019-07-30 16:43:03",76
"2019-07-30 17:43:07",76
"2019-07-30 18:43:05",76
"2019-07-30 19:43:05",77
"2019-07-30 20:43:03",77
"2019-07-30 21:43:03",77
"2019-07-30 22:43:04",77
"2019-07-30 23:43:02",77
"2019-07-31 00:43:02",77
"2019-07-31 01:43:02",77
"2019-07-31 02:43:02",77
"2019-07-31 03:43:03",77
"2019-07-31 04:43:03",77
"2019-07-31 05:43:10",77
"2019-07-31 06:43:03",77
"2019-07-31 07:43:02",77
"2019-07-31 08:43:03",77
"2019-07-31 09:43:03",77
"2019-07-31 10:43:01",77
"2019-07-31 11:43:00",77
"2019-07-31 13:07:08",77
"2019-07-31 13:43:02",77
"2019-07-31 14:43:03",79
"2019-07-31 15:43:03",78
"2019-07-31 16:43:07",78
"2019-07-31 17:43:02",78
"2019-07-31 18:43:01",78
"2019-07-31 19:43:02",78
"2019-07-31 20:43:03",78
"2019-07-31 21:43:03",78
"2019-07-31 22:43:02",78
"2019-07-31 23:43:02",78
"2019-08-01 00:43:02",78
"2019-08-01 01:43:14",78
"2019-08-01 02:43:04",78
"2019-08-01 03:43:03",78
"2019-08-01 04:43:01",78
"2019-08-01 05:43:06",78
"2019-08-01 06:43:03",78
"2019-08-01 07:43:07",78
"2019-08-01 08:43:01",78
"2019-08-01 09:43:03",78
"2019-08-01 10:43:02",78
"2019-08-01 11:43:00",78
"2019-08-01 13:05:35",78
"2019-08-01 13:43:03",78
"2019-08-01 14:43:03",78
"2019-08-01 15:43:09",78
"2019-08-01 16:43:07",78
"2019-08-01 17:43:05",78
"2019-08-01 18:43:01",78
"2019-08-01 19:43:02",78
"2019-08-01 20:43:02",78
"2019-08-01 21:43:02",78
"2019-08-01 22:43:00",78
"2019-08-01 23:43:03",78
"2019-08-02 00:43:01",78
"2019-08-02 01:43:02",78
"2019-08-02 02:43:01",78
"2019-08-02 03:43:01",78
"2019-08-02 04:43:02",78
"2019-08-02 05:43:04",78
"2019-08-02 06:43:02",78
"2019-08-02 07:42:59",78
"2019-08-02 08:43:02",78
"2019-08-02 09:43:03",78
"2019-08-02 10:43:12",78
"2019-08-02 11:43:01",78
"2019-08-02 13:07:07",78
"2019-08-02 13:43:04",78
"2019-08-02 14:43:04",83
"2019-08-02 15:43:04",88
"2019-08-02 16:43:06",86
"2019-08-02 17:43:02",87
"2019-08-02 18:43:04",87
"2019-08-02 19:43:04",87
"2019-08-02 20:43:04",87
"2019-08-02 21:43:03",87
"2019-08-02 22:43:02",87
"2019-08-02 23:43:03",87
"2019-08-03 00:43:03",87
"2019-08-03 01:43:02",87
"2019-08-03 02:43:09",87
"2019-08-03 03:43:03",87
"2019-08-03 04:43:02",87
"2019-08-03 05:43:09",87
"2019-08-03 06:43:03",87
"2019-08-03 07:43:01",87
"2019-08-03 08:43:04",87
"2019-08-03 09:43:02",87
"2019-08-03 10:43:03",87
"2019-08-03 11:43:02",87
"2019-08-03 12:43:03",87
"2019-08-03 13:43:03",87
"2019-08-03 14:43:03",87
"2019-08-03 15:43:01",87
"2019-08-03 16:43:03",87
"2019-08-03 17:43:03",87
"2019-08-03 18:43:03",87
"2019-08-03 19:43:02",87
"2019-08-03 20:43:01",87
"2019-08-03 21:43:01",87
"2019-08-03 22:43:01",87
"2019-08-03 23:43:01",87
"2019-08-04 00:43:02",87
"2019-08-04 01:43:01",87
"2019-08-04 02:43:08",87
"2019-08-04 03:43:03",87
"2019-08-04 04:43:02",87
"2019-08-04 05:43:07",87
"2019-08-04 06:43:02",87
"2019-08-04 07:43:02",87
"2019-08-04 08:43:04",87
"2019-08-04 09:43:02",87
"2019-08-04 10:43:02",87
"2019-08-04 11:42:59",87
"2019-08-04 12:43:02",87
"2019-08-04 13:43:02",87
"2019-08-04 14:43:01",87
"2019-08-04 15:43:02",87
"2019-08-04 16:43:03",87
"2019-08-04 17:43:02",87
"2019-08-04 18:43:03",87
"2019-08-04 19:43:02",87
"2019-08-04 20:43:02",87
"2019-08-04 21:43:03",87
"2019-08-04 22:43:03",87
"2019-08-04 23:43:02",87
"2019-08-05 00:43:02",87
"2019-08-05 01:43:04",87
"2019-08-05 02:43:04",87
"2019-08-05 03:43:03",87
"2019-08-05 04:43:03",87
"2019-08-05 05:43:05",87
"2019-08-05 06:43:02",87
"2019-08-05 07:43:06",87
"2019-08-05 08:43:03",87
"2019-08-05 09:43:04",87
"2019-08-05 10:43:03",87
"2019-08-05 11:43:02",87
"2019-08-05 13:07:38",87
"2019-08-05 13:43:05",87
"2019-08-05 14:43:04",87
"2019-08-05 15:43:02",86
"2019-08-05 16:43:04",88
"2019-08-05 17:43:05",88
"2019-08-05 18:43:05",88
"2019-08-05 19:43:04",88
"2019-08-05 20:43:02",87
"2019-08-05 21:43:03",87
"2019-08-05 22:43:04",87
"2019-08-05 23:43:04",87
"2019-08-06 00:43:13",87
"2019-08-06 01:43:07",87
"2019-08-06 02:43:03",87
"2019-08-06 03:43:02",87
"2019-08-06 04:43:04",87
"2019-08-06 05:43:05",87
"2019-08-06 06:43:02",87
"2019-08-06 07:43:03",87
"2019-08-06 08:43:02",87
"2019-08-06 09:43:07",87
"2019-08-06 10:43:01",87
"2019-08-06 11:43:01",87
"2019-08-06 12:43:03",87
"2019-08-06 13:43:05",87
"2019-08-06 14:43:02",85
"2019-08-06 15:43:03",84
"2019-08-06 16:43:05",83
"2019-08-06 17:43:03",82
"2019-08-06 18:43:02",82
"2019-08-06 19:43:03",82
"2019-08-06 20:43:04",81
"2019-08-06 21:43:02",81
"2019-08-06 22:43:01",81
"2019-08-06 23:43:03",81
"2019-08-07 00:43:04",81
"2019-08-07 01:43:04",81
"2019-08-07 02:43:05",81
"2019-08-07 03:43:03",81
"2019-08-07 04:43:02",81
"2019-08-07 05:43:04",81
"2019-08-07 06:43:08",81
"2019-08-07 07:43:01",81
"2019-08-07 08:43:03",81
"2019-08-07 09:43:02",81
"2019-08-07 10:43:10",81
"2019-08-07 11:43:02",81
"2019-08-07 12:43:05",81
"2019-08-07 13:43:05",81
"2019-08-07 14:43:04",82
"2019-08-07 15:43:03",82
"2019-08-07 16:43:04",82
"2019-08-07 17:43:03",82
"2019-08-07 18:43:03",82
"2019-08-07 19:43:02",83
"2019-08-07 20:43:02",82
"2019-08-07 21:43:03",82
"2019-08-07 22:43:02",82
"2019-08-07 23:43:04",82
"2019-08-08 00:43:04",82
"2019-08-08 01:43:03",82
"2019-08-08 02:43:09",82
"2019-08-08 03:43:02",82
"2019-08-08 04:43:02",82
"2019-08-08 05:43:02",82
"2019-08-08 06:43:06",82
"2019-08-08 07:43:03",82
"2019-08-08 08:43:02",82
"2019-08-08 09:43:02",82
"2019-08-08 10:43:06",82
"2019-08-08 11:43:01",82
"2019-08-08 12:43:04",82
"2019-08-08 13:43:04",82
"2019-08-08 14:43:03",83
"2019-08-08 15:43:04",82
"2019-08-08 16:43:05",82
"2019-08-08 17:43:04",83
"2019-08-08 18:43:03",83
"2019-08-08 19:43:04",83
"2019-08-08 20:43:05",83
"2019-08-08 21:43:05",83
"2019-08-08 22:43:05",83
"2019-08-08 23:43:05",83
"2019-08-09 00:43:06",83
"2019-08-09 01:43:07",83
"2019-08-09 02:43:07",83
"2019-08-09 03:43:05",83
"2019-08-09 04:43:07",83
"2019-08-09 05:43:09",83
"2019-08-09 06:43:07",83
"2019-08-09 07:43:10",83
"2019-08-09 08:43:07",83
"2019-08-09 09:43:12",83
"2019-08-09 10:43:07",83
"2019-08-09 11:43:06",83
"2019-08-09 13:07:10",83
"2019-08-09 13:43:06",83
"2019-08-09 14:43:11",82
"2019-08-09 15:43:06",82
"2019-08-09 16:43:12",82
"2019-08-09 17:43:05",82
"2019-08-09 18:43:06",80
"2019-08-09 19:43:06",81
"2019-08-09 20:43:05",82
"2019-08-09 21:43:07",82
"2019-08-09 22:43:06",82
"2019-08-09 23:43:07",82
"2019-08-10 00:43:07",82
"2019-08-10 01:43:06",82
"2019-08-10 02:43:20",82
"2019-08-10 03:43:05",82
"2019-08-10 04:43:06",82
"2019-08-10 05:43:09",82
"2019-08-10 06:43:06",82
"2019-08-10 07:43:05",82
"2019-08-10 08:43:05",82
"2019-08-10 09:43:06",82
"2019-08-10 10:43:07",82
"2019-08-10 11:43:04",82
"2019-08-10 12:43:07",82
"2019-08-10 13:43:07",82
"2019-08-10 14:43:04",82
"2019-08-10 15:43:04",82
"2019-08-10 16:43:13",82
"2019-08-10 17:43:05",82
"2019-08-10 18:43:05",82
"2019-08-10 19:43:06",82
"2019-08-10 20:43:05",82
"2019-08-10 21:43:03",82
"2019-08-10 22:43:05",82
"2019-08-10 23:43:05",82
"2019-08-11 00:43:03",82
"2019-08-11 01:43:05",82
"2019-08-11 02:43:14",82
"2019-08-11 03:43:06",82
"2019-08-11 04:43:05",82
"2019-08-11 05:43:12",82
"2019-08-11 06:43:04",82
"2019-08-11 07:43:06",82
"2019-08-11 08:43:04",82
"2019-08-11 09:43:04",82
"2019-08-11 10:43:04",82
"2019-08-11 11:43:05",82
"2019-08-11 12:43:05",82
"2019-08-11 13:43:06",82
"2019-08-11 14:43:05",82
"2019-08-11 15:43:05",82
"2019-08-11 16:43:06",82
"2019-08-11 17:43:05",82
"2019-08-11 18:43:05",82
"2019-08-11 19:43:07",82
"2019-08-11 20:43:08",82
"2019-08-11 21:43:07",82
"2019-08-11 22:43:07",82
"2019-08-11 23:43:08",82
"2019-08-12 00:43:08",82
"2019-08-12 01:43:07",82
"2019-08-12 02:43:10",82
"2019-08-12 03:43:08",82
"2019-08-12 04:43:06",82
"2019-08-12 05:43:12",82
"2019-08-12 06:43:14",82
"2019-08-12 07:43:05",82
"2019-08-12 08:43:08",82
"2019-08-12 09:43:06",82
"2019-08-12 10:43:10",82
"2019-08-12 11:43:06",82
"2019-08-12 12:43:10",82
"2019-08-12 13:43:17",82
"2019-08-12 14:43:06",82
"2019-08-12 15:43:07",82
"2019-08-12 16:43:16",81
"2019-08-12 17:43:06",81
"2019-08-12 18:43:04",81
"2019-08-12 19:43:04",81
"2019-08-12 20:43:06",81
"2019-08-12 21:43:04",81
"2019-08-12 22:43:05",81
"2019-08-12 23:43:06",81
"2019-08-13 00:43:03",81
"2019-08-13 01:43:06",81
"2019-08-13 02:43:09",81
"2019-08-13 03:43:06",81
"2019-08-13 04:43:03",81
"2019-08-13 05:43:08",81
"2019-08-13 06:43:05",81
"2019-08-13 07:43:05",81
"2019-08-13 08:43:03",81
"2019-08-13 09:43:06",81
"2019-08-13 10:43:08",81
"2019-08-13 11:43:07",81
"2019-08-13 12:43:08",81
"2019-08-13 13:43:07",81
"2019-08-13 14:43:06",80
"2019-08-13 15:43:10",80
"2019-08-13 16:43:08",80
"2019-08-13 17:43:06",80
"2019-08-13 18:43:06",81
"2019-08-13 19:43:06",81
"2019-08-13 20:43:05",81
"2019-08-13 21:43:07",81
"2019-08-13 22:43:14",81
"2019-08-13 23:43:06",81
"2019-08-14 00:43:08",81
"2019-08-14 01:43:07",81
"2019-08-14 02:43:07",81
"2019-08-14 03:43:05",81
"2019-08-14 04:43:04",81
"2019-08-14 05:43:22",81
"2019-08-14 06:43:05",81
"2019-08-14 07:43:04",81
"2019-08-14 08:43:04",81
"2019-08-14 09:43:07",81
"2019-08-14 10:43:02",81
"2019-08-14 11:43:03",81
"2019-08-14 13:06:12",81
"2019-08-14 13:43:07",81
"2019-08-14 14:43:07",81
"2019-08-14 15:43:07",81
"2019-08-14 16:43:05",80
"2019-08-14 17:43:04",82
"2019-08-14 18:43:07",83
"2019-08-14 19:43:08",84
"2019-08-14 20:43:05",84
"2019-08-14 21:43:11",84
"2019-08-14 22:43:05",84
"2019-08-14 23:43:04",84
"2019-08-15 00:43:04",84
"2019-08-15 01:43:05",84
"2019-08-15 02:43:08",84
"2019-08-15 03:43:06",84
"2019-08-15 04:43:06",84
"2019-08-15 05:43:10",84
"2019-08-15 06:43:04",84
"2019-08-15 07:43:03",84
"2019-08-15 08:43:19",84
"2019-08-15 09:43:04",84
"2019-08-15 10:43:04",84
"2019-08-15 11:43:03",84
"2019-08-15 13:06:10",84
"2019-08-15 13:43:12",84
"2019-08-15 14:43:06",88
"2019-08-15 15:43:03",86
"2019-08-15 16:43:22",84
"2019-08-15 17:43:02",84
"2019-08-15 18:43:05",84
"2019-08-15 19:43:03",84
"2019-08-15 20:43:04",83
"2019-08-15 21:43:02",83
"2019-08-15 22:43:02",83
"2019-08-15 23:43:09",83
"2019-08-16 00:43:08",83
"2019-08-16 01:43:17",83
"2019-08-16 02:43:05",83
"2019-08-16 03:43:05",83
"2019-08-16 04:43:02",83
"2019-08-16 05:43:20",83
"2019-08-16 06:43:02",83
"2019-08-16 07:43:03",83
"2019-08-16 08:43:04",83
"2019-08-16 09:43:02",83
"2019-08-16 10:43:02",83
"2019-08-16 11:43:02",83
"2019-08-16 12:43:04",83
"2019-08-16 13:43:07",83
"2019-08-16 14:43:04",83
"2019-08-16 15:43:05",83
"2019-08-16 16:43:12",83
"2019-08-16 18:43:50",83
"2019-08-16 19:43:07",83
"2019-08-16 20:43:09",84
"2019-08-16 21:43:07",84
"2019-08-16 22:43:09",84
"2019-08-16 23:43:07",84
"2019-08-17 00:43:08",84
"2019-08-17 01:43:11",84
"2019-08-17 02:43:21",84
"2019-08-17 03:43:07",84
"2019-08-17 04:43:08",84
"2019-08-17 05:43:08",84
"2019-08-17 06:43:06",84
"2019-08-17 07:43:06",84
"2019-08-17 08:43:08",84
"2019-08-17 09:43:07",84
"2019-08-17 10:43:06",84
"2019-08-17 11:43:05",84
"2019-08-17 12:43:05",84
"2019-08-17 13:43:07",84
"2019-08-17 14:43:30",84
"2019-08-17 15:43:07",84
"2019-08-17 16:43:07",84
"2019-08-17 17:43:05",84
"2019-08-17 18:43:05",84
"2019-08-17 19:43:06",84
"2019-08-17 20:43:08",84
"2019-08-17 21:43:05",84
"2019-08-17 22:43:05",84
"2019-08-17 23:43:05",84
"2019-08-18 00:43:06",84
"2019-08-18 01:43:05",84
"2019-08-18 02:43:08",84
"2019-08-18 03:43:06",84
"2019-08-18 04:43:05",84
"2019-08-18 05:43:19",84
"2019-08-18 06:43:25",84
"2019-08-18 07:43:08",84
"2019-08-18 08:43:09",84
"2019-08-18 09:43:09",84
"2019-08-18 10:43:05",84
"2019-08-18 11:43:07",84
"2019-08-18 12:43:07",84
"2019-08-18 13:43:07",84
"2019-08-18 14:43:07",84
"2019-08-18 15:43:08",84
"2019-08-18 16:43:11",84
"2019-08-18 17:43:06",84
"2019-08-18 18:43:07",84
"2019-08-18 19:43:07",84
"2019-08-18 20:43:08",84
"2019-08-18 21:43:15",84
"2019-08-18 22:43:08",84
"2019-08-18 23:43:07",84
"2019-08-19 00:43:08",84
"2019-08-19 01:43:10",84
"2019-08-19 02:43:09",84
"2019-08-19 03:43:06",84
"2019-08-19 04:43:06",84
"2019-08-19 05:43:10",84
"2019-08-19 06:43:09",84
"2019-08-19 07:43:19",84
"2019-08-19 08:43:07",84
"2019-08-19 09:43:13",84
"2019-08-19 10:43:08",84
"2019-08-19 11:43:07",84
"2019-08-19 12:43:12",84
"2019-08-19 13:43:08",84
"2019-08-19 14:43:03",83
"2019-08-19 15:43:05",83
"2019-08-19 16:43:04",82
"2019-08-19 17:43:04",82
"2019-08-19 18:43:06",82
"2019-08-19 19:43:04",82
"2019-08-19 20:43:04",82
"2019-08-19 21:43:05",82
"2019-08-19 22:43:03",82
"2019-08-19 23:43:04",82
"2019-08-20 00:43:07",82
"2019-08-20 01:43:04",82
"2019-08-20 02:43:07",82
"2019-08-20 03:43:04",82
"2019-08-20 04:43:04",82
"2019-08-20 05:43:17",82
"2019-08-20 06:43:09",82
"2019-08-20 07:43:03",82
"2019-08-20 08:43:04",82
"2019-08-20 09:43:03",82
"2019-08-20 10:43:24",82
"2019-08-20 11:43:03",82
"2019-08-20 13:05:11",82
"2019-08-20 13:43:13",82
"2019-08-20 14:43:06",82
"2019-08-20 15:43:05",82
"2019-08-20 16:43:07",80
"2019-08-20 17:43:06",80
"2019-08-20 18:43:07",80
"2019-08-20 19:43:06",80
"2019-08-20 20:43:07",80
"2019-08-20 21:43:09",80
"2019-08-20 22:43:07",80
"2019-08-20 23:43:06",80
"2019-08-21 00:43:07",80
"2019-08-21 01:43:09",80
"2019-08-21 02:43:12",80
"2019-08-21 03:43:11",80
"2019-08-21 04:43:07",80
"2019-08-21 05:43:09",80
"2019-08-21 06:43:13",80
"2019-08-21 07:43:07",80
"2019-08-21 08:43:07",80
"2019-08-21 09:43:06",80
"2019-08-21 10:43:05",80
"2019-08-21 11:43:06",80
"2019-08-21 12:43:05",80
"2019-08-21 13:43:07",80
"2019-08-21 14:43:07",82
"2019-08-21 15:43:09",83
"2019-08-21 16:43:21",84
"2019-08-21 17:43:05",85
"2019-08-21 18:43:07",85
"2019-08-21 19:43:07",84
"2019-08-21 20:43:06",84
"2019-08-21 21:43:07",84
"2019-08-21 22:43:09",84
"2019-08-21 23:43:07",84
"2019-08-22 00:43:08",84
"2019-08-22 01:43:06",84
"2019-08-22 02:43:10",84
"2019-08-22 03:43:06",84
"2019-08-22 04:43:05",84
"2019-08-22 05:43:08",84
"2019-08-22 06:43:06",84
"2019-08-22 07:43:07",84
"2019-08-22 08:43:07",84
"2019-08-22 09:43:06",84
"2019-08-22 10:43:07",84
"2019-08-22 11:43:08",84
"2019-08-22 12:43:07",84
"2019-08-22 13:43:08",84
"2019-08-22 14:43:11",85
"2019-08-22 15:43:10",85
"2019-08-22 16:43:14",85
"2019-08-22 17:43:10",85
"2019-08-22 18:43:10",85
"2019-08-22 19:43:08",85
"2019-08-22 20:43:09",85
"2019-08-22 21:43:11",85
"2019-08-22 22:43:09",85
"2019-08-22 23:43:09",85
"2019-08-23 00:43:11",85
"2019-08-23 01:43:13",85
"2019-08-23 02:43:14",85
"2019-08-23 03:43:08",85
"2019-08-23 04:43:07",85
"2019-08-23 05:43:09",85
"2019-08-23 06:43:08",85
"2019-08-23 07:43:07",85
"2019-08-23 08:43:09",85
"2019-08-23 09:43:06",85
"2019-08-23 10:43:12",85
"2019-08-23 11:43:06",85
"2019-08-23 12:43:10",85
"2019-08-23 13:43:10",85
"2019-08-23 14:43:08",86
"2019-08-23 15:43:09",86
"2019-08-23 16:43:11",86
"2019-08-23 17:43:06",86
"2019-08-23 18:43:09",86
"2019-08-23 19:43:09",86
"2019-08-23 20:43:06",86
"2019-08-23 21:43:08",86
"2019-08-23 22:43:46",86
"2019-08-23 23:43:07",86
"2019-08-24 00:43:07",86
"2019-08-24 01:43:07",86
"2019-08-24 02:43:28",86
"2019-08-24 03:43:07",86
"2019-08-24 04:43:05",86
"2019-08-24 05:43:10",86
"2019-08-24 06:43:09",86
"2019-08-24 07:43:12",86
"2019-08-24 08:43:10",86
"2019-08-24 09:43:09",86
"2019-08-24 10:43:08",86
"2019-08-24 11:43:07",86
"2019-08-24 12:43:10",86
"2019-08-24 13:43:07",86
"2019-08-24 14:43:08",86
"2019-08-24 15:43:09",86
"2019-08-24 16:43:18",86
"2019-08-24 17:43:08",86
"2019-08-24 18:43:11",86
"2019-08-24 19:43:08",86
"2019-08-24 20:43:08",86
"2019-08-24 21:43:08",86
"2019-08-24 22:43:09",86
"2019-08-24 23:43:07",86
"2019-08-25 00:43:06",86
"2019-08-25 01:43:11",86
"2019-08-25 02:43:20",86
"2019-08-25 03:43:06",86
"2019-08-25 04:43:07",86
"2019-08-25 05:43:07",86
"2019-08-25 06:43:07",86
"2019-08-25 07:43:08",86
"2019-08-25 08:43:09",86
"2019-08-25 09:43:06",86
"2019-08-25 10:43:07",86
"2019-08-25 11:43:10",86
"2019-08-25 12:43:07",86
"2019-08-25 13:43:07",86
"2019-08-25 14:43:07",86
"2019-08-25 15:43:09",86
"2019-08-25 16:43:12",86
"2019-08-25 17:43:06",86
"2019-08-25 18:43:06",86
"2019-08-25 19:43:09",86
"2019-08-25 20:43:08",86
"2019-08-25 21:43:08",86
"2019-08-25 22:43:07",86
"2019-08-25 23:43:08",86
"2019-08-26 00:43:07",86
"2019-08-26 01:43:06",86
"2019-08-26 02:43:12",86
"2019-08-26 03:43:06",86
"2019-08-26 04:43:07",86
"2019-08-26 05:43:10",86
"2019-08-26 06:43:06",86
"2019-08-26 07:43:08",86
"2019-08-26 08:43:05",86
"2019-08-26 09:43:05",86
"2019-08-26 10:43:07",86
"2019-08-26 11:43:05",86
"2019-08-26 12:43:09",86
"2019-08-26 13:43:07",86
"2019-08-26 14:43:06",86
"2019-08-26 15:43:09",86
"2019-08-26 16:43:14",86
"2019-08-26 17:43:06",85
"2019-08-26 18:43:06",85
"2019-08-26 19:43:10",85
"2019-08-26 20:43:07",85
"2019-08-26 21:43:08",85
"2019-08-26 22:43:05",85
"2019-08-26 23:43:06",85
"2019-08-27 00:43:08",85
"2019-08-27 01:43:07",85
"2019-08-27 02:43:12",85
"2019-08-27 03:43:06",85
"2019-08-27 04:43:06",85
"2019-08-27 05:43:11",85
"2019-08-27 06:43:11",85
"2019-08-27 07:43:06",85
"2019-08-27 08:43:10",85
"2019-08-27 09:43:06",85
"2019-08-27 10:43:05",85
"2019-08-27 11:43:10",85
"2019-08-27 12:43:10",85
"2019-08-27 13:43:22",85
"2019-08-27 14:43:06",84
"2019-08-27 15:43:09",85
"2019-08-27 16:43:11",85
"2019-08-27 17:43:06",85
"2019-08-27 18:43:07",85
"2019-08-27 19:43:09",86
"2019-08-27 20:43:06",86
"2019-08-27 21:43:08",86
"2019-08-27 22:43:08",86
"2019-08-27 23:43:10",86
"2019-08-28 00:43:12",86
"2019-08-28 01:43:09",86
"2019-08-28 02:43:14",86
"2019-08-28 03:43:16",86
"2019-08-28 04:43:09",86
"2019-08-28 05:43:09",86
"2019-08-28 06:43:10",86
"2019-08-28 07:43:12",86
"2019-08-28 08:43:06",86
"2019-08-28 09:43:10",86
"2019-08-28 10:43:09",86
"2019-08-28 11:43:11",86
"2019-08-28 12:43:08",86
"2019-08-28 13:43:07",86
"2019-08-28 14:43:05",86
"2019-08-28 15:43:05",86
"2019-08-28 16:43:20",85
"2019-08-28 17:43:05",85
"2019-08-28 18:43:06",85
"2019-08-28 19:43:07",85
"2019-08-28 20:43:08",85
"2019-08-28 21:43:07",85
"2019-08-28 22:43:07",85
"2019-08-28 23:43:10",85
"2019-08-29 00:43:05",85
"2019-08-29 01:43:08",85
"2019-08-29 02:43:09",85
"2019-08-29 03:43:05",85
"2019-08-29 04:43:06",85
"2019-08-29 05:43:19",85
"2019-08-29 06:43:04",85
"2019-08-29 07:43:08",85
"2019-08-29 08:43:07",85
"2019-08-29 09:43:07",85
"2019-08-29 10:43:04",85
"2019-08-29 11:43:04",85
"2019-08-29 12:43:08",85
"2019-08-29 13:43:06",85
"2019-08-29 14:43:05",84
"2019-08-29 15:43:05",85
"2019-08-29 16:43:11",85
"2019-08-29 17:43:05",85
"2019-08-29 18:43:05",85
"2019-08-29 19:43:03",85
"2019-08-29 20:43:06",85
"2019-08-29 21:43:06",85
"2019-08-29 22:43:04",85
"2019-08-29 23:43:06",85
"2019-08-30 00:43:08",85
"2019-08-30 01:43:11",85
"2019-08-30 02:43:07",85
"2019-08-30 03:43:08",85
"2019-08-30 04:43:06",85
"2019-08-30 05:43:15",85
"2019-08-30 06:43:03",85
"2019-08-30 07:43:03",85
"2019-08-30 08:43:02",85
"2019-08-30 09:43:04",85
"2019-08-30 10:43:02",85
"2019-08-30 11:43:02",85
"2019-08-30 12:43:06",85
"2019-08-30 13:43:05",85
"2019-08-30 14:43:05",85
"2019-08-30 15:43:05",85
"2019-08-30 16:43:07",84
"2019-08-30 17:43:06",84
"2019-08-30 18:43:04",85
"2019-08-30 19:43:03",86
"2019-08-30 20:43:19",86
"2019-08-30 21:43:14",86
"2019-08-30 22:43:17",86
"2019-08-30 23:43:15",86
"2019-08-31 00:43:15",86
"2019-08-31 01:43:18",86
"2019-08-31 02:43:15",86
"2019-08-31 03:43:16",86
"2019-08-31 04:43:15",86
"2019-08-31 23:43:32",86
"2019-09-01 00:43:18",86
"2019-09-01 01:43:15",86
"2019-09-01 02:43:17",86
"2019-09-01 03:43:16",86
"2019-09-01 04:43:15",86
"2019-09-01 05:43:15",86
"2019-09-01 06:43:15",86
"2019-09-01 07:43:13",86
"2019-09-01 08:43:15",86
"2019-09-01 09:43:14",86
"2019-09-01 10:43:15",86
"2019-09-01 11:43:14",86
"2019-09-01 12:43:17",86
"2019-09-01 13:43:15",86
"2019-09-01 14:43:15",86
"2019-09-01 15:43:15",86
"2019-09-01 16:43:21",86
"2019-09-01 17:43:18",86
"2019-09-01 18:43:15",86
"2019-09-01 19:43:14",86
"2019-09-01 20:43:15",86
"2019-09-01 21:43:15",86
"2019-09-01 22:43:16",86
"2019-09-01 23:43:16",86
"2019-09-02 00:43:14",86
"2019-09-02 01:43:13",86
"2019-09-02 02:43:14",86
"2019-09-02 03:43:16",86
"2019-09-02 04:43:17",86
"2019-09-02 05:43:25",86
"2019-09-02 06:43:17",86
"2019-09-02 07:43:18",86
"2019-09-02 08:43:15",86
"2019-09-02 09:43:18",86
"2019-09-02 10:43:22",86
"2019-09-02 11:43:16",86
"2019-09-02 12:43:14",86
"2019-09-02 13:43:15",86
"2019-09-02 14:43:15",86
"2019-09-02 15:43:15",86
"2019-09-02 16:43:26",86
"2019-09-02 17:43:15",86
"2019-09-02 18:43:17",86
"2019-09-02 19:43:15",86
"2019-09-02 20:43:15",86
"2019-09-02 21:43:16",86
"2019-09-02 22:43:16",86
"2019-09-02 23:43:16",86
"2019-09-03 00:43:15",86
"2019-09-03 01:43:18",86
"2019-09-03 02:43:18",86
"2019-09-03 03:43:15",86
"2019-09-03 04:43:14",86
"2019-09-03 05:43:22",86
"2019-09-03 06:43:18",86
"2019-09-03 07:43:14",86
"2019-09-03 08:43:22",86
"2019-09-03 09:43:15",86
"2019-09-03 10:43:19",86
"2019-09-03 11:43:14",86
"2019-09-03 13:07:24",86
"2019-09-03 13:43:22",86
"2019-09-03 14:43:17",87
"2019-09-03 15:43:17",87
"2019-09-03 16:43:20",87
"2019-09-03 17:43:16",86
"2019-09-03 18:43:15",86
"2019-09-03 19:43:14",86
"2019-09-03 20:43:16",86
"2019-09-03 21:43:15",86
"2019-09-03 22:43:20",86
"2019-09-03 23:43:15",86
"2019-09-04 00:43:18",86
"2019-09-04 01:43:17",86
"2019-09-04 02:43:16",86
"2019-09-04 03:43:15",86
"2019-09-04 04:43:14",86
"2019-09-04 05:43:25",86
"2019-09-04 06:43:17",86
"2019-09-04 07:43:15",86
"2019-09-04 08:43:15",86
"2019-09-04 09:43:16",86
"2019-09-04 10:43:16",86
"2019-09-04 11:43:15",86
"2019-09-04 13:06:22",86
"2019-09-04 13:43:16",86
"2019-09-04 14:43:16",85
"2019-09-04 15:43:16",85
"2019-09-04 16:43:24",85
"2019-09-04 17:43:15",85
"2019-09-04 18:43:17",85
"2019-09-04 19:43:16",85
"2019-09-04 20:43:16",85
"2019-09-04 21:43:14",85
"2019-09-04 22:43:15",85
"2019-09-04 23:43:18",85
"2019-09-05 01:43:15",85
"2019-09-05 02:43:21",85
"2019-09-05 03:43:14",85
"2019-09-05 04:43:15",85
"2019-09-05 05:43:25",85
"2019-09-05 06:43:14",85
"2019-09-05 07:43:19",85
"2019-09-05 08:43:15",85
"2019-09-05 09:43:13",85
"2019-09-05 10:43:21",85
"2019-09-05 11:43:15",85
"2019-09-05 13:07:19",85
"2019-09-05 13:43:16",85
"2019-09-05 14:43:19",85
"2019-09-05 15:43:16",85
"2019-09-05 16:43:28",84
"2019-09-05 17:43:17",84
"2019-09-05 18:43:15",84
"2019-09-05 19:43:14",84
"2019-09-05 20:43:17",84
"2019-09-05 21:43:15",84
"2019-09-05 22:43:17",84
"2019-09-05 23:43:17",84
"2019-09-06 00:43:17",84
"2019-09-06 01:43:17",84
"2019-09-06 02:43:15",84
"2019-09-06 03:43:13",84
"2019-09-06 04:43:14",84
"2019-09-06 05:43:27",84
"2019-09-06 06:43:16",84
"2019-09-06 07:43:17",84
"2019-09-06 08:43:14",84
"2019-09-06 09:43:16",84
"2019-09-06 10:43:16",84
"2019-09-06 11:43:28",84
"2019-09-06 13:06:20",84
"2019-09-06 13:43:17",84
"2019-09-06 14:43:14",84
"2019-09-06 15:43:14",84
"2019-09-06 16:43:26",84
"2019-09-06 17:43:16",84
"2019-09-06 18:43:18",84
"2019-09-06 19:43:14",84
"2019-09-06 20:43:16",85
"2019-09-06 21:43:16",85
"2019-09-06 22:43:16",86
"2019-09-06 23:43:14",86
"2019-09-07 00:43:15",86
"2019-09-07 01:43:17",86
"2019-09-07 02:43:17",86
"2019-09-07 03:43:17",86
"2019-09-07 04:43:15",86
"2019-09-07 05:43:38",86
"2019-09-07 06:43:16",86
"2019-09-07 07:43:14",86
"2019-09-07 08:43:14",86
"2019-09-07 09:43:15",86
"2019-09-07 10:43:17",86
"2019-09-07 11:43:15",86
"2019-09-07 12:43:14",86
"2019-09-07 13:43:17",86
"2019-09-07 14:43:16",86
"2019-09-07 15:43:16",86
"2019-09-07 16:43:16",86
"2019-09-07 17:43:15",86
"2019-09-07 18:43:15",86
"2019-09-07 19:43:14",86
"2019-09-07 20:43:15",86
"2019-09-07 22:43:13",86
"2019-09-07 23:43:17",86
"2019-09-08 00:43:16",86
"2019-09-08 01:43:18",86
"2019-09-08 02:43:21",86
"2019-09-08 03:43:16",86
"2019-09-08 04:43:15",86
"2019-09-08 05:43:20",86
"2019-09-08 06:43:16",86
"2019-09-08 07:43:14",86
"2019-09-08 08:43:16",86
"2019-09-08 09:43:14",86
"2019-09-08 10:43:18",86
"2019-09-08 11:43:14",86
"2019-09-08 12:43:15",86
"2019-09-08 13:43:16",86
"2019-09-08 14:43:16",86
"2019-09-08 15:43:14",86
"2019-09-08 16:43:22",86
"2019-09-08 17:43:16",86
"2019-09-08 18:43:15",86
"2019-09-08 19:43:21",86
"2019-09-08 20:43:18",86
"2019-09-08 21:43:16",86
"2019-09-08 22:43:14",86
"2019-09-08 23:43:15",86
"2019-09-09 00:43:14",86
"2019-09-09 01:43:16",86
"2019-09-09 02:43:16",86
"2019-09-09 03:43:16",86
"2019-09-09 04:43:14",86
"2019-09-09 05:43:27",86
"2019-09-09 06:43:14",86
"2019-09-09 07:43:15",86
"2019-09-09 08:43:15",86
"2019-09-09 09:43:13",86
"2019-09-09 10:43:15",86
"2019-09-09 11:43:16",86
"2019-09-09 13:06:21",86
"2019-09-09 13:43:19",86
"2019-09-09 14:43:22",86
"2019-09-09 15:43:16",87
"2019-09-09 16:43:28",87
"2019-09-09 17:43:15",87
"2019-09-09 18:43:15",87
"2019-09-09 19:43:15",87
"2019-09-09 20:43:14",87
"2019-09-09 21:43:15",87
"2019-09-09 22:43:14",87
"2019-09-09 23:43:15",87
"2019-09-10 00:43:16",87
"2019-09-10 01:43:15",87
"2019-09-10 02:43:19",87
"2019-09-10 03:43:17",87
"2019-09-10 04:43:16",87
"2019-09-10 05:43:19",87
"2019-09-10 06:43:15",87
"2019-09-10 07:43:14",87
"2019-09-10 08:43:17",87
"2019-09-10 09:43:26",87
"2019-09-10 10:43:15",87
"2019-09-10 11:43:14",87
"2019-09-10 12:43:17",87
"2019-09-10 13:43:16",87
"2019-09-10 14:43:15",87
"2019-09-10 15:43:14",87
"2019-09-10 16:43:21",87
"2019-09-10 17:43:15",87
"2019-09-10 18:43:15",87
"2019-09-10 19:43:22",87
"2019-09-10 20:43:13",85
"2019-09-10 21:43:16",85
"2019-09-10 22:43:14",85
"2019-09-10 23:43:15",85
"2019-09-11 00:43:15",85
"2019-09-11 01:43:15",85
"2019-09-11 02:43:14",85
"2019-09-11 03:43:13",85
"2019-09-11 04:43:14",85
"2019-09-11 05:43:22",85
"2019-09-11 06:43:17",85
"2019-09-11 07:43:13",85
"2019-09-11 08:43:14",85
"2019-09-11 09:43:18",85
"2019-09-11 10:43:26",85
"2019-09-11 11:43:21",85
"2019-09-11 12:43:15",85
"2019-09-11 13:43:18",85
"2019-09-11 14:43:15",85
"2019-09-11 15:43:15",85
"2019-09-11 16:43:17",85
"2019-09-11 17:43:14",85
"2019-09-11 18:43:15",85
"2019-09-11 19:43:15",85
"2019-09-11 20:43:14",85
"2019-09-11 21:43:20",85
"2019-09-11 22:43:14",85
"2019-09-11 23:43:14",85
"2019-09-12 00:43:16",85
"2019-09-12 01:43:15",85
"2019-09-12 02:43:22",85
"2019-09-12 03:43:15",85
"2019-09-12 04:43:14",85
"2019-09-12 05:43:26",85
"2019-09-12 06:43:16",85
"2019-09-12 07:43:15",85
"2019-09-12 08:43:13",85
"2019-09-12 09:43:14",85
"2019-09-12 10:43:27",85
"2019-09-12 11:43:17",85
"2019-09-12 13:07:22",85
"2019-09-12 13:43:17",85
"2019-09-12 14:43:19",85
"2019-09-12 15:43:17",85
"2019-09-12 16:43:17",85
"2019-09-12 17:43:15",85
"2019-09-12 18:43:15",85
"2019-09-12 19:43:15",85
"2019-09-12 20:43:13",85
"2019-09-12 21:43:13",85
"2019-09-12 22:43:15",85
"2019-09-12 23:43:15",85
"2019-09-13 00:43:14",85
"2019-09-13 01:43:17",85
"2019-09-13 02:43:15",85
"2019-09-13 03:43:15",85
"2019-09-13 04:43:13",85
"2019-09-13 05:43:15",85
"2019-09-13 06:43:15",85
"2019-09-13 07:43:13",85
"2019-09-13 08:43:15",85
"2019-09-13 09:43:14",85
"2019-09-13 10:43:15",85
"2019-09-13 11:43:14",85
"2019-09-13 13:07:17",85
"2019-09-13 14:08:19",85
"2019-09-13 14:43:15",85
"2019-09-13 15:43:14",85
"2019-09-13 16:43:14",85
"2019-09-13 17:43:14",85
"2019-09-13 18:43:13",85
"2019-09-13 19:43:14",86
"2019-09-13 20:43:11",86
"2019-09-13 21:43:17",86
"2019-09-13 22:43:12",86
"2019-09-13 23:43:14",86
"2019-09-14 00:43:17",86
"2019-09-14 01:43:11",86
"2019-09-14 02:43:14",86
"2019-09-14 03:43:15",86
"2019-09-14 04:43:12",86
"2019-09-14 05:43:14",86
"2019-09-14 06:43:14",86
"2019-09-14 07:43:13",86
"2019-09-14 08:43:13",86
"2019-09-14 09:43:12",86
"2019-09-14 10:43:14",86
"2019-09-14 11:43:10",86
"2019-09-14 12:43:14",86
"2019-09-14 13:43:11",86
"2019-09-14 14:43:13",86
"2019-09-14 15:43:11",86
"2019-09-14 16:43:15",86
"2019-09-14 17:43:14",86
"2019-09-14 18:43:11",86
"2019-09-14 19:43:12",86
"2019-09-14 20:43:11",86
"2019-09-14 21:43:15",86
"2019-09-14 22:43:13",86
"2019-09-14 23:43:14",86
"2019-09-15 00:43:14",86
"2019-09-15 01:43:11",86
"2019-09-15 02:43:16",86
"2019-09-15 03:43:15",86
"2019-09-15 04:43:13",86
"2019-09-15 05:43:11",86
"2019-09-15 06:43:16",86
"2019-09-15 07:43:15",86
"2019-09-15 08:43:15",86
"2019-09-15 09:43:12",86
"2019-09-15 10:43:13",86
"2019-09-15 11:43:14",86
"2019-09-15 12:43:15",86
"2019-09-15 13:43:15",86
"2019-09-15 14:43:13",86
"2019-09-15 15:43:11",86
"2019-09-15 16:43:15",86
"2019-09-15 17:43:10",86
"2019-09-15 18:43:12",86
"2019-09-15 19:43:13",86
"2019-09-15 20:43:12",86
"2019-09-15 21:43:15",86
"2019-09-15 22:43:12",86
"2019-09-15 23:43:12",86
"2019-09-16 00:43:14",86
"2019-09-16 01:43:13",86
"2019-09-16 02:43:15",86
"2019-09-16 03:43:16",86
"2019-09-16 04:43:12",86
"2019-09-16 05:43:15",86
"2019-09-16 06:43:15",86
"2019-09-16 07:43:12",86
"2019-09-16 08:43:14",86
"2019-09-16 09:43:14",86
"2019-09-16 10:43:13",86
"2019-09-16 11:43:11",86
"2019-09-16 13:06:49",86
"2019-09-16 13:43:15",86
"2019-09-16 14:43:18",86
"2019-09-16 15:43:15",86
"2019-09-16 16:43:18",86
"2019-09-16 17:43:14",86
"2019-09-16 18:43:16",86
"2019-09-16 19:43:22",85
"2019-09-16 20:43:19",85
"2019-09-16 21:43:16",85
"2019-09-16 22:43:18",85
"2019-09-16 23:43:16",85
"2019-09-17 00:43:16",85
"2019-09-17 01:43:14",85
"2019-09-17 02:43:16",85
"2019-09-17 03:43:17",85
"2019-09-17 04:43:14",85
"2019-09-17 05:43:15",85
"2019-09-17 06:43:13",85
"2019-09-17 07:43:15",85
"2019-09-17 08:43:13",85
"2019-09-17 09:43:18",85
"2019-09-17 10:43:17",85
"2019-09-17 11:43:15",85
"2019-09-17 12:43:15",85
"2019-09-17 13:43:17",85
"2019-09-17 14:43:16",85
"2019-09-17 15:43:15",85
"2019-09-17 16:43:17",85
"2019-09-17 17:43:14",86
"2019-09-17 18:43:15",87
"2019-09-17 19:43:14",87
"2019-09-17 20:43:15",86
"2019-09-17 21:43:15",86
"2019-09-17 22:43:17",86
"2019-09-17 23:43:15",86
"2019-09-18 00:43:15",86
"2019-09-18 01:43:14",86
"2019-09-18 02:43:13",86
"2019-09-18 03:43:14",86
"2019-09-18 04:43:22",86
"2019-09-18 05:43:15",86
"2019-09-18 06:43:16",86
"2019-09-18 07:43:14",86
"2019-09-18 08:43:16",86
"2019-09-18 09:43:16",86
"2019-09-18 10:43:14",86
"2019-09-18 11:43:14",86
"2019-09-18 13:38:23",86
"2019-09-18 13:45:39",86
"2019-09-18 14:43:15",86
"2019-09-18 15:43:17",87
"2019-09-18 16:43:19",87
"2019-09-18 17:43:14",87
"2019-09-18 18:43:13",87
"2019-09-18 19:43:17",87
"2019-09-18 20:43:14",86
"2019-09-18 21:43:14",86
"2019-09-18 22:43:16",86
"2019-09-18 23:43:18",86
"2019-09-19 00:43:12",86
"2019-09-19 01:43:15",86
"2019-09-19 02:43:18",86
"2019-09-19 03:43:16",86
"2019-09-19 04:43:13",86
"2019-09-19 05:43:16",86
"2019-09-19 06:43:17",86
"2019-09-19 07:43:12",86
"2019-09-19 08:43:15",86
"2019-09-19 09:43:14",86
"2019-09-19 10:43:15",86
"2019-09-19 11:43:12",86
"2019-09-19 13:06:51",86
"2019-09-19 13:43:19",86
"2019-09-19 14:43:15",86
"2019-09-19 15:43:17",86
"2019-09-19 16:43:21",86
"2019-09-19 17:43:17",86
"2019-09-19 18:43:17",86
"2019-09-19 19:43:13",87
"2019-09-19 20:43:18",87
"2019-09-19 21:43:14",87
"2019-09-19 22:43:18",87
"2019-09-19 23:43:14",87
"2019-09-20 00:43:18",87
"2019-09-20 01:43:22",87
"2019-09-20 02:43:13",87
"2019-09-20 03:43:17",87
"2019-09-20 04:43:16",87
"2019-09-20 05:43:18",87
"2019-09-20 06:43:15",87
"2019-09-20 07:43:15",87
"2019-09-20 08:43:18",87
"2019-09-20 09:43:14",87
"2019-09-20 10:43:14",87
"2019-09-20 11:43:17",87
"2019-09-20 12:43:18",87
"2019-09-20 13:43:12",87
"2019-09-20 14:43:16",87
"2019-09-20 15:43:17",87
"2019-09-20 16:43:16",87
"2019-09-20 17:43:19",86
"2019-09-20 18:43:14",88
"2019-09-20 19:43:17",87
"2019-09-20 20:43:12",86
"2019-09-20 21:43:14",86
"2019-09-20 22:43:17",86
"2019-09-20 23:43:12",86
"2019-09-21 00:43:12",86
"2019-09-21 01:43:13",86
"2019-09-21 02:43:15",86
"2019-09-21 03:43:17",86
"2019-09-21 04:43:11",86
"2019-09-21 05:43:16",86
"2019-09-21 06:43:16",86
"2019-09-21 07:43:12",86
"2019-09-21 08:43:12",86
"2019-09-21 09:43:15",86
"2019-09-21 10:43:12",86
"2019-09-21 11:43:14",86
"2019-09-21 12:43:16",86
"2019-09-21 13:43:16",86
"2019-09-21 14:43:13",86
"2019-09-21 15:43:12",86
"2019-09-21 16:43:16",86
"2019-09-21 17:43:14",86
"2019-09-21 18:43:13",86
"2019-09-21 19:43:13",86
"2019-09-21 20:43:12",86
"2019-09-21 21:43:13",86
"2019-09-21 22:43:13",86
"2019-09-21 23:43:15",86
"2019-09-22 00:43:12",86
"2019-09-22 01:43:13",86
"2019-09-22 02:43:14",86
"2019-09-22 03:43:13",86
"2019-09-22 04:43:15",86
"2019-09-22 05:43:13",86
"2019-09-22 06:43:16",86
"2019-09-22 07:43:16",86
"2019-09-22 08:43:13",86
"2019-09-22 09:43:15",86
"2019-09-22 10:43:13",86
"2019-09-22 11:43:12",86
"2019-09-22 12:43:14",86
"2019-09-22 13:43:13",86
"2019-09-22 14:43:16",86
"2019-09-22 15:43:12",86
"2019-09-22 16:43:16",86
"2019-09-22 17:43:13",86
"2019-09-22 18:43:13",86
"2019-09-22 19:43:16",86
"2019-09-22 20:43:12",86
"2019-09-22 21:43:13",86
"2019-09-22 22:43:12",86
"2019-09-22 23:43:13",86
"2019-09-23 00:43:15",86
"2019-09-23 01:43:12",86
"2019-09-23 02:43:12",86
"2019-09-23 03:43:15",86
"2019-09-23 04:43:13",86
"2019-09-23 05:43:12",86
"2019-09-23 06:43:15",86
"2019-09-23 07:43:13",86
"2019-09-23 08:43:15",86
"2019-09-23 09:43:14",86
"2019-09-23 10:43:14",86
"2019-09-23 11:43:17",86
"2019-09-23 12:43:15",86
"2019-09-23 13:43:13",86
"2019-09-23 14:43:16",87
"2019-09-23 15:43:12",86
"2019-09-23 16:43:16",85
"2019-09-23 17:43:13",85
"2019-09-23 18:43:17",86
"2019-09-23 19:43:13",86
"2019-09-23 20:43:14",85
"2019-09-23 21:43:14",85
"2019-09-23 22:43:15",85
"2019-09-23 23:43:12",85
"2019-09-24 00:43:15",85
"2019-09-24 01:43:13",85
"2019-09-24 03:43:16",85
"2019-09-24 04:43:14",85
"2019-09-24 05:43:19",85
"2019-09-24 06:43:13",85
"2019-09-24 07:43:14",85
"2019-09-24 08:43:15",85
"2019-09-24 09:43:12",85
"2019-09-24 10:43:14",85
"2019-09-24 11:43:16",85
"2019-09-24 12:43:16",85
"2019-09-24 13:43:13",85
"2019-09-24 14:43:15",84
"2019-09-24 15:43:17",84
"2019-09-24 16:43:15",84
"2019-09-24 17:43:15",83
"2019-09-24 18:43:16",83
"2019-09-24 19:43:13",83
"2019-09-24 20:43:14",82
"2019-09-24 21:43:17",82
"2019-09-24 22:43:13",82
"2019-09-24 23:43:12",82
"2019-09-25 00:43:15",82
"2019-09-25 01:43:18",82
"2019-09-25 02:43:11",82
"2019-09-25 03:43:18",82
"2019-09-25 04:43:16",82
"2019-09-25 05:43:12",82
"2019-09-25 06:43:15",82
"2019-09-25 07:43:18",82
"2019-09-25 08:43:15",82
"2019-09-25 09:43:16",82
"2019-09-25 10:43:16",82
"2019-09-25 11:43:14",82
"2019-09-25 12:43:17",82
"2019-09-25 13:43:18",82
"2019-09-25 14:43:17",82
"2019-09-25 15:43:18",82
"2019-09-25 16:43:15",82
"2019-09-25 17:43:15",82
"2019-09-25 18:43:15",81
"2019-09-25 19:43:18",81
"2019-09-25 20:43:13",82
"2019-09-25 21:43:15",82
"2019-09-25 22:43:13",82
"2019-09-25 23:43:17",82
"2019-09-26 00:43:14",82
"2019-09-26 01:43:14",82
"2019-09-26 02:43:17",82
"2019-09-26 03:43:15",82
"2019-09-26 04:43:19",82
"2019-09-26 05:43:16",82
"2019-09-26 06:43:15",82
"2019-09-26 07:43:13",82
"2019-09-26 08:43:16",82
"2019-09-26 09:43:15",82
"2019-09-26 10:43:13",82
"2019-09-26 11:43:13",82
"2019-09-26 13:06:20",82
"2019-09-26 13:43:21",82
"2019-09-26 14:43:16",83
"2019-09-26 15:43:17",83
"2019-09-26 16:43:18",83
"2019-09-26 17:43:18",83
"2019-09-26 18:43:20",83
"2019-09-26 19:43:16",83
"2019-09-26 20:43:14",83
"2019-09-26 21:43:18",83
"2019-09-26 22:43:17",83
"2019-09-26 23:43:16",83
"2019-09-27 00:43:16",83
"2019-09-27 01:43:12",83
"2019-09-27 02:43:23",83
"2019-09-27 03:43:16",83
"2019-09-27 04:43:14",83
"2019-09-27 05:43:16",83
"2019-09-27 06:43:16",83
"2019-09-27 07:43:19",83
"2019-09-27 08:43:14",83
"2019-09-27 09:43:14",83
"2019-09-27 10:43:17",83
"2019-09-27 11:43:14",83
"2019-09-27 13:07:20",83
"2019-09-27 13:43:19",83
"2019-09-27 14:43:17",85
"2019-09-27 15:43:16",86
"2019-09-27 16:43:17",86
"2019-09-27 17:43:16",86
"2019-09-27 18:43:12",87
"2019-09-27 19:43:16",86
"2019-09-27 20:43:11",86
"2019-09-27 21:43:13",85
"2019-09-27 22:43:18",85
"2019-09-27 23:43:15",85
"2019-09-28 00:43:14",85
"2019-09-28 01:43:17",85
"2019-09-28 02:43:15",85
"2019-09-28 03:43:16",85
"2019-09-28 04:43:15",85
"2019-09-28 05:43:18",85
"2019-09-28 06:43:12",85
"2019-09-28 07:43:17",85
"2019-09-28 08:43:14",85
"2019-09-28 09:43:15",85
"2019-09-28 10:43:12",85
"2019-09-28 11:43:15",85
"2019-09-28 12:43:16",85
"2019-09-28 13:43:18",85
"2019-09-28 14:43:13",85
"2019-09-28 15:43:12",85
"2019-09-28 16:43:17",85
"2019-09-28 17:43:16",85
"2019-09-28 18:43:12",85
"2019-09-28 19:43:13",85
"2019-09-28 20:43:16",85
"2019-09-28 21:43:13",85
"2019-09-28 22:43:15",85
"2019-09-28 23:43:12",85
"2019-09-29 00:43:13",85
"2019-09-29 01:43:16",85
"2019-09-29 02:43:16",85
"2019-09-29 03:43:16",85
"2019-09-29 04:43:14",85
"2019-09-29 05:43:16",85
"2019-09-29 06:43:12",85
"2019-09-29 07:43:15",85
"2019-09-29 08:43:13",85
"2019-09-29 09:43:15",85
"2019-09-29 10:43:12",85
"2019-09-29 11:43:14",85
"2019-09-29 12:43:13",85
"2019-09-29 13:43:13",85
"2019-09-29 14:43:15",85
"2019-09-29 15:43:12",85
"2019-09-29 16:43:15",85
"2019-09-29 17:43:19",85
"2019-09-29 18:43:13",85
"2019-09-29 19:43:18",85
"2019-09-29 20:43:16",85
"2019-09-29 21:43:13",85
"2019-09-29 22:43:14",85
"2019-09-29 23:43:17",85
"2019-09-30 00:43:11",85
"2019-09-30 01:43:15",85
"2019-09-30 02:43:13",85
"2019-09-30 03:43:16",85
"2019-09-30 04:43:14",85
"2019-09-30 05:43:15",85
"2019-09-30 06:43:13",85
"2019-09-30 07:43:17",85
"2019-09-30 08:43:14",85
"2019-09-30 09:43:15",85
"2019-09-30 10:43:12",85
"2019-09-30 11:43:13",85
"2019-09-30 12:43:17",85
"2019-09-30 13:43:14",85
"2019-09-30 14:43:18",85
"2019-09-30 15:43:16",87
"2019-09-30 16:43:22",87
"2019-09-30 17:43:16",87
"2019-09-30 18:43:19",85
"2019-09-30 19:43:14",85
"2019-09-30 20:43:13",87
"2019-09-30 21:43:15",87
"2019-09-30 22:43:13",87
"2019-09-30 23:43:16",87
"2019-10-01 00:43:15",87
"2019-10-01 01:43:13",87
"2019-10-01 02:43:15",87
"2019-10-01 03:43:16",87
"2019-10-01 04:43:12",87
"2019-10-01 05:43:13",87
"2019-10-01 06:43:14",87
"2019-10-01 07:43:17",87
"2019-10-01 08:43:13",87
"2019-10-01 09:43:19",87
"2019-10-01 10:43:14",87
"2019-10-01 11:43:13",87
"2019-10-01 13:06:19",87
"2019-10-01 13:43:17",87
"2019-10-01 14:43:14",87
"2019-10-01 15:43:15",90
"2019-10-01 16:43:18",90
"2019-10-01 17:43:13",90
"2019-10-01 18:43:16",90
"2019-10-01 19:43:16",90
"2019-10-01 20:43:13",90
"2019-10-01 21:43:14",90
"2019-10-01 22:43:15",90
"2019-10-01 23:43:14",90
"2019-10-02 00:43:27",90
"2019-10-02 01:43:14",90
"2019-10-02 02:43:13",90
"2019-10-02 03:43:15",90
"2019-10-02 04:43:18",90
"2019-10-02 05:43:17",90
"2019-10-02 06:43:13",90
"2019-10-02 07:43:13",90
"2019-10-02 08:43:13",90
"2019-10-02 09:43:16",90
"2019-10-02 10:43:12",90
"2019-10-02 11:43:12",90
"2019-10-02 13:06:49",90
"2019-10-02 13:43:15",90
"2019-10-02 14:43:14",90
"2019-10-02 15:43:16",90
"2019-10-02 16:43:12",88
"2019-10-02 17:43:13",88
"2019-10-02 18:43:14",87
"2019-10-02 19:43:14",86
"2019-10-02 20:43:14",87
"2019-10-02 21:43:14",87
"2019-10-02 22:43:16",87
"2019-10-02 23:43:12",87
"2019-10-03 00:43:12",87
"2019-10-03 01:43:13",87
"2019-10-03 02:43:13",87
"2019-10-03 03:43:14",87
"2019-10-03 04:43:14",87
"2019-10-03 06:43:13",87
"2019-10-03 07:43:15",87
"2019-10-03 08:43:14",87
"2019-10-03 09:43:14",87
"2019-10-03 10:43:17",87
"2019-10-03 11:43:13",87
"2019-10-03 13:06:45",87
"2019-10-03 13:44:00",87
"2019-10-03 14:43:16",87
"2019-10-03 15:43:12",86
"2019-10-03 16:43:13",86
"2019-10-03 17:43:14",85
"2019-10-03 18:43:15",85
"2019-10-03 19:43:14",85
"2019-10-03 20:43:13",85
"2019-10-03 21:43:13",85
"2019-10-03 22:43:14",85
"2019-10-03 23:43:16",85
"2019-10-04 00:43:13",85
"2019-10-04 01:43:13",85
"2019-10-04 02:43:12",85
"2019-10-04 03:43:13",85
"2019-10-04 04:43:13",85
"2019-10-04 05:43:18",85
"2019-10-04 06:43:16",85
"2019-10-04 07:43:13",85
"2019-10-04 08:43:14",85
"2019-10-04 09:43:13",85
"2019-10-04 10:43:15",85
"2019-10-04 11:43:13",85
"2019-10-04 12:43:14",85
"2019-10-04 13:43:16",85
"2019-10-04 14:43:12",85
"2019-10-04 15:43:14",85
"2019-10-04 16:43:16",85
"2019-10-04 17:43:13",86
"2019-10-04 18:43:14",85
"2019-10-04 19:43:14",85
"2019-10-04 20:43:14",84
"2019-10-04 21:43:15",84
"2019-10-04 22:43:12",84
"2019-10-04 23:43:12",84
"2019-10-05 00:43:16",84
"2019-10-05 01:43:13",84
"2019-10-05 02:43:13",84
"2019-10-05 03:43:12",84
"2019-10-05 04:43:12",84
"2019-10-05 05:43:17",84
"2019-10-05 06:43:12",84
"2019-10-05 07:43:13",84
"2019-10-05 08:43:15",84
"2019-10-05 09:43:13",84
"2019-10-05 10:43:13",84
"2019-10-05 11:43:13",84
"2019-10-05 12:43:14",84
"2019-10-05 13:43:15",84
"2019-10-05 14:43:13",84
"2019-10-05 15:43:12",84
"2019-10-05 16:43:14",84
"2019-10-05 17:43:17",84
"2019-10-05 18:43:14",84
"2019-10-05 19:43:13",84
"2019-10-05 20:43:15",84
"2019-10-05 21:43:13",84
"2019-10-05 22:43:13",84
"2019-10-05 23:43:14",84
"2019-10-06 00:43:13",84
"2019-10-06 01:43:14",84
"2019-10-06 02:43:19",84
"2019-10-06 03:43:15",84
"2019-10-06 04:43:13",84
"2019-10-06 05:43:13",84
"2019-10-06 06:43:17",84
"2019-10-06 07:43:14",84
"2019-10-06 08:43:16",84
"2019-10-06 09:43:14",84
"2019-10-06 10:43:13",84
"2019-10-06 11:43:14",84
"2019-10-06 12:43:15",84
"2019-10-06 13:43:12",84
"2019-10-06 14:43:14",84
"2019-10-06 15:43:12",84
"2019-10-06 16:43:13",84
"2019-10-06 17:43:13",84
"2019-10-06 18:43:16",84
"2019-10-06 19:43:16",84
"2019-10-06 20:43:12",84
"2019-10-06 21:43:12",84
"2019-10-06 22:43:12",84
"2019-10-06 23:43:12",84
"2019-10-07 00:43:13",84
"2019-10-07 01:43:14",84
"2019-10-07 02:43:15",84
"2019-10-07 03:43:13",84
"2019-10-07 04:43:13",84
"2019-10-07 05:43:13",84
"2019-10-07 06:43:14",84
"2019-10-07 07:43:13",84
"2019-10-07 08:43:13",84
"2019-10-07 09:43:19",84
"2019-10-07 10:43:14",84
"2019-10-07 11:43:13",84
"2019-10-07 12:43:21",84
"2019-10-07 13:43:15",84
"2019-10-07 14:43:13",83
"2019-10-07 15:43:14",84
"2019-10-07 16:43:15",84
"2019-10-07 17:43:13",84
"2019-10-07 18:43:14",84
"2019-10-07 19:43:15",84
"2019-10-07 20:43:13",84
"2019-10-07 21:43:12",84
"2019-10-07 22:43:12",84
"2019-10-07 23:43:16",84
"2019-10-08 00:43:13",84
"2019-10-08 01:43:13",84
"2019-10-08 02:43:12",84
"2019-10-08 03:43:16",84
"2019-10-08 04:43:13",84
"2019-10-08 05:43:13",84
"2019-10-08 06:43:14",84
"2019-10-08 07:43:13",84
"2019-10-08 08:43:13",84
"2019-10-08 09:43:14",84
"2019-10-08 10:43:15",84
"2019-10-08 11:43:12",84
"2019-10-08 12:43:13",84
"2019-10-08 13:43:15",84
"2019-10-08 14:43:12",85
"2019-10-08 15:43:13",86
"2019-10-08 16:43:17",86
"2019-10-08 17:43:16",86
"2019-10-08 18:43:15",86
"2019-10-08 19:43:15",85
"2019-10-08 20:43:13",85
"2019-10-08 21:43:13",85
"2019-10-08 22:43:14",85
"2019-10-08 23:43:14",85
"2019-10-09 00:43:13",85
"2019-10-09 01:43:14",85
"2019-10-09 02:43:14",85
"2019-10-09 03:43:12",85
"2019-10-09 04:43:16",85
"2019-10-09 05:43:13",85
"2019-10-09 06:43:14",85
"2019-10-09 07:43:18",85
"2019-10-09 08:43:14",85
"2019-10-09 09:43:12",85
"2019-10-09 10:43:14",85
"2019-10-09 11:43:12",85
"2019-10-09 12:43:18",85
"2019-10-09 13:43:14",85
"2019-10-09 14:43:14",85
"2019-10-09 15:43:19",85
"2019-10-09 16:43:15",84
"2019-10-09 17:43:21",85
"2019-10-09 18:43:17",85
"2019-10-09 19:43:18",86
"2019-10-09 20:43:14",86
"2019-10-09 21:43:12",86
"2019-10-09 22:43:14",86
"2019-10-09 23:43:14",86
"2019-10-10 00:43:16",86
"2019-10-10 01:43:13",86
"2019-10-10 02:43:16",86
"2019-10-10 03:43:13",86
"2019-10-10 04:43:13",86
"2019-10-10 05:43:18",86
"2019-10-10 06:43:14",86
"2019-10-10 07:43:16",86
"2019-10-10 08:43:14",86
"2019-10-10 09:43:13",86
"2019-10-10 10:43:13",86
"2019-10-10 11:43:15",86
"2019-10-10 13:06:21",86
"2019-10-10 13:43:16",86
"2019-10-10 14:43:14",86
"2019-10-10 15:43:15",86
"2019-10-10 16:43:14",86
"2019-10-10 17:43:14",86
"2019-10-10 18:43:13",87
"2019-10-10 19:43:15",87
"2019-10-10 20:43:14",87
"2019-10-10 21:43:15",87
"2019-10-10 22:43:14",87
"2019-10-10 23:43:26",87
"2019-10-11 00:43:15",87
"2019-10-11 01:43:15",87
"2019-10-11 02:43:15",87
"2019-10-11 03:43:19",87
"2019-10-11 04:43:14",87
"2019-10-11 05:43:14",87
"2019-10-11 06:43:17",87
"2019-10-11 07:43:15",87
"2019-10-11 08:43:14",87
"2019-10-11 09:43:18",87
"2019-10-11 10:43:14",87
"2019-10-11 11:43:14",87
"2019-10-11 13:06:51",87
"2019-10-11 13:43:18",87
"2019-10-11 14:43:15",86
"2019-10-11 15:43:23",86
"2019-10-11 16:43:17",86
"2019-10-11 17:43:16",86
"2019-10-11 18:43:17",86
"2019-10-11 19:43:16",86
"2019-10-11 20:43:15",86
"2019-10-11 21:43:15",86
"2019-10-11 22:43:15",86
"2019-10-11 23:43:15",86
"2019-10-12 00:43:18",86
"2019-10-12 01:43:14",86
"2019-10-12 02:43:16",86
"2019-10-12 03:43:18",86
"2019-10-12 04:43:14",86
"2019-10-12 05:43:18",86
"2019-10-12 06:43:20",86
"2019-10-12 07:43:14",86
"2019-10-12 08:43:15",86
"2019-10-12 09:43:18",86
"2019-10-12 10:43:14",86
"2019-10-12 11:43:14",86
"2019-10-12 12:43:19",86
"2019-10-12 13:43:15",86
"2019-10-12 14:43:16",86
"2019-10-12 15:43:15",86
"2019-10-12 16:43:18",86
"2019-10-12 17:43:18",86
"2019-10-12 18:43:15",86
"2019-10-12 19:43:16",86
"2019-10-12 20:43:16",86
"2019-10-12 21:43:14",86
"2019-10-12 22:43:16",86
"2019-10-12 23:43:15",86
"2019-10-13 00:43:18",86
"2019-10-13 01:43:15",86
"2019-10-13 02:43:15",86
"2019-10-13 03:43:18",86
"2019-10-13 04:43:14",86
"2019-10-13 05:43:15",86
"2019-10-13 06:43:16",86
"2019-10-13 07:43:15",86
"2019-10-13 08:43:18",86
"2019-10-13 09:43:18",86
"2019-10-13 10:43:13",86
"2019-10-13 11:43:19",86
"2019-10-13 12:43:14",86
"2019-10-13 13:43:18",86
"2019-10-13 14:43:17",86
"2019-10-13 15:43:15",86
"2019-10-13 16:43:21",86
"2019-10-13 17:43:15",86
"2019-10-13 18:43:17",86
"2019-10-13 19:43:17",86
"2019-10-13 20:43:19",86
"2019-10-13 21:43:18",86
"2019-10-13 22:43:17",86
"2019-10-13 23:43:21",86
"2019-10-14 00:43:16",86
"2019-10-14 01:43:17",86
"2019-10-14 02:43:16",86
"2019-10-14 03:43:17",86
"2019-10-14 04:43:17",86
"2019-10-14 05:43:15",86
"2019-10-14 06:43:18",86
"2019-10-14 07:43:15",86
"2019-10-14 08:43:15",86
"2019-10-14 09:43:19",86
"2019-10-14 10:43:16",86
"2019-10-14 11:43:17",86
"2019-10-14 12:43:17",86
"2019-10-14 13:43:16",86
"2019-10-14 14:43:15",87
"2019-10-14 15:43:16",85
"2019-10-14 16:43:19",85
"2019-10-14 17:43:14",85
"2019-10-14 18:43:18",85
"2019-10-14 19:43:14",85
"2019-10-14 20:43:16",84
"2019-10-14 21:43:16",84
"2019-10-14 22:43:17",84
"2019-10-14 23:43:22",84
"2019-10-15 00:43:14",84
"2019-10-15 02:43:19",84
"2019-10-15 03:43:14",84
"2019-10-15 04:43:14",84
"2019-10-15 05:43:17",84
"2019-10-15 06:43:16",84
"2019-10-15 07:43:20",84
"2019-10-15 08:43:16",84
"2019-10-15 09:43:15",84
"2019-10-15 10:43:15",84
"2019-10-15 11:43:18",84
"2019-10-15 12:43:16",84
"2019-10-15 13:43:20",84
"2019-10-15 14:43:15",84
"2019-10-15 15:43:15",84
"2019-10-15 16:43:17",83
"2019-10-15 17:43:18",83
"2019-10-15 18:43:20",83
"2019-10-15 19:43:19",83
"2019-10-15 20:43:23",83
"2019-10-15 21:43:16",83
"2019-10-15 22:43:14",83
"2019-10-15 23:43:15",83
"2019-10-16 00:43:16",83
"2019-10-16 01:43:15",83
"2019-10-16 02:43:16",83
"2019-10-16 03:43:20",83
"2019-10-16 04:43:16",83
"2019-10-16 05:43:16",83
"2019-10-16 06:43:16",83
"2019-10-16 07:43:21",83
"2019-10-16 08:43:23",83
"2019-10-16 09:43:16",83
"2019-10-16 10:43:18",83
"2019-10-16 11:43:15",83
"2019-10-16 12:43:16",83
"2019-10-16 13:43:20",83
"2019-10-16 14:43:16",83
"2019-10-16 15:43:22",83
"2019-10-16 16:43:16",83
"2019-10-16 17:43:15",83
"2019-10-16 18:43:17",83
"2019-10-16 19:43:15",83
"2019-10-16 20:43:16",83
"2019-10-16 21:43:17",83
"2019-10-16 22:43:14",83
"2019-10-16 23:43:16",83
"2019-10-17 00:43:15",83
"2019-10-17 01:43:17",83
"2019-10-17 02:43:16",83
"2019-10-17 04:43:17",83
"2019-10-17 05:43:15",83
"2019-10-17 06:43:15",83
"2019-10-17 07:43:18",83
"2019-10-17 08:43:16",83
"2019-10-17 09:43:15",83
"2019-10-17 10:43:14",83
"2019-10-17 11:43:18",83
"2019-10-17 12:43:16",83
"2019-10-17 13:43:17",83
"2019-10-17 14:43:19",83
"2019-10-17 15:43:15",83
"2019-10-17 16:43:14",82
"2019-10-17 17:43:17",83
"2019-10-17 18:43:16",83
"2019-10-17 19:43:19",83
"2019-10-17 20:43:16",83
"2019-10-17 21:43:15",83
"2019-10-17 22:43:16",83
"2019-10-17 23:43:16",83
"2019-10-18 00:43:15",83
"2019-10-18 01:43:16",83
"2019-10-18 02:43:15",83
"2019-10-18 03:43:19",83
"2019-10-18 04:43:15",83
"2019-10-18 05:43:16",83
"2019-10-18 06:43:20",83
"2019-10-18 07:43:16",83
"2019-10-18 08:43:17",83
"2019-10-18 09:43:17",83
"2019-10-18 10:43:19",83
"2019-10-18 11:43:16",83
"2019-10-18 13:05:51",83
"2019-10-18 13:43:14",83
"2019-10-18 14:43:15",82
"2019-10-18 15:43:19",82
"2019-10-18 16:43:14",82
"2019-10-18 17:43:17",81
"2019-10-18 18:43:15",81
"2019-10-18 19:43:16",81
"2019-10-18 20:43:18",81
"2019-10-18 21:43:15",81
"2019-10-18 22:43:15",81
"2019-10-18 23:43:16",81
"2019-10-19 00:43:15",81
"2019-10-19 01:43:18",81
"2019-10-19 02:43:15",81
"2019-10-19 03:43:14",81
"2019-10-19 04:43:17",81
"2019-10-19 05:43:14",81
"2019-10-19 06:43:18",81
"2019-10-19 07:43:16",81
"2019-10-19 08:43:16",81
"2019-10-19 09:43:16",81
"2019-10-19 10:43:18",81
"2019-10-19 11:43:14",81
"2019-10-19 12:43:19",81
"2019-10-19 13:43:14",81
"2019-10-19 14:43:16",81
"2019-10-19 15:43:16",81
"2019-10-19 16:43:19",81
"2019-10-19 17:43:15",81
"2019-10-19 18:43:14",81
"2019-10-19 19:43:18",81
"2019-10-19 20:43:16",81
"2019-10-19 21:43:14",81
"2019-10-19 22:43:15",81
"2019-10-19 23:43:15",81
"2019-10-20 00:43:15",81
"2019-10-20 01:43:14",81
"2019-10-20 02:43:18",81
"2019-10-20 03:43:15",81
"2019-10-20 04:43:16",81
"2019-10-20 05:43:18",81
"2019-10-20 06:43:17",81
"2019-10-20 07:43:18",81
"2019-10-20 08:43:16",81
"2019-10-20 09:43:15",81
"2019-10-20 10:43:18",81
"2019-10-20 11:43:15",81
"2019-10-20 12:43:18",81
"2019-10-20 13:43:15",81
"2019-10-20 14:43:14",81
"2019-10-20 16:43:18",81
"2019-10-20 17:43:14",81
"2019-10-20 18:43:15",81
"2019-10-20 19:43:14",81
"2019-10-20 20:43:14",81
"2019-10-20 21:43:14",81
"2019-10-20 22:43:15",81
"2019-10-20 23:43:15",81
"2019-10-21 00:43:16",81
"2019-10-21 01:43:18",81
"2019-10-21 02:43:15",81
"2019-10-21 03:43:15",81
"2019-10-21 04:43:14",81
"2019-10-21 05:43:19",82
"2019-10-21 06:43:15",82
"2019-10-21 07:43:16",82
"2019-10-21 08:43:17",82
"2019-10-21 09:43:16",82
"2019-10-21 10:43:15",82
"2019-10-21 11:43:18",82
"2019-10-21 13:06:48",82
"2019-10-21 13:43:20",82
"2019-10-21 14:43:16",84
"2019-10-21 15:43:17",83
"2019-10-21 16:43:17",82
"2019-10-21 17:43:15",82
"2019-10-21 18:43:16",81
"2019-10-21 19:43:16",81
"2019-10-21 20:43:15",81
"2019-10-21 22:43:19",81
"2019-10-21 23:43:15",81
"2019-10-22 00:43:15",81
"2019-10-22 01:43:16",81
"2019-10-22 02:43:18",81
"2019-10-22 03:43:20",81
"2019-10-22 04:43:18",81
"2019-10-22 05:43:16",81
"2019-10-22 06:43:15",81
"2019-10-22 07:43:20",81
"2019-10-22 08:43:16",81
"2019-10-22 09:43:18",81
"2019-10-22 10:43:15",81
"2019-10-22 11:43:14",81
"2019-10-22 12:43:23",81
"2019-10-22 13:43:16",81
"2019-10-22 14:43:15",81
"2019-10-22 15:43:21",81
"2019-10-22 16:43:17",80
"2019-10-22 17:43:20",80
"2019-10-22 18:43:18",80
"2019-10-22 19:43:15",80
"2019-10-22 20:43:17",80
"2019-10-22 21:43:17",80
"2019-10-22 22:43:18",80
"2019-10-22 23:43:17",80
"2019-10-23 00:43:22",80
"2019-10-23 01:43:18",80
"2019-10-23 02:43:16",80
"2019-10-23 03:43:15",80
"2019-10-23 04:43:20",80
"2019-10-23 05:43:17",80
"2019-10-23 06:43:24",80
"2019-10-23 07:43:18",80
"2019-10-23 08:43:16",80
"2019-10-23 09:43:19",80
"2019-10-23 10:43:18",80
"2019-10-23 11:43:15",80
"2019-10-23 12:43:21",80
"2019-10-23 13:43:21",80
"2019-10-23 14:43:16",80
"2019-10-23 15:43:15",80
"2019-10-23 16:43:18",80
"2019-10-23 17:43:16",81
"2019-10-23 18:43:15",81
"2019-10-23 19:43:16",81
"2019-10-23 20:43:18",82
"2019-10-23 21:43:15",82
"2019-10-23 22:43:16",82
"2019-10-23 23:43:16",82
"2019-10-24 00:51:13",82
"2019-10-24 01:43:17",82
"2019-10-24 02:43:17",82
"2019-10-24 03:43:20",82
"2019-10-24 04:43:16",82
"2019-10-24 05:43:19",82
"2019-10-24 06:43:23",82
"2019-10-24 07:43:16",82
"2019-10-24 08:43:16",82
"2019-10-24 09:43:20",82
"2019-10-24 10:43:15",82
"2019-10-24 11:43:15",82
"2019-10-24 13:06:51",82
"2019-10-24 13:43:16",82
"2019-10-24 14:43:15",82
"2019-10-24 15:43:19",82
"2019-10-24 16:43:16",83
"2019-10-24 17:43:17",84
"2019-10-24 18:43:16",84
"2019-10-24 19:43:19",84
"2019-10-24 20:43:15",84
"2019-10-24 21:43:16",84
"2019-10-24 22:43:16",84
"2019-10-24 23:43:17",84
"2019-10-25 00:43:16",84
"2019-10-25 01:43:17",84
"2019-10-25 02:43:20",84
"2019-10-25 03:43:16",84
"2019-10-25 04:43:14",84
"2019-10-25 05:43:18",84
"2019-10-25 06:43:17",84
"2019-10-25 07:43:18",84
"2019-10-25 08:43:19",84
"2019-10-25 09:43:15",84
"2019-10-25 10:43:15",84
"2019-10-25 11:43:22",84
"2019-10-25 13:06:49",84
"2019-10-25 13:43:19",84
"2019-10-25 14:43:21",84
"2019-10-25 15:43:16",84
"2019-10-25 16:43:21",84
"2019-10-25 17:43:16",84
"2019-10-25 18:43:16",84
"2019-10-25 19:43:15",85
"2019-10-25 20:43:15",85
"2019-10-25 21:43:15",85
"2019-10-25 22:43:16",85
"2019-10-25 23:43:16",85
"2019-10-26 00:43:17",85
"2019-10-26 01:43:19",85
"2019-10-26 02:43:17",85
"2019-10-26 03:43:17",85
"2019-10-26 04:43:20",85
"2019-10-26 05:43:16",85
"2019-10-26 06:43:14",85
"2019-10-26 07:43:20",85
"2019-10-26 08:43:15",85
"2019-10-26 09:43:15",85
"2019-10-26 10:43:15",85
"2019-10-26 11:43:18",85
"2019-10-26 12:43:15",85
"2019-10-26 13:43:18",85
"2019-10-26 14:43:18",85
"2019-10-26 15:43:19",85
"2019-10-26 16:43:17",85
"2019-10-26 17:43:18",85
"2019-10-26 18:43:19",85
"2019-10-26 19:43:18",85
"2019-10-26 20:43:17",85
"2019-10-26 21:43:18",85
"2019-10-26 22:43:17",85
"2019-10-26 23:43:17",85
"2019-10-27 00:43:18",85
"2019-10-27 01:43:16",85
"2019-10-27 02:43:18",85
"2019-10-27 03:43:18",85
"2019-10-27 04:43:15",85
"2019-10-27 05:43:20",85
"2019-10-27 06:43:17",85
"2019-10-27 07:43:15",85
"2019-10-27 08:43:16",85
"2019-10-27 09:43:15",85
"2019-10-27 10:43:14",85
"2019-10-27 11:43:15",85
"2019-10-27 12:43:18",85
"2019-10-27 13:43:16",85
"2019-10-27 14:43:15",85
"2019-10-27 15:43:22",85
"2019-10-27 16:43:15",85
"2019-10-27 17:43:16",85
"2019-10-27 18:43:18",85
"2019-10-27 19:43:18",85
"2019-10-27 20:43:20",85
"2019-10-27 21:43:15",85
"2019-10-27 22:43:15",85
"2019-10-27 23:43:15",85
"2019-10-28 00:43:15",85
"2019-10-28 01:43:17",85
"2019-10-28 02:43:15",85
"2019-10-28 03:43:19",85
"2019-10-28 04:43:15",85
"2019-10-28 05:43:15",85
"2019-10-28 06:43:17",85
"2019-10-28 07:43:17",85
"2019-10-28 08:43:16",85
"2019-10-28 09:43:15",85
"2019-10-28 10:43:19",85
"2019-10-28 11:43:13",85
"2019-10-28 12:43:20",85
"2019-10-28 14:43:19",86
"2019-10-28 15:43:25",86
"2019-10-28 16:43:24",86
"2019-10-28 17:43:20",86
"2019-10-28 18:43:20",86
"2019-10-28 19:43:20",86
"2019-10-28 23:43:18",87
"2019-10-29 00:43:17",87
"2019-10-29 01:43:21",87
"2019-10-29 02:43:19",87
"2019-10-29 03:43:21",87
"2019-10-29 04:43:17",87
"2019-10-29 05:43:20",87
"2019-10-29 06:43:20",87
"2019-10-29 07:43:18",87
"2019-10-29 08:43:18",87
"2019-10-29 09:43:16",87
"2019-10-29 10:43:20",87
"2019-10-29 11:43:17",87
"2019-10-29 12:43:17",87
"2019-10-29 13:43:24",87
"2019-10-29 14:43:18",87
"2019-10-29 15:43:19",86
"2019-10-29 16:43:21",86
"2019-10-29 17:43:16",87
"2019-10-29 18:43:19",89
"2019-10-29 19:43:20",90
"2019-10-29 20:43:17",89
"2019-10-29 21:43:20",89
"2019-10-29 22:43:18",89
"2019-10-29 23:43:18",89
"2019-10-30 00:43:23",89
"2019-10-30 01:43:18",89
"2019-10-30 02:43:17",89
"2019-10-30 03:43:18",89
"2019-10-30 04:43:21",89
"2019-10-30 05:43:22",89
"2019-10-30 06:43:18",89
"2019-10-30 07:43:26",89
"2019-10-30 08:43:18",89
"2019-10-30 09:43:19",89
"2019-10-30 10:43:20",89
"2019-10-30 11:43:16",89
"2019-10-30 13:43:19",89
"2019-10-30 14:43:16",89
"2019-10-30 15:43:16",88
"2019-10-30 16:43:18",88
"2019-10-30 17:43:18",88
"2019-10-30 18:43:17",88
"2019-10-30 19:43:16",88
"2019-10-30 20:43:18",88
"2019-10-30 21:43:17",88
"2019-10-30 22:43:16",88
"2019-10-30 23:43:17",88
"2019-10-31 00:43:16",88
"2019-10-31 01:43:18",88
"2019-10-31 02:43:16",88
"2019-10-31 03:43:19",88
"2019-10-31 04:43:17",88
"2019-10-31 05:43:17",88
"2019-10-31 06:43:20",88
"2019-10-31 07:43:18",88
"2019-10-31 08:43:18",88
"2019-10-31 09:43:20",88
"2019-10-31 10:43:17",88
"2019-10-31 11:43:18",88
"2019-10-31 13:08:22",88
"2019-10-31 13:43:19",88
"2019-10-31 14:43:18",88
"2019-10-31 15:43:20",90
"2019-10-31 16:43:19",90
"2019-10-31 17:43:18",90
"2019-10-31 18:43:17",90
"2019-10-31 19:43:17",90
"2019-10-31 20:43:19",90
"2019-10-31 22:06:21",89
"2019-10-31 22:43:22",89
"2019-10-31 23:43:17",89
"2019-11-01 00:43:17",89
"2019-11-01 01:43:17",89
"2019-11-01 02:43:17",89
"2019-11-01 03:43:20",89
"2019-11-01 04:43:17",89
"2019-11-01 05:43:21",89
"2019-11-01 06:43:16",89
"2019-11-01 07:43:22",89
"2019-11-01 08:43:18",89
"2019-11-01 09:43:20",89
"2019-11-01 10:43:19",89
"2019-11-01 11:43:22",89
"2019-11-01 13:39:27",89
"2019-11-01 13:48:44",89
"2019-11-01 14:43:17",89
"2019-11-01 15:43:16",88
"2019-11-01 16:43:21",88
"2019-11-01 17:43:19",88
"2019-11-01 18:43:22",88
"2019-11-01 19:43:17",88
"2019-11-01 20:43:17",89
"2019-11-01 21:43:16",89
"2019-11-01 22:43:16",89
"2019-11-01 23:43:16",89
"2019-11-02 00:43:19",89
"2019-11-02 01:43:17",89
"2019-11-02 02:43:17",89
"2019-11-02 03:43:21",89
"2019-11-02 04:43:17",89
"2019-11-02 05:43:17",89
"2019-11-02 06:43:19",89
"2019-11-02 07:43:16",89
"2019-11-02 08:43:17",89
"2019-11-02 09:43:15",89
"2019-11-02 10:43:20",89
"2019-11-02 11:43:16",89
"2019-11-02 12:43:21",89
"2019-11-02 13:43:18",89
"2019-11-02 14:43:18",89
"2019-11-02 15:43:20",89
"2019-11-02 16:43:16",89
"2019-11-02 17:43:17",89
"2019-11-02 18:43:17",89
"2019-11-02 19:43:16",89
"2019-11-02 20:43:17",89
"2019-11-02 23:43:18",89
"2019-11-03 00:43:16",89
"2019-11-03 01:43:17",89
"2019-11-03 03:43:18",89
"2019-11-03 05:43:19",89
"2019-11-03 06:43:16",89
"2019-11-03 07:43:18",89
"2019-11-03 21:43:19",89
"2019-11-03 22:43:16",89
"2019-11-03 23:43:20",89
"2019-11-04 00:43:16",89
"2019-11-04 01:43:17",89
"2019-11-04 02:43:16",89
"2019-11-04 03:43:16",89
"2019-11-04 04:43:16",89
"2019-11-04 05:43:20",89
"2019-11-04 06:43:17",89
"2019-11-04 07:43:15",89
"2019-11-04 08:43:16",89
"2019-11-04 09:43:18",89
"2019-11-04 10:43:16",89
"2019-11-04 11:43:16",89
"2019-11-04 12:43:16",89
"2019-11-04 14:08:51",89
"2019-11-04 15:43:17",89
"2019-11-04 16:43:18",89
"2019-11-04 17:43:18",88
"2019-11-04 18:43:18",88
"2019-11-04 19:43:20",88
"2019-11-04 20:43:18",88
"2019-11-04 21:43:18",88
"2019-11-04 22:43:18",88
"2019-11-04 23:43:18",88
"2019-11-05 00:43:18",88
"2019-11-05 01:43:18",88
"2019-11-05 02:43:21",88
"2019-11-05 03:43:19",88
"2019-11-05 04:43:17",88
"2019-11-05 05:43:20",88
"2019-11-05 06:43:19",88
"2019-11-05 07:43:18",88
"2019-11-05 08:43:19",88
"2019-11-05 09:43:20",88
"2019-11-05 10:43:18",88
"2019-11-05 11:43:18",88
"2019-11-05 12:43:18",88
"2019-11-05 14:08:51",88
"2019-11-05 14:43:22",88
"2019-11-05 15:43:18",88
"2019-11-05 16:43:19",88
"2019-11-05 17:43:18",88
"2019-11-05 18:43:17",88
"2019-11-05 19:43:19",88
"2019-11-05 20:43:20",88
"2019-11-05 21:43:18",88
"2019-11-05 22:43:18",88
"2019-11-05 23:43:18",88
"2019-11-06 00:43:18",88
"2019-11-06 01:43:19",88
"2019-11-06 02:43:19",88
"2019-11-06 03:43:19",88
"2019-11-06 04:43:22",88
"2019-11-06 05:43:18",88
"2019-11-06 06:43:22",88
"2019-11-06 07:43:17",88
"2019-11-06 08:43:18",88
"2019-11-06 09:43:20",88
"2019-11-06 10:43:20",88
"2019-11-06 11:43:17",88
"2019-11-06 12:43:17",88
"2019-11-06 13:43:18",88
"2019-11-06 14:43:22",88
"2019-11-06 15:43:19",87
"2019-11-06 16:43:20",87
"2019-11-06 17:43:20",87
"2019-11-06 18:43:20",86
"2019-11-06 19:43:19",86
"2019-11-06 20:43:21",87
"2019-11-06 21:43:20",87
"2019-11-06 22:43:19",87
"2019-11-06 23:43:19",87
"2019-11-07 00:43:19",87
"2019-11-07 01:43:18",87
"2019-11-07 02:43:20",87
"2019-11-07 03:43:19",87
"2019-11-07 04:43:21",87
"2019-11-07 05:43:20",87
"2019-11-07 06:43:18",87
"2019-11-07 07:43:20",87
"2019-11-07 08:43:19",87
"2019-11-07 09:43:20",87
"2019-11-07 10:43:17",87
"2019-11-07 11:43:18",87
"2019-11-07 12:43:18",87
"2019-11-07 14:07:20",87
"2019-11-07 14:43:51",87
"2019-11-07 15:43:21",87
"2019-11-07 16:43:21",86
"2019-11-07 17:43:21",86
"2019-11-07 18:43:20",85
"2019-11-07 19:43:21",85
"2019-11-07 21:07:54",85
"2019-11-07 21:43:23",85
"2019-11-07 22:43:25",85
"2019-11-07 23:43:25",85
"2019-11-08 00:43:27",85
"2019-11-08 01:43:24",85
"2019-11-08 02:43:28",85
"2019-11-08 03:43:25",85
"2019-11-08 04:43:24",85
"2019-11-08 05:43:26",85
"2019-11-08 06:43:22",85
"2019-11-08 07:43:23",85
"2019-11-08 08:43:26",85
"2019-11-08 09:43:24",85
"2019-11-08 10:43:23",85
"2019-11-08 11:43:21",85
"2019-11-08 12:43:22",85
"2019-11-08 14:08:58",85
"2019-11-08 14:43:59",85
"2019-11-08 15:43:24",83
"2019-11-08 16:43:24",83
"2019-11-08 17:43:25",85
"2019-11-08 18:43:25",85
"2019-11-08 19:43:27",85
"2019-11-08 20:43:23",85
"2019-11-08 21:43:25",85
"2019-11-08 22:43:25",85
"2019-11-08 23:43:25",85
"2019-11-09 00:43:26",85
"2019-11-09 01:43:25",85
"2019-11-09 02:43:25",85
"2019-11-09 03:43:24",85
"2019-11-09 04:43:26",85
"2019-11-09 05:43:23",85
"2019-11-09 06:43:25",85
"2019-11-09 07:43:25",85
"2019-11-09 08:43:26",85
"2019-11-09 09:43:24",85
"2019-11-09 10:43:23",85
"2019-11-09 11:43:27",85
"2019-11-09 12:43:24",85
"2019-11-09 13:43:23",85
"2019-11-09 14:43:26",85
"2019-11-09 15:43:27",85
"2019-11-09 16:43:25",85
"2019-11-09 17:43:25",85
"2019-11-09 18:43:23",85
"2019-11-09 19:43:25",85
"2019-11-09 20:43:27",85
"2019-11-09 21:43:24",85
"2019-11-09 22:43:27",85
"2019-11-09 23:43:24",85
"2019-11-10 00:43:23",85
"2019-11-10 01:43:25",85
"2019-11-10 02:43:26",85
"2019-11-10 03:43:23",85
"2019-11-10 04:43:24",85
"2019-11-10 05:43:24",85
"2019-11-10 06:43:23",85
"2019-11-10 07:43:22",85
"2019-11-10 08:43:26",85
"2019-11-10 09:43:26",85
"2019-11-10 10:43:23",85
"2019-11-10 11:43:23",85
"2019-11-10 12:43:24",85
"2019-11-10 13:43:23",85
"2019-11-10 14:43:22",85
"2019-11-10 15:43:26",85
"2019-11-10 16:43:24",85
"2019-11-10 17:43:24",85
"2019-11-10 18:43:26",85
"2019-11-10 19:43:23",85
"2019-11-10 20:43:23",85
"2019-11-10 21:43:22",85
"2019-11-10 22:43:25",85
"2019-11-10 23:43:26",85
"2019-11-11 00:43:24",85
"2019-11-11 01:43:26",85
"2019-11-11 02:43:25",85
"2019-11-11 03:43:25",85
"2019-11-11 04:43:24",85
"2019-11-11 05:43:26",85
"2019-11-11 06:43:24",85
"2019-11-11 07:43:25",85
"2019-11-11 08:43:28",85
"2019-11-11 09:43:26",85
"2019-11-11 10:43:26",85
"2019-11-11 11:43:24",85
"2019-11-11 12:43:26",85
"2019-11-11 13:43:26",85
"2019-11-11 14:43:28",85
"2019-11-11 15:43:29",85
"2019-11-11 16:43:26",85
"2019-11-11 17:43:27",84
"2019-11-11 18:43:28",82
"2019-11-11 19:43:26",82
"2019-11-11 21:43:25",82
"2019-11-11 22:43:24",82
"2019-11-11 23:43:24",82
"2019-11-12 00:43:22",82
"2019-11-12 01:43:23",82
"2019-11-12 02:43:28",82
"2019-11-12 03:43:25",82
"2019-11-12 04:43:23",82
"2019-11-12 05:43:26",82
"2019-11-12 06:43:23",82
"2019-11-12 07:43:26",82
"2019-11-12 08:43:23",82
"2019-11-12 09:43:23",82
"2019-11-12 10:43:22",82
"2019-11-12 11:43:26",82
"2019-11-12 12:43:28",82
"2019-11-12 14:07:27",82
"2019-11-12 14:43:27",82
"2019-11-12 15:43:23",82
"2019-11-12 16:43:25",81
"2019-11-12 17:43:25",81
"2019-11-12 18:43:28",81
"2019-11-12 19:43:23",81
"2019-11-12 20:43:23",81
"2019-11-12 21:43:24",81
"2019-11-12 22:43:27",81
"2019-11-12 23:43:24",81
"2019-11-13 00:43:28",81
"2019-11-13 01:43:24",81
"2019-11-13 02:43:25",81
"2019-11-13 03:43:27",81
"2019-11-13 04:43:24",81
"2019-11-13 05:43:31",81
"2019-11-13 06:43:24",81
"2019-11-13 07:43:30",81
"2019-11-13 08:43:27",81
"2019-11-13 09:43:25",81
"2019-11-13 10:43:24",81
"2019-11-13 11:43:29",81
"2019-11-13 12:43:23",81
"2019-11-13 13:43:24",81
"2019-11-13 15:43:29",81
"2019-11-13 16:43:24",81
"2019-11-13 17:43:26",81
"2019-11-13 18:43:28",81
"2019-11-13 19:43:24",81
"2019-11-13 20:43:24",81
"2019-11-13 21:43:23",81
"2019-11-13 22:43:25",81
"2019-11-13 23:43:25",81
"2019-11-14 00:43:25",81
"2019-11-14 01:43:23",81
"2019-11-14 02:43:29",81
"2019-11-14 03:43:23",81
"2019-11-14 04:43:24",81
"2019-11-14 05:43:28",81
"2019-11-14 06:43:23",81
"2019-11-14 07:43:29",81
"2019-11-14 08:43:26",81
"2019-11-14 09:43:28",81
"2019-11-14 10:43:25",81
"2019-11-14 11:43:28",81
"2019-11-14 12:43:23",81
"2019-11-14 14:07:02",81
"2019-11-14 14:43:26",81
"2019-11-14 15:43:25",81
"2019-11-14 17:43:25",81
"2019-11-14 18:43:23",81
"2019-11-14 19:43:24",81
"2019-11-14 20:43:25",81
"2019-11-14 21:43:29",81
"2019-11-14 22:43:23",81
"2019-11-14 23:43:25",81
"2019-11-15 00:43:25",81
"2019-11-15 01:43:24",81
"2019-11-15 02:43:23",81
"2019-11-15 03:43:25",81
"2019-11-15 04:43:25",81
"2019-11-15 05:43:26",81
"2019-11-15 06:43:26",81
"2019-11-15 07:43:23",81
"2019-11-15 08:43:31",81
"2019-11-15 09:43:23",81
"2019-11-15 10:43:24",81
"2019-11-15 11:43:23",81
"2019-11-15 12:43:27",81
"2019-11-15 14:09:57",81
"2019-11-15 15:43:30",81
"2019-11-15 16:43:23",81
"2019-11-15 17:43:25",81
"2019-11-15 18:43:30",81
"2019-11-15 19:43:26",81
"2019-11-15 20:43:27",81
"2019-11-15 21:43:22",81
"2019-11-15 22:43:25",81
"2019-11-15 23:43:25",81
"2019-11-16 00:43:26",81
"2019-11-16 01:43:24",81
"2019-11-16 02:43:25",81
"2019-11-16 03:43:23",81
"2019-11-16 04:43:26",81
"2019-11-16 05:43:24",81
"2019-11-16 06:43:26",81
"2019-11-16 07:43:24",81
"2019-11-16 08:43:25",81
"2019-11-16 09:43:27",81
"2019-11-16 10:43:22",81
"2019-11-16 11:43:23",81
"2019-11-16 12:43:27",81
"2019-11-16 13:43:26",81
"2019-11-16 14:43:25",81
"2019-11-16 15:43:24",81
"2019-11-16 16:43:24",81
"2019-11-16 17:43:26",81
"2019-11-16 18:43:23",81
"2019-11-16 19:43:23",81
"2019-11-16 20:43:22",81
"2019-11-16 21:43:23",81
"2019-11-16 22:43:23",81
"2019-11-16 23:43:22",81
"2019-11-17 00:43:23",81
"2019-11-17 01:43:22",81
"2019-11-17 02:43:25",81
"2019-11-17 03:43:22",81
"2019-11-17 04:43:24",81
"2019-11-17 05:43:24",81
"2019-11-17 06:43:25",81
"2019-11-17 07:43:26",81
"2019-11-17 08:43:23",81
"2019-11-17 10:43:27",81
"2019-11-17 11:43:26",81
"2019-11-17 12:43:24",81
"2019-11-17 13:43:24",81
"2019-11-17 14:43:22",81
"2019-11-17 15:43:22",81
"2019-11-17 16:43:25",81
"2019-11-17 17:43:22",81
"2019-11-17 18:43:22",81
"2019-11-17 19:43:23",81
"2019-11-17 20:43:25",81
"2019-11-17 21:43:26",81
"2019-11-17 22:43:24",81
"2019-11-17 23:43:26",81
"2019-11-18 00:43:22",81
"2019-11-18 01:43:22",81
"2019-11-18 02:43:24",81
"2019-11-18 03:43:23",81
"2019-11-18 04:43:21",81
"2019-11-18 05:43:25",81
"2019-11-18 06:43:21",81
"2019-11-18 07:43:23",81
"2019-11-18 08:43:27",81
"2019-11-18 09:43:27",81
"2019-11-18 10:43:25",81
"2019-11-18 11:43:22",81
"2019-11-18 12:43:25",81
"2019-11-18 14:08:29",81
"2019-11-18 14:43:23",81
"2019-11-18 15:43:28",81
"2019-11-18 16:43:25",82
"2019-11-18 17:43:27",82
"2019-11-18 18:43:27",82
"2019-11-18 19:43:24",82
"2019-11-18 20:43:26",82
"2019-11-18 21:43:25",82
"2019-11-18 22:43:22",82
"2019-11-18 23:43:25",82
"2019-11-19 00:43:24",82
"2019-11-19 01:43:24",82
"2019-11-19 02:43:23",82
"2019-11-19 03:43:23",82
"2019-11-19 04:43:25",82
"2019-11-19 05:43:22",82
"2019-11-19 06:43:25",82
"2019-11-19 07:43:23",82
"2019-11-19 08:43:24",82
"2019-11-19 09:43:27",82
"2019-11-19 10:43:23",82
"2019-11-19 11:43:23",82
"2019-11-19 12:43:24",82
"2019-11-19 14:08:29",82
"2019-11-19 14:43:25",82
"2019-11-19 15:43:26",82
"2019-11-19 16:43:24",82
"2019-11-19 17:43:30",82
"2019-11-19 18:43:23",82
"2019-11-19 19:43:25",81
"2019-11-19 20:43:25",81
"2019-11-19 21:43:28",81
"2019-11-19 22:43:25",81
"2019-11-19 23:43:24",81
"2019-11-20 00:43:25",81
"2019-11-20 01:43:25",81
"2019-11-20 02:43:26",81
"2019-11-20 03:43:26",81
"2019-11-20 04:43:24",81
"2019-11-20 05:43:25",81
"2019-11-20 06:43:25",81
"2019-11-20 07:43:26",81
"2019-11-20 08:43:28",81
"2019-11-20 09:43:31",81
"2019-11-20 10:43:31",81
"2019-11-20 11:43:30",81
"2019-11-20 12:43:28",81
"2019-11-20 14:08:01",81
"2019-11-20 14:43:30",81
"2019-11-20 15:43:28",81
"2019-11-20 16:43:29",81
"2019-11-20 22:43:27",80
"2019-11-20 23:43:23",80
"2019-11-21 00:43:23",80
"2019-11-21 01:43:23",80
"2019-11-21 02:43:26",80
"2019-11-21 03:43:24",80
"2019-11-21 04:43:22",80
"2019-11-21 05:43:25",80
"2019-11-21 06:43:27",80
"2019-11-21 07:43:22",80
"2019-11-21 08:43:23",80
"2019-11-21 09:43:24",80
"2019-11-21 10:43:24",80
"2019-11-21 11:43:23",80
"2019-11-21 12:43:23",80
"2019-11-21 14:07:27",80
"2019-11-21 14:43:28",80
"2019-11-21 15:43:23",80
"2019-11-21 16:43:24",80
"2019-11-21 17:43:26",80
"2019-11-21 18:43:22",80
"2019-11-21 19:43:22",80
"2019-11-21 20:43:22",80
"2019-11-21 21:43:23",81
"2019-11-21 22:43:23",81
"2019-11-21 23:43:24",81
"2019-11-22 00:43:24",81
"2019-11-22 01:43:27",81
"2019-11-22 02:43:23",81
"2019-11-22 03:43:23",81
"2019-11-22 04:43:22",81
"2019-11-22 05:43:28",81
"2019-11-22 06:43:25",81
"2019-11-22 07:43:27",81
"2019-11-22 08:43:29",81
"2019-11-22 09:43:28",81
"2019-11-22 10:43:28",81
"2019-11-22 11:43:25",81
"2019-11-22 12:43:24",81
"2019-11-22 13:43:23",81
"2019-11-22 14:43:26",81
"2019-11-22 15:43:22",81
"2019-11-22 16:43:23",81
"2019-11-22 17:43:28",81
"2019-11-22 18:43:26",81
"2019-11-22 19:43:23",81
"2019-11-22 20:43:24",81
"2019-11-22 21:43:23",81
"2019-11-22 22:43:22",81
"2019-11-22 23:43:25",81
"2019-11-23 00:43:30",81
"2019-11-23 01:43:23",81
"2019-11-23 02:43:23",81
"2019-11-23 03:43:23",81
"2019-11-23 04:43:27",81
"2019-11-23 05:43:23",81
"2019-11-23 06:43:24",81
"2019-11-23 07:43:25",81
"2019-11-23 08:43:24",81
"2019-11-23 09:43:26",81
"2019-11-23 10:43:26",81
"2019-11-23 11:43:22",81
"2019-11-23 12:43:22",81
"2019-11-23 13:43:23",81
"2019-11-23 14:43:23",81
"2019-11-23 15:43:23",81
"2019-11-23 16:43:23",81
"2019-11-23 17:43:24",81
"2019-11-23 18:43:23",81
"2019-11-23 19:43:25",81
"2019-11-23 20:43:21",81
"2019-11-23 21:43:24",81
"2019-11-23 22:43:21",81
"2019-11-23 23:43:21",81
"2019-11-24 00:43:24",81
"2019-11-24 01:43:22",81
"2019-11-24 02:43:22",81
"2019-11-24 03:43:23",81
"2019-11-24 04:43:21",81
"2019-11-24 05:43:22",81
"2019-11-24 06:43:22",81
"2019-11-24 07:43:20",81
"2019-11-24 08:43:23",81
"2019-11-24 09:43:25",81
"2019-11-24 10:43:25",81
"2019-11-24 11:43:23",81
"2019-11-24 12:43:21",81
"2019-11-24 13:43:21",81
"2019-11-24 14:43:22",81
"2019-11-24 15:43:23",81
"2019-11-24 16:43:23",81
"2019-11-24 17:43:22",81
"2019-11-24 18:43:24",81
"2019-11-24 19:43:22",81
"2019-11-24 20:43:25",81
"2019-11-24 21:43:22",81
"2019-11-24 22:43:26",81
"2019-11-24 23:43:22",81
"2019-11-25 00:43:23",81
"2019-11-25 01:43:26",81
"2019-11-25 02:43:24",81
"2019-11-25 04:43:21",81
"2019-11-25 05:43:23",81
"2019-11-25 06:43:23",81
"2019-11-25 07:43:23",81
"2019-11-25 08:43:28",81
"2019-11-25 09:43:28",81
"2019-11-25 10:43:27",81
"2019-11-25 11:43:26",81
"2019-11-25 12:43:27",81
"2019-11-25 13:43:21",81
"2019-11-25 14:43:23",81
"2019-11-25 15:43:26",81
"2019-11-25 16:43:23",81
"2019-11-25 17:43:24",81
"2019-11-25 18:43:22",81
"2019-11-25 19:43:25",81
"2019-11-25 20:43:24",81
"2019-11-25 21:43:22",80
"2019-11-25 22:43:28",80
"2019-11-25 23:43:24",80
"2019-11-26 00:43:25",80
"2019-11-26 01:43:24",80
"2019-11-26 02:43:26",80
"2019-11-26 03:43:25",80
"2019-11-26 04:43:23",80
"2019-11-26 05:43:27",80
"2019-11-26 06:43:30",80
"2019-11-26 07:43:24",80
"2019-11-26 08:43:24",80
"2019-11-26 09:43:30",80
"2019-11-26 20:43:28",81
"2019-11-26 21:43:25",81
"2019-11-26 22:43:28",81
"2019-11-26 23:43:25",81
"2019-11-27 00:43:28",81
"2019-11-27 01:43:24",81
"2019-11-27 02:43:23",81
"2019-11-27 03:43:25",81
"2019-11-27 04:43:23",81
"2019-11-27 05:43:25",81
"2019-11-27 06:43:25",81
"2019-11-27 07:43:25",81
"2019-11-27 08:43:30",81
"2019-11-27 09:43:30",81
"2019-11-27 10:43:23",81
"2019-11-27 11:43:21",81
"2019-11-27 12:43:31",81
"2019-11-27 13:43:24",81
"2019-11-27 14:43:26",81
"2019-11-27 15:43:29",81
"2019-11-27 16:43:26",81
"2019-11-27 17:43:24",81
"2019-11-27 18:43:26",81
"2019-11-27 19:43:26",81
"2019-11-27 20:43:24",81
"2019-11-27 21:43:24",81
"2019-11-27 22:43:25",81
"2019-11-27 23:43:24",81
"2019-11-28 00:43:25",81
"2019-11-28 01:43:26",81
"2019-11-28 02:43:29",81
"2019-11-28 03:43:27",81
"2019-11-28 04:43:26",81
"2019-11-28 05:43:24",81
"2019-11-28 06:43:25",81
"2019-11-28 07:43:27",81
"2019-11-28 08:43:25",81
"2019-11-28 09:43:30",81
"2019-11-28 10:43:27",81
"2019-11-28 11:43:25",81
"2019-11-28 12:43:23",81
"2019-11-28 13:43:23",81
"2019-11-28 14:43:24",81
"2019-11-28 15:43:25",81
"2019-11-28 16:43:24",81
"2019-11-28 17:43:26",81
"2019-11-28 18:43:25",81
"2019-11-28 19:43:24",81
"2019-11-28 20:43:23",81
"2019-11-28 21:43:24",81
"2019-11-28 22:43:23",81
"2019-11-28 23:43:25",81
"2019-11-29 00:43:24",81
"2019-11-29 01:43:24",81
"2019-11-29 02:43:24",81
"2019-11-29 03:43:23",81
"2019-11-29 04:43:26",81
"2019-11-29 05:43:26",81
"2019-11-29 06:43:24",81
"2019-11-29 07:43:26",81
"2019-11-29 08:43:33",81
"2019-11-29 09:43:35",81
"2019-11-29 10:43:42",81
"2019-11-29 11:43:29",81
"2019-11-29 12:43:28",81
"2019-11-29 13:43:32",81
"2019-11-29 14:43:32",81
"2019-11-29 15:43:30",81
"2019-11-29 16:43:33",81
"2019-11-29 17:43:33",81
"2019-11-29 18:43:30",81
"2019-11-29 20:43:30",81
"2019-11-29 21:43:24",81
"2019-11-29 22:43:31",81
"2019-11-29 23:43:29",81
"2019-11-30 00:43:26",81
"2019-11-30 01:43:24",81
"2019-11-30 02:43:27",81
"2019-11-30 03:43:28",81
"2019-11-30 04:43:26",81
"2019-11-30 05:43:30",81
"2019-11-30 06:43:28",81
"2019-11-30 07:43:28",81
"2019-11-30 08:43:27",81
"2019-11-30 21:43:44",81
"2019-11-30 22:43:32",81
"2019-11-30 23:43:28",81
"2019-12-01 00:43:28",81
"2019-12-01 01:43:25",81
"2019-12-01 02:43:30",81
"2019-12-01 22:43:34",81
"2019-12-01 23:43:25",81
"2019-12-02 00:43:23",81
"2019-12-02 01:43:28",81
"2019-12-02 02:43:27",81
"2019-12-02 06:16:21",81
"2019-12-02 06:44:58",81
"2019-12-02 07:45:06",81
"2019-12-02 08:44:56",81
"2019-12-02 09:44:56",81
"2019-12-02 10:44:57",81
"2019-12-02 11:44:58",81
"2019-12-02 12:44:54",81
"2019-12-02 14:08:05",81
"2019-12-02 14:45:01",81
"2019-12-02 15:45:03",81
"2019-12-02 16:44:58",82
"2019-12-02 17:45:13",82
"2019-12-02 18:45:12",82
"2019-12-02 19:45:14",82
"2019-12-02 20:45:09",82
"2019-12-02 21:45:11",82
"2019-12-02 22:45:20",82
"2019-12-02 23:45:13",82
"2019-12-03 00:45:06",82
"2019-12-03 01:45:12",82
"2019-12-03 02:45:12",82
"2019-12-03 03:45:11",82
"2019-12-03 04:45:11",82
"2019-12-03 05:45:13",82
"2019-12-03 06:44:58",82
"2019-12-03 07:44:57",82
"2019-12-03 08:44:57",82
"2019-12-03 09:45:08",82
"2019-12-03 10:45:12",82
"2019-12-03 11:45:08",82
"2019-12-03 12:44:55",82
"2019-12-03 13:44:53",82
"2019-12-03 14:45:11",82
"2019-12-03 15:44:56",82
"2019-12-03 16:45:12",82
"2019-12-03 17:45:09",83
"2019-12-03 18:45:09",83
"2019-12-03 19:45:09",83
"2019-12-03 20:45:09",83
"2019-12-03 21:45:27",82
"2019-12-03 22:45:11",82
"2019-12-03 23:45:16",82
"2019-12-04 00:45:32",82
"2019-12-04 01:45:38",82
"2019-12-04 02:45:30",82
"2019-12-04 03:45:16",82
"2019-12-04 04:45:15",82
"2019-12-04 05:45:16",82
"2019-12-04 06:45:15",82
"2019-12-04 07:45:15",82
"2019-12-04 08:45:03",82
"2019-12-04 09:45:02",82
"2019-12-04 10:45:00",82
"2019-12-04 11:45:04",82
"2019-12-04 12:45:02",82
"2019-12-04 14:07:35",82
"2019-12-04 14:45:21",82
"2019-12-04 15:45:20",81
"2019-12-04 16:45:15",81
"2019-12-04 17:45:14",81
"2019-12-04 18:45:15",81
"2019-12-04 19:45:15",81
"2019-12-04 20:45:13",81
"2019-12-04 21:45:10",80
"2019-12-04 22:45:10",80
"2019-12-04 23:45:11",80
"2019-12-05 00:45:13",80
"2019-12-05 01:45:14",80
"2019-12-05 02:45:13",80
"2019-12-05 03:45:13",80
"2019-12-05 04:45:13",80
"2019-12-05 06:45:14",80
"2019-12-05 07:44:59",80
"2019-12-05 08:45:12",80
"2019-12-05 09:44:56",80
"2019-12-05 10:44:56",80
"2019-12-05 11:44:57",80
"2019-12-05 12:44:55",80
"2019-12-05 13:45:12",80
"2019-12-05 14:45:15",80
"2019-12-05 15:45:12",80
"2019-12-05 16:45:11",80
"2019-12-05 17:45:11",80
"2019-12-05 18:45:12",80
"2019-12-05 20:08:06",80
"2019-12-05 20:45:23",80
"2019-12-05 21:45:10",80
"2019-12-05 22:45:11",80
"2019-12-05 23:45:01",80
"2019-12-06 00:45:11",80
"2019-12-06 01:45:10",80
"2019-12-06 02:45:15",80
"2019-12-06 03:45:12",80
"2019-12-06 04:45:10",80
"2019-12-06 05:45:20",80
"2019-12-06 06:45:11",80
"2019-12-06 07:45:15",80
"2019-12-06 08:45:13",80
"2019-12-06 09:45:11",80
"2019-12-06 10:45:12",80
"2019-12-06 11:45:12",80
"2019-12-06 12:44:57",80
"2019-12-06 13:45:51",80
"2019-12-06 14:45:17",80
"2019-12-06 15:45:31",80
"2019-12-06 16:45:14",80
"2019-12-06 17:45:10",80
"2019-12-06 18:45:12",80
"2019-12-06 19:45:13",80
"2019-12-06 20:45:11",79
"2019-12-06 21:44:56",79
"2019-12-06 22:44:57",79
"2019-12-06 23:44:59",79
"2019-12-07 00:45:00",79
"2019-12-07 01:45:19",79
"2019-12-07 02:45:16",79
"2019-12-07 03:45:11",79
"2019-12-07 04:45:06",79
"2019-12-07 05:45:31",79
"2019-12-07 06:44:59",79
"2019-12-07 07:45:00",79
"2019-12-07 08:44:58",79
"2019-12-07 09:44:56",79
"2019-12-07 10:44:57",79
"2019-12-07 11:44:56",79
"2019-12-07 12:45:12",79
"2019-12-07 13:45:27",79
"2019-12-07 14:45:13",79
"2019-12-07 15:45:15",79
"2019-12-07 16:45:12",79
"2019-12-07 17:45:15",79
"2019-12-07 18:45:12",79
"2019-12-07 19:44:58",79
"2019-12-07 20:45:13",79
"2019-12-07 21:45:17",79
"2019-12-07 22:45:00",79
"2019-12-07 23:44:58",79
"2019-12-08 00:45:06",79
"2019-12-08 01:44:57",79
"2019-12-08 02:45:14",79
"2019-12-08 03:45:13",79
"2019-12-08 04:45:10",79
"2019-12-08 05:45:15",79
"2019-12-08 06:45:13",79
"2019-12-08 07:45:11",79
"2019-12-08 08:45:12",79
"2019-12-08 09:45:10",79
"2019-12-08 10:45:11",79
"2019-12-08 11:44:56",79
"2019-12-08 12:44:59",79
"2019-12-08 13:45:10",79
"2019-12-08 14:45:05",79
"2019-12-08 15:45:00",79
"2019-12-08 16:45:11",79
"2019-12-08 17:45:15",79
"2019-12-08 18:44:57",79
"2019-12-08 19:45:09",79
"2019-12-08 20:45:10",79
"2019-12-08 21:45:16",79
"2019-12-08 22:45:14",79
"2019-12-08 23:45:12",79
"2019-12-09 00:45:11",79
"2019-12-09 01:44:57",79
"2019-12-09 02:44:59",79
"2019-12-09 03:45:14",79
"2019-12-09 04:45:00",79
"2019-12-09 05:45:04",79
"2019-12-09 06:45:16",79
"2019-12-09 07:44:59",79
"2019-12-09 08:45:00",79
"2019-12-09 09:44:56",79
"2019-12-09 10:44:58",79
"2019-12-09 11:44:54",79
"2019-12-09 12:44:55",79
"2019-12-09 14:08:37",79
"2019-12-09 14:45:06",79
"2019-12-09 15:45:06",79
"2019-12-09 16:45:20",79
"2019-12-09 17:45:30",79
"2019-12-09 18:45:08",79
"2019-12-09 19:44:58",79
"2019-12-09 20:45:16",79
"2019-12-09 21:45:16",79
"2019-12-09 22:44:59",79
"2019-12-09 23:45:12",79
"2019-12-10 00:45:19",79
"2019-12-10 01:45:12",79
"2019-12-10 02:45:15",79
"2019-12-10 03:45:21",79
"2019-12-10 04:45:13",79
"2019-12-10 05:45:22",79
"2019-12-10 06:45:17",79
"2019-12-10 07:45:14",79
"2019-12-10 08:45:18",79
"2019-12-10 09:45:00",79
"2019-12-10 10:44:59",79
"2019-12-10 11:44:59",79
"2019-12-10 12:45:19",79
"2019-12-10 13:44:58",79
"2019-12-10 14:45:03",79
"2019-12-10 15:45:00",79
"2019-12-10 16:45:19",79
"2019-12-10 17:45:10",79
"2019-12-10 18:45:11",79
"2019-12-10 19:45:02",79
"2019-12-10 20:45:13",78
"2019-12-10 21:45:12",78
"2019-12-10 22:45:17",78
"2019-12-10 23:45:18",78
"2019-12-11 00:45:18",78
"2019-12-11 01:45:24",78
"2019-12-11 02:45:32",78
"2019-12-11 03:45:15",78
"2019-12-11 04:45:22",78
"2019-12-11 05:45:21",78
"2019-12-11 06:45:07",78
"2019-12-11 07:45:03",78
"2019-12-11 08:45:14",78
"2019-12-11 09:44:59",78
"2019-12-11 10:45:08",78
"2019-12-11 11:45:03",78
"2019-12-11 12:45:19",78
"2019-12-11 13:45:09",78
"2019-12-11 14:45:38",78
"2019-12-11 15:45:10",79
"2019-12-11 16:45:26",79
"2019-12-11 17:45:28",79
"2019-12-11 18:45:17",79
"2019-12-11 19:45:23",79
"2019-12-11 20:45:10",79
"2019-12-11 21:45:15",79
"2019-12-11 22:45:17",79
"2019-12-11 23:45:17",79
"2019-12-12 00:45:10",79
"2019-12-12 01:45:25",79
"2019-12-12 02:45:22",79
"2019-12-12 03:45:05",79
"2019-12-12 04:45:19",79
"2019-12-12 05:45:18",79
"2019-12-12 06:45:20",79
"2019-12-12 07:45:18",79
"2019-12-12 08:45:05",79
"2019-12-12 09:45:13",79
"2019-12-12 10:45:15",79
"2019-12-12 11:45:04",79
"2019-12-12 12:44:58",79
"2019-12-12 14:07:07",79
"2019-12-12 14:45:35",79
"2019-12-12 15:45:07",79
"2019-12-12 16:45:24",79
"2019-12-12 17:45:07",80
"2019-12-12 18:45:09",80
"2019-12-12 19:45:11",80
"2019-12-12 20:45:10",80
"2019-12-12 21:45:11",80
"2019-12-12 22:45:03",80
"2019-12-12 23:45:07",80
"2019-12-13 00:45:45",80
"2019-12-13 01:45:44",80
"2019-12-13 02:45:40",80
"2019-12-13 03:45:40",80
"2019-12-13 04:45:36",80
"2019-12-13 05:45:50",80
"2019-12-13 06:46:02",80
"2019-12-13 07:45:46",80
"2019-12-13 08:45:33",80
"2019-12-13 09:45:45",80
"2019-12-13 10:45:32",80
"2019-12-13 11:45:30",80
"2019-12-13 12:45:31",80
"2019-12-13 14:39:14",80
"2019-12-13 14:46:56",80
"2019-12-13 15:45:48",81
"2019-12-13 16:45:34",81
"2019-12-13 17:45:39",81
"2019-12-13 18:45:42",81
"2019-12-13 19:45:39",81
"2019-12-13 20:46:15",81
"2019-12-13 21:45:34",81
"2019-12-13 22:45:36",81
"2019-12-13 23:45:27",81
"2019-12-14 00:45:40",81
"2019-12-14 01:45:26",81
"2019-12-14 02:45:38",81
"2019-12-14 03:45:37",81
"2019-12-14 04:45:43",81
"2019-12-14 05:45:39",81
"2019-12-14 06:45:38",81
"2019-12-14 07:45:21",81
"2019-12-14 08:45:29",81
"2019-12-14 09:45:32",81
"2019-12-14 10:45:23",81
"2019-12-14 11:45:25",81
"2019-12-14 12:45:20",81
"2019-12-14 13:45:38",81
"2019-12-14 14:45:30",81
"2019-12-14 15:45:44",81
"2019-12-14 16:45:43",81
"2019-12-14 17:45:25",81
"2019-12-14 18:45:57",81
"2019-12-14 19:45:34",81
"2019-12-14 20:45:37",81
"2019-12-14 22:45:44",81
"2019-12-14 23:45:36",81
"2019-12-15 00:45:42",81
"2019-12-15 01:45:45",81
"2019-12-15 02:45:39",81
"2019-12-15 03:45:38",81
"2019-12-15 04:45:39",81
"2019-12-15 05:45:31",81
"2019-12-15 06:45:37",81
"2019-12-15 07:45:32",81
"2019-12-15 08:45:32",81
"2019-12-15 09:45:13",81
"2019-12-15 10:45:26",81
"2019-12-15 11:45:35",81
"2019-12-15 13:45:32",81
"2019-12-15 14:45:15",81
"2019-12-15 15:45:35",81
"2019-12-15 16:45:41",81
"2019-12-15 17:45:36",81
"2019-12-15 19:45:34",81
"2019-12-15 20:45:37",81
"2019-12-15 21:45:29",81
"2019-12-15 22:45:34",81
"2019-12-15 23:45:39",81
"2019-12-16 00:45:33",81
"2019-12-16 01:45:48",81
"2019-12-16 02:45:28",81
"2019-12-16 04:46:01",81
"2019-12-16 05:45:37",81
"2019-12-16 06:45:37",81
"2019-12-16 07:45:26",81
"2019-12-16 08:45:31",81
"2019-12-16 09:45:27",81
"2019-12-16 10:45:20",81
"2019-12-16 11:45:39",81
"2019-12-16 12:45:34",81
"2019-12-16 13:45:39",81
"2019-12-16 14:46:48",81
"2019-12-16 16:06:37",81
"2019-12-16 16:45:54",81
"2019-12-16 17:45:50",80
"2019-12-16 18:45:45",80
"2019-12-16 19:45:38",80
"2019-12-16 20:45:44",80
"2019-12-16 21:45:37",81
"2019-12-16 22:45:37",81
"2019-12-16 23:45:35",81
"2019-12-17 00:45:27",81
"2019-12-17 01:45:26",81
"2019-12-17 02:45:53",81
"2019-12-17 03:45:38",81
"2019-12-17 04:45:41",81
"2019-12-17 05:45:36",81
"2019-12-17 06:45:39",81
"2019-12-17 07:45:33",81
"2019-12-17 08:45:51",81
"2019-12-17 09:45:14",81
"2019-12-17 10:45:28",81
"2019-12-17 11:45:22",81
"2019-12-17 12:45:19",81
"2019-12-17 14:08:07",81
"2019-12-17 14:46:10",81
"2019-12-17 15:46:00",81
"2019-12-17 16:45:40",81
"2019-12-17 17:45:43",81
"2019-12-17 18:45:36",81
"2019-12-17 19:45:55",81
"2019-12-17 20:45:48",81
"2019-12-17 21:45:28",81
"2019-12-17 22:45:37",81
"2019-12-17 23:45:48",81
"2019-12-18 01:45:53",81
"2019-12-18 02:45:53",81
"2019-12-18 03:45:38",81
"2019-12-18 04:45:23",81
"2019-12-18 05:45:40",81
"2019-12-18 06:45:33",81
"2019-12-18 07:45:23",81
"2019-12-18 08:45:38",81
"2019-12-18 09:45:31",81
"2019-12-18 10:45:35",81
"2019-12-18 11:45:22",81
"2019-12-18 12:45:31",81
"2019-12-18 14:07:06",81
"2019-12-18 14:46:14",81
"2019-12-18 15:45:39",81
"2019-12-18 16:45:51",81
"2019-12-18 17:45:48",81
"2019-12-18 18:45:38",81
"2019-12-18 19:45:34",81
"2019-12-18 20:45:43",81
"2019-12-18 21:45:32",81
"2019-12-18 22:45:29",81
"2019-12-18 23:45:35",81
"2019-12-19 00:45:42",81
"2019-12-19 01:45:41",81
"2019-12-19 02:45:56",81
"2019-12-19 03:45:34",81
"2019-12-19 04:45:40",81
"2019-12-19 05:45:32",81
"2019-12-19 06:45:40",81
"2019-12-19 07:45:40",81
"2019-12-19 08:45:24",81
"2019-12-19 09:45:29",81
"2019-12-19 10:45:20",81
"2019-12-19 11:45:20",81
"2019-12-19 12:45:35",81
"2019-12-19 14:08:38",81
"2019-12-19 14:46:04",81
"2019-12-19 15:46:18",81
"2019-12-19 16:45:59",81
"2019-12-19 17:45:57",81
"2019-12-19 18:45:51",81
"2019-12-19 19:45:51",81
"2019-12-19 21:08:40",81
"2019-12-19 21:45:48",81
"2019-12-19 22:45:58",81
"2019-12-19 23:45:54",81
"2019-12-20 00:45:52",81
"2019-12-20 01:45:41",81
"2019-12-20 02:45:52",81
"2019-12-20 03:45:46",81
"2019-12-20 04:45:58",81
"2019-12-20 05:45:51",81
"2019-12-20 06:46:02",81
"2019-12-20 07:45:50",81
"2019-12-20 08:45:57",81
"2019-12-20 09:45:53",81
"2019-12-20 10:45:16",81
"2019-12-20 11:45:42",81
"2019-12-20 12:45:55",81
"2019-12-20 14:07:38",81
"2019-12-20 14:46:26",81
"2019-12-20 15:46:23",82
"2019-12-20 16:46:09",83
"2019-12-20 17:46:13",83
"2019-12-20 18:45:57",82
"2019-12-20 19:46:11",82
"2019-12-20 20:46:08",82
"2019-12-20 21:45:56",82
"2019-12-20 22:45:45",82
"2019-12-20 23:45:55",82
"2019-12-21 00:46:04",82
"2019-12-21 01:45:53",82
"2019-12-21 02:45:59",82
"2019-12-21 03:45:43",82
"2019-12-21 04:45:53",82
"2019-12-21 05:45:39",82
"2019-12-21 06:45:36",82
"2019-12-21 07:45:45",82
"2019-12-21 08:45:43",82
"2019-12-21 09:45:25",82
"2019-12-21 10:45:31",82
"2019-12-21 11:45:22",82
"2019-12-21 12:45:27",82
"2019-12-21 13:45:32",82
"2019-12-21 14:45:50",82
"2019-12-21 15:45:32",82
"2019-12-21 16:45:50",82
"2019-12-21 17:45:37",82
"2019-12-21 18:45:37",82
"2019-12-21 19:45:36",82
"2019-12-21 20:45:32",82
"2019-12-21 22:45:52",82
"2019-12-21 23:45:23",82
"2019-12-22 00:45:29",82
"2019-12-22 01:45:41",82
"2019-12-22 02:45:33",82
"2019-12-22 04:45:38",82
"2019-12-22 05:45:24",82
"2019-12-22 06:45:27",82
"2019-12-22 07:45:33",82
"2019-12-22 08:45:30",82
"2019-12-22 09:45:22",82
"2019-12-22 10:45:27",82
"2019-12-22 11:45:30",82
"2019-12-22 12:45:39",82
"2019-12-22 13:45:21",82
"2019-12-22 14:45:40",82
"2019-12-22 15:45:47",82
"2019-12-22 16:45:32",82
"2019-12-22 17:45:31",82
"2019-12-22 18:45:37",82
"2019-12-22 19:45:40",82
"2019-12-22 20:45:50",82
"2019-12-22 22:45:37",82
"2019-12-22 23:45:47",82
"2019-12-23 00:45:45",82
"2019-12-23 01:45:53",82
"2019-12-23 02:45:44",82
"2019-12-23 03:45:46",82
"2019-12-23 04:45:47",82
"2019-12-23 05:45:48",82
"2019-12-23 06:45:48",82
"2019-12-23 07:45:29",82
"2019-12-23 08:45:27",82
"2019-12-23 09:45:21",82
"2019-12-23 10:45:29",82
"2019-12-23 11:45:29",82
"2019-12-23 12:45:29",82
"2019-12-23 14:08:41",82
"2019-12-23 14:46:25",82
"2019-12-23 15:45:51",82
"2019-12-23 16:45:39",82
"2019-12-23 17:45:58",82
"2019-12-23 18:45:58",82
"2019-12-23 19:45:55",82
"2019-12-23 20:46:06",83
"2019-12-23 21:45:51",83
"2019-12-23 22:45:33",83
"2019-12-23 23:45:50",83
"2019-12-24 00:45:40",83
"2019-12-24 01:45:41",83
"2019-12-24 02:45:52",83
"2019-12-24 03:46:00",83
"2019-12-24 04:46:06",83
"2019-12-24 05:45:35",83
"2019-12-24 06:46:04",83
"2019-12-24 07:45:31",83
"2019-12-24 08:45:31",83
"2019-12-24 09:45:33",83
"2019-12-24 10:45:18",83
"2019-12-24 11:45:35",83
"2019-12-24 12:45:26",83
"2019-12-24 13:45:25",83
"2019-12-24 14:46:12",83
"2019-12-24 15:45:47",83
"2019-12-24 16:45:36",82
"2019-12-24 17:45:38",82
"2019-12-24 18:45:37",82
"2019-12-24 19:45:46",82
"2019-12-24 20:45:31",82
"2019-12-24 21:45:24",82
"2019-12-24 22:45:50",82
"2019-12-24 23:45:48",82
"2019-12-25 00:45:48",82
"2019-12-25 01:45:37",82
"2019-12-25 02:45:20",82
"2019-12-25 03:45:41",82
"2019-12-25 04:45:46",82
"2019-12-25 05:45:51",82
"2019-12-25 06:45:29",82
"2019-12-25 07:45:38",82
"2019-12-25 08:45:53",82
"2019-12-25 09:45:38",82
"2019-12-25 10:45:33",82
"2019-12-25 11:45:22",82
"2019-12-25 12:45:30",82
"2019-12-25 13:45:25",82
"2019-12-25 14:45:38",82
"2019-12-25 15:45:52",82
"2019-12-25 16:45:37",82
"2019-12-25 17:45:48",82
"2019-12-25 18:45:30",82
"2019-12-25 19:45:28",82
"2019-12-25 20:45:36",82
"2019-12-25 21:45:35",82
"2019-12-25 22:45:38",82
"2019-12-25 23:45:36",82
"2019-12-26 00:45:49",82
"2019-12-26 01:45:48",82
"2019-12-26 02:45:55",82
"2019-12-26 03:45:55",82
"2019-12-26 04:45:58",82
"2019-12-26 05:45:34",82
"2019-12-26 06:45:45",82
"2019-12-26 07:45:40",82
"2019-12-26 08:45:26",82
"2019-12-26 09:45:30",82
"2019-12-26 10:45:29",82
"2019-12-26 11:45:25",82
"2019-12-26 12:45:23",82
"2019-12-26 13:45:33",82
"2019-12-26 14:46:07",82
"2019-12-26 15:45:58",82
"2019-12-26 16:45:51",82
"2019-12-26 17:46:03",83
"2019-12-26 18:45:45",83
"2019-12-26 19:45:40",83
"2019-12-26 20:46:10",83
"2019-12-26 21:45:51",83
"2019-12-26 22:46:09",83
"2019-12-26 23:45:49",83
"2019-12-27 00:45:36",83
"2019-12-27 01:45:52",83
"2019-12-27 02:46:02",83
"2019-12-27 03:45:38",83
"2019-12-27 04:46:00",83
"2019-12-27 05:45:48",83
"2019-12-27 06:46:05",83
"2019-12-27 07:45:33",83
"2019-12-27 08:45:48",83
"2019-12-27 09:45:33",83
"2019-12-27 10:45:20",83
"2019-12-27 11:45:26",83
"2019-12-27 12:45:34",83
"2019-12-27 14:08:39",83
"2019-12-27 14:46:03",83
"2019-12-27 15:45:54",83
"2019-12-27 16:45:44",83
"2019-12-27 17:45:46",82
"2019-12-27 18:45:55",82
"2019-12-27 19:46:23",82
"2019-12-27 20:45:51",82
"2019-12-27 21:46:05",82
"2019-12-27 22:45:54",82
"2019-12-27 23:45:33",82
"2019-12-28 00:45:49",82
"2019-12-28 01:45:39",82
"2019-12-28 02:45:53",82
"2019-12-28 03:45:35",82
"2019-12-28 04:45:55",82
"2019-12-28 05:45:57",82
"2019-12-28 06:45:52",82
"2019-12-28 07:45:29",82
"2019-12-28 08:45:55",82
"2019-12-28 09:45:36",82
"2019-12-28 10:45:39",82
"2019-12-28 11:45:28",82
"2019-12-28 12:45:18",82
"2019-12-28 13:45:35",82
"2019-12-28 14:45:47",82
"2019-12-28 15:45:57",82
"2019-12-28 16:45:36",82
"2019-12-28 17:46:01",82
"2019-12-28 18:45:44",82
"2019-12-28 19:45:38",82
"2019-12-28 20:45:53",82
"2019-12-28 21:45:29",82
"2019-12-28 22:45:48",82
"2019-12-28 23:45:55",82
"2019-12-29 00:45:37",82
"2019-12-29 01:46:02",82
"2019-12-29 02:45:47",82
"2019-12-29 03:46:04",82
"2019-12-29 04:45:51",82
"2019-12-29 05:45:55",82
"2019-12-29 06:46:04",82
"2019-12-29 07:45:44",82
"2019-12-29 08:45:58",82
"2019-12-29 09:45:39",82
"2019-12-29 10:45:41",82
"2019-12-29 11:45:41",82
"2019-12-29 12:45:35",82
"2019-12-29 13:45:37",82
"2019-12-29 14:45:39",82
"2019-12-29 15:45:40",82
"2019-12-29 16:45:54",82
"2019-12-29 17:45:37",82
"2019-12-29 18:45:41",82
"2019-12-29 19:45:49",82
"2019-12-29 20:45:33",82
"2019-12-29 21:46:08",82
"2019-12-29 22:45:46",82
"2019-12-29 23:45:27",82
"2019-12-30 00:45:39",82
"2019-12-30 01:46:00",82
"2019-12-30 02:46:05",82
"2019-12-30 03:45:40",82
"2019-12-30 04:46:10",82
"2019-12-30 05:45:46",82
"2019-12-30 06:45:23",82
"2019-12-30 07:45:26",82
"2019-12-30 08:45:38",82
"2019-12-30 09:45:47",82
"2019-12-30 10:45:18",82
"2019-12-30 11:45:44",82
"2019-12-30 12:45:31",82
"2019-12-30 14:08:37",82
"2019-12-30 14:46:34",82
"2019-12-30 15:45:53",82
"2019-12-30 16:45:52",82
"2019-12-30 17:45:51",82
"2019-12-30 18:46:01",82
"2019-12-30 19:45:52",82
"2019-12-30 20:45:41",82
"2019-12-30 21:45:40",82
"2019-12-30 22:45:32",82
"2019-12-30 23:45:37",82
"2019-12-31 00:45:40",82
"2019-12-31 01:45:35",82
"2019-12-31 02:45:52",82
"2019-12-31 03:45:55",82
"2019-12-31 04:45:42",82
"2019-12-31 05:45:31",82
"2019-12-31 06:45:43",82
"2019-12-31 07:45:32",82
"2019-12-31 08:45:50",82
"2019-12-31 09:45:47",82
"2019-12-31 10:45:57",82
"2019-12-31 11:45:44",82
"2019-12-31 12:45:35",82
"2019-12-31 14:09:40",82
"2019-12-31 14:46:27",82
"2019-12-31 15:46:04",81
"2019-12-31 16:45:52",81
"2019-12-31 17:45:34",80
"2019-12-31 18:45:40",80
"2019-12-31 19:45:48",80
"2019-12-31 20:45:51",81
"2019-12-31 21:45:32",81
"2019-12-31 22:45:37",81
"2019-12-31 23:45:36",81
"2020-01-01 00:45:46",81
"2020-01-01 01:45:36",81
"2020-01-01 02:45:34",81
"2020-01-01 03:45:39",81
"2020-01-01 04:45:24",81
"2020-01-01 05:45:58",81
"2020-01-01 06:46:01",81
"2020-01-01 07:45:38",81
"2020-01-01 08:45:36",81
"2020-01-01 09:45:33",81
"2020-01-01 10:45:20",81
"2020-01-01 11:45:26",81
"2020-01-01 12:45:36",81
"2020-01-01 13:45:27",81
"2020-01-01 14:45:30",81
"2020-01-01 15:45:35",81
"2020-01-01 16:45:37",81
"2020-01-01 17:45:43",81
"2020-01-01 18:45:37",81
"2020-01-01 19:45:25",81
"2020-01-01 20:45:42",81
"2020-01-01 21:45:39",81
"2020-01-01 22:45:47",81
"2020-01-01 23:46:11",81
"2020-01-02 00:45:54",81
"2020-01-02 01:45:44",81
"2020-01-02 02:46:13",81
"2020-01-02 03:45:48",81
"2020-01-02 04:45:41",81
"2020-01-02 05:45:37",81
"2020-01-02 06:45:33",81
"2020-01-02 07:45:33",81
"2020-01-02 08:45:38",81
"2020-01-02 09:45:33",81
"2020-01-02 10:45:33",81
"2020-01-02 11:45:33",81
"2020-01-02 12:45:35",81
"2020-01-02 14:10:09",81
"2020-01-02 14:47:11",81
"2020-01-02 15:46:02",80
"2020-01-02 16:45:51",80
"2020-01-02 17:45:52",80
"2020-01-02 18:45:58",79
"2020-01-02 19:45:46",79
"2020-01-02 20:45:57",79
"2020-01-02 21:45:40",78
"2020-01-02 22:46:27",78
"2020-01-02 23:45:28",78
"2020-01-03 00:45:53",78
"2020-01-03 01:45:51",78
"2020-01-03 02:45:58",78
"2020-01-03 03:45:48",78
"2020-01-03 04:45:42",78
"2020-01-03 05:45:55",78
"2020-01-03 06:45:42",78
"2020-01-03 07:45:37",78
"2020-01-03 08:45:48",78
"2020-01-03 09:45:35",78
"2020-01-03 10:45:34",78
"2020-01-03 11:45:32",78
"2020-01-03 12:45:36",78
"2020-01-03 14:10:08",78
"2020-01-03 14:49:52",78
"2020-01-03 15:45:45",78
"2020-01-03 16:45:56",78
"2020-01-03 17:46:36",78
"2020-01-03 18:45:59",78
"2020-01-03 19:45:49",78
"2020-01-03 20:45:52",78
"2020-01-03 21:45:35",77
"2020-01-03 22:45:39",77
"2020-01-03 23:45:36",77
"2020-01-04 00:45:48",77
"2020-01-04 01:45:34",77
"2020-01-04 02:45:35",77
"2020-01-04 03:45:52",77
"2020-01-04 04:45:44",77
"2020-01-04 05:45:41",77
"2020-01-04 06:45:48",77
"2020-01-04 07:45:28",77
"2020-01-04 08:45:39",77
"2020-01-04 09:45:33",77
"2020-01-04 10:45:34",77
"2020-01-04 11:45:29",77
"2020-01-04 12:45:37",77
"2020-01-04 13:45:32",77
"2020-01-04 14:45:30",77
"2020-01-04 15:45:41",77
"2020-01-04 16:45:42",77
"2020-01-04 17:45:49",77
"2020-01-04 18:45:40",77
"2020-01-04 19:45:41",77
"2020-01-04 20:45:44",77
"2020-01-04 21:46:21",77
"2020-01-04 22:45:42",77
"2020-01-04 23:45:55",77
"2020-01-05 00:45:38",77
"2020-01-05 01:46:08",77
"2020-01-05 02:45:59",77
"2020-01-05 03:45:52",77
"2020-01-05 04:45:34",77
"2020-01-05 05:45:38",77
"2020-01-05 06:45:28",77
"2020-01-05 07:45:26",77
"2020-01-05 08:45:17",77
"2020-01-05 09:45:19",77
"2020-01-05 10:45:17",77
"2020-01-05 11:45:41",77
"2020-01-05 12:45:19",77
"2020-01-05 13:45:38",77
"2020-01-05 14:45:27",77
"2020-01-05 15:45:29",77
"2020-01-05 16:45:38",77
"2020-01-05 17:46:27",77
"2020-01-05 18:45:51",77
"2020-01-05 20:45:45",77
"2020-01-05 21:46:01",77
"2020-01-05 22:45:38",77
"2020-01-05 23:45:43",77
"2020-01-06 00:45:49",77
"2020-01-06 01:45:47",77
"2020-01-06 02:46:05",77
"2020-01-06 03:46:01",77
"2020-01-06 04:46:02",77
"2020-01-06 05:45:53",77
"2020-01-06 06:45:43",77
"2020-01-06 07:45:35",77
"2020-01-06 08:45:45",77
"2020-01-16 06:45:34",73
"2020-01-16 07:45:31",73
"2020-01-16 08:45:35",73
"2020-01-16 09:45:26",73
"2020-01-16 10:45:24",73
"2020-01-16 11:45:28",73
"2020-01-16 12:45:28",73
"2020-01-16 14:10:10",73
"2020-01-16 15:45:34",73
"2020-01-16 16:45:42",73
"2020-01-16 17:45:44",73
"2020-01-16 18:45:28",73
"2020-01-16 19:45:32",73
"2020-01-16 20:45:35",73
"2020-01-16 21:45:29",73
"2020-01-16 22:45:36",73
"2020-01-16 23:45:25",73
"2020-01-17 00:45:52",73
"2020-01-17 01:45:58",73
"2020-01-17 02:45:28",73
"2020-01-17 03:45:26",73
"2020-01-17 04:45:25",73
"2020-01-17 05:45:20",73
"2020-01-17 06:45:27",73
"2020-01-17 07:45:16",73
"2020-01-17 08:45:16",73
"2020-01-17 09:46:00",73
"2020-01-17 10:45:07",73
"2020-01-17 11:45:10",73
"2020-01-17 12:45:16",73
"2020-01-17 14:08:12",73
"2020-01-17 14:45:34",73
"2020-01-17 15:45:32",73
"2020-01-17 16:45:34",73
"2020-01-17 17:45:25",73
"2020-01-17 18:45:29",74
"2020-01-17 19:45:24",74
"2020-01-17 20:45:23",75
"2020-01-17 21:45:16",75
"2020-01-17 22:45:24",75
"2020-01-17 23:45:20",75
"2020-01-18 00:45:47",75
"2020-01-18 01:45:19",75
"2020-01-18 02:45:21",75
"2020-01-18 03:45:26",75
"2020-01-18 04:45:25",75
"2020-01-18 05:45:29",75
"2020-01-18 06:45:11",75
"2020-01-18 07:45:24",75
"2020-01-18 08:45:21",75
"2020-01-18 09:45:15",75
"2020-01-18 10:45:19",75
"2020-01-18 11:45:09",75
"2020-01-18 12:45:18",75
"2020-01-18 13:45:19",75
"2020-01-18 14:45:22",75
"2020-01-18 15:45:27",75
"2020-01-18 16:45:10",75
"2020-01-18 17:45:29",75
"2020-01-18 18:45:24",75
"2020-01-18 19:45:53",75
"2020-01-18 20:45:26",75
"2020-01-18 21:45:29",75
"2020-01-18 22:45:19",75
"2020-01-18 23:45:19",75
"2020-01-19 00:45:09",75
"2020-01-19 01:45:24",75
"2020-01-19 02:45:26",75
"2020-01-19 03:45:31",75
"2020-01-19 04:45:21",75
"2020-01-19 05:45:19",75
"2020-01-19 06:45:20",75
"2020-01-19 07:45:12",75
"2020-01-19 08:45:40",75
"2020-01-19 09:45:19",75
"2020-01-19 10:45:08",75
"2020-01-19 11:45:11",75
"2020-01-19 12:45:25",75
"2020-01-19 13:45:15",75
"2020-01-19 14:45:42",75
"2020-01-19 15:45:56",75
"2020-01-19 16:45:14",75
"2020-01-19 17:45:18",75
"2020-01-19 18:45:12",75
"2020-01-19 19:46:01",75
"2020-01-19 20:45:21",75
"2020-01-19 21:45:26",75
"2020-01-19 22:45:23",75
"2020-01-19 23:46:10",75
"2020-01-20 00:46:00",75
"2020-01-20 01:45:54",75
"2020-01-20 02:45:37",75
"2020-01-20 03:45:56",75
"2020-01-20 04:45:49",75
"2020-01-20 05:45:15",75
"2020-01-20 06:45:57",75
"2020-01-20 07:45:13",75
"2020-01-20 08:45:55",75
"2020-01-20 09:53:03",75
"2020-01-20 10:45:35",75
"2020-01-20 11:45:10",75
"2020-01-20 12:45:16",75
"2020-01-20 13:45:45",75
"2020-01-20 14:45:44",75
"2020-01-20 15:45:55",75
"2020-01-20 16:45:22",75
"2020-01-20 17:45:49",75
"2020-01-20 18:45:20",75
"2020-01-20 19:45:48",75
"2020-01-20 20:45:55",75
"2020-01-20 21:46:02",75
"2020-01-20 22:45:56",75
"2020-01-20 23:45:50",75
"2020-01-21 00:45:55",75
"2020-01-21 01:45:47",75
"2020-01-21 02:45:53",75
"2020-01-21 03:45:17",75
"2020-01-21 04:45:25",75
"2020-01-21 05:45:19",75
"2020-01-21 06:45:19",75
"2020-01-21 07:45:11",75
"2020-01-21 08:45:25",75
"2020-01-21 10:01:34",75
"2020-01-21 10:45:53",75
"2020-01-21 11:45:19",75
"2020-01-21 12:45:17",75
"2020-01-21 13:45:23",75
"2020-01-21 15:46:12",76
"2020-01-21 16:45:31",76
"2020-01-21 17:46:00",76
"2020-01-21 18:45:36",76
"2020-01-21 19:45:55",76
"2020-01-21 20:45:31",75
"2020-01-21 21:46:00",75
"2020-01-21 22:45:49",75
"2020-01-21 23:45:20",75
"2020-01-22 00:45:25",75
"2020-01-22 01:45:25",75
"2020-01-22 02:45:53",75
"2020-01-22 03:45:29",75
"2020-01-22 04:45:31",75
"2020-01-22 05:45:32",75
"2020-01-22 06:45:22",75
"2020-01-22 07:45:23",75
"2020-01-22 08:45:30",75
"2020-01-22 09:57:44",75
"2020-01-22 10:45:09",75
"2020-01-22 11:45:13",75
"2020-01-22 12:45:44",75
"2020-01-22 13:45:52",75
"2020-01-22 14:45:50",75
"2020-01-22 15:45:32",75
"2020-01-22 16:46:03",75
"2020-01-22 17:45:49",75
"2020-01-22 18:45:47",75
"2020-01-22 19:46:04",76
"2020-01-22 20:45:56",76
"2020-01-22 21:46:04",76
"2020-01-22 22:45:40",76
"2020-01-22 23:45:53",76
"2020-01-23 00:45:59",76
"2020-01-23 01:46:01",76
"2020-01-23 02:45:31",76
"2020-01-23 03:45:28",76
"2020-01-23 04:45:38",76
"2020-01-23 05:45:17",76
"2020-01-23 06:45:24",76
"2020-01-23 07:45:22",76
"2020-01-23 08:45:21",76
"2020-01-23 10:45:13",76
"2020-01-23 11:45:23",76
"2020-01-23 12:45:19",76
"2020-01-23 14:09:41",76
"2020-01-23 14:45:53",76
"2020-01-23 15:45:35",77
"2020-01-23 16:45:25",77
"2020-01-23 17:45:24",77
"2020-01-23 18:45:34",77
"2020-01-23 19:45:25",76
"2020-01-23 20:45:34",76
"2020-01-23 21:45:37",76
"2020-01-23 22:45:25",76
"2020-01-23 23:45:30",76
"2020-01-24 00:45:22",76
"2020-01-24 01:45:26",76
"2020-01-24 02:45:57",76
"2020-01-24 03:45:19",76
"2020-01-24 04:45:22",76
"2020-01-24 05:45:34",76
"2020-01-24 06:45:09",76
"2020-01-24 07:45:31",76
"2020-01-24 08:45:15",76
"2020-01-24 09:55:48",76
"2020-01-24 10:45:19",76
"2020-01-24 11:45:09",76
"2020-01-24 12:45:20",76
"2020-01-24 14:08:41",76
"2020-01-24 14:45:36",76
"2020-01-24 15:45:32",76
"2020-01-24 16:45:30",76
"2020-01-24 17:45:27",76
"2020-01-24 18:45:24",76
"2020-01-24 19:45:35",76
"2020-01-24 20:45:32",76
"2020-01-24 21:45:26",76
"2020-01-24 22:45:18",76
"2020-01-24 23:45:26",76
"2020-01-25 00:45:21",76
"2020-01-25 01:45:27",76
"2020-01-25 02:45:38",76
"2020-01-25 03:45:35",76
"2020-01-25 04:45:25",76
"2020-01-25 05:45:35",76
"2020-01-25 06:45:21",76
"2020-01-25 07:45:26",76
"2020-01-25 08:45:25",76
"2020-01-25 09:56:16",76
"2020-01-25 10:45:17",76
"2020-01-25 11:45:17",76
"2020-01-25 12:45:26",76
"2020-01-25 14:45:15",76
"2020-01-25 15:45:17",76
"2020-01-25 16:45:28",76
"2020-01-25 17:45:30",76
"2020-01-25 18:45:28",76
"2020-01-25 19:45:25",76
"2020-01-25 20:45:24",76
"2020-01-25 21:45:20",76
"2020-01-25 22:45:25",76
"2020-01-25 23:45:20",76
"2020-01-26 00:45:27",76
"2020-01-26 01:45:26",76
"2020-01-26 02:45:29",76
"2020-01-26 03:45:28",76
"2020-01-26 04:45:21",76
"2020-01-26 06:45:13",76
"2020-01-26 07:45:16",76
"2020-01-27 02:45:29",76
"2020-01-27 03:45:26",76
"2020-01-27 04:45:31",76
"2020-01-27 05:45:32",76
"2020-01-27 06:45:33",76
"2020-01-27 07:45:22",76
"2020-01-27 08:45:22",76
"2020-01-27 09:45:33",76
"2020-01-27 10:45:20",76
"2020-01-27 11:45:26",76
"2020-01-27 12:45:10",76
"2020-01-27 13:45:30",76
"2020-01-27 14:46:24",76
"2020-01-27 15:45:57",77
"2020-01-27 16:45:36",77
"2020-01-27 17:45:42",77
"2020-01-27 18:45:39",77
"2020-01-27 19:45:49",77
"2020-01-27 20:45:36",77
"2020-01-27 21:45:41",77
"2020-01-27 22:46:05",77
"2020-01-27 23:45:42",77
"2020-01-28 00:45:19",77
"2020-01-28 01:45:42",77
"2020-01-28 02:45:43",77
"2020-01-28 03:45:30",77
"2020-01-28 04:45:31",77
"2020-01-28 05:45:31",77
"2020-01-28 06:45:18",77
"2020-01-28 07:45:19",77
"2020-01-28 08:45:31",77
"2020-01-28 09:45:49",77
"2020-01-28 10:45:14",77
"2020-01-28 11:45:19",77
"2020-01-28 12:45:17",77
"2020-01-28 14:09:15",77
"2020-01-28 14:46:01",77
"2020-01-28 15:45:41",77
"2020-01-28 16:45:48",77
"2020-01-28 17:45:39",77
"2020-01-28 18:45:40",77
"2020-01-28 19:45:41",77
"2020-01-28 21:45:59",77
"2020-01-28 22:45:40",77
"2020-01-28 23:45:28",77
"2020-01-29 00:45:28",77
"2020-01-29 01:45:42",77
"2020-01-29 02:45:55",77
"2020-01-29 03:45:40",77
"2020-01-29 04:45:37",77
"2020-01-29 05:45:32",77
"2020-01-29 06:45:26",77
"2020-01-29 07:45:14",77
"2020-01-29 08:45:28",77
"2020-01-29 09:45:36",77
"2020-01-29 10:45:18",77
"2020-01-29 11:45:17",77
"2020-01-29 12:45:25",77
"2020-01-29 13:45:42",77
"2020-01-29 14:45:53",77
"2020-01-29 15:45:52",77
"2020-01-29 16:45:40",77
"2020-01-29 17:45:56",77
"2020-01-29 18:45:41",78
"2020-01-29 19:45:49",78
"2020-01-29 20:45:47",79
"2020-01-29 21:45:36",79
"2020-01-29 22:45:32",79
"2020-01-29 23:45:25",79
"2020-01-30 00:45:40",79
"2020-01-30 01:45:51",79
"2020-01-30 02:45:49",79
"2020-01-30 03:45:29",79
"2020-01-30 04:45:54",79
"2020-01-30 05:45:55",79
"2020-01-30 06:45:45",79
"2020-01-30 07:45:19",79
"2020-01-30 08:45:27",79
"2020-01-30 09:45:35",79
"2020-01-30 10:45:09",79
"2020-01-30 11:45:22",79
"2020-01-30 12:45:26",79
"2020-01-30 13:45:24",79
"2020-01-30 14:45:58",79
"2020-01-30 15:45:48",79
"2020-01-30 16:45:52",79
"2020-01-30 17:45:46",79
"2020-01-30 18:45:40",79
"2020-01-30 19:45:50",79
"2020-01-30 20:45:28",79
"2020-01-30 21:45:48",79
"2020-01-30 22:45:17",79
"2020-01-30 23:45:21",79
"2020-01-31 00:45:27",79
"2020-01-31 01:45:44",79
"2020-01-31 02:45:33",79
"2020-01-31 03:45:39",79
"2020-01-31 04:45:29",79
"2020-01-31 05:45:27",79
"2020-01-31 06:45:15",79
"2020-01-31 07:45:22",79
"2020-01-31 08:45:44",79
"2020-01-31 09:45:38",79
"2020-01-31 10:45:25",79
"2020-01-31 11:45:19",79
"2020-01-31 12:45:19",79
"2020-01-31 13:45:36",79
"2020-01-31 14:45:42",79
"2020-01-31 15:45:35",79
"2020-01-31 16:45:30",79
"2020-01-31 17:45:27",79
"2020-01-31 18:45:35",79
"2020-01-31 19:45:34",79
"2020-01-31 20:45:34",78
"2020-01-31 21:45:19",78
"2020-01-31 22:45:24",78
"2020-01-31 23:45:30",78
"2020-02-01 00:45:19",78
"2020-02-01 01:45:44",78
"2020-02-01 02:45:23",78
"2020-02-01 03:45:23",78
"2020-02-01 04:45:36",78
"2020-02-01 05:45:40",78
"2020-02-01 06:45:39",78
"2020-02-01 07:45:25",78
"2020-02-01 08:45:22",78
"2020-02-01 09:45:35",78
"2020-02-01 10:45:15",78
"2020-02-01 11:45:22",78
"2020-02-01 12:45:17",78
"2020-02-01 13:45:22",78
"2020-02-01 14:45:36",78
"2020-02-01 15:45:28",78
"2020-02-01 16:45:25",78
"2020-02-01 17:45:32",78
"2020-02-01 18:45:25",78
"2020-02-01 19:45:34",78
"2020-02-01 20:45:31",78
"2020-02-01 21:45:47",78
"2020-02-01 22:45:34",78
"2020-02-01 23:45:40",78
"2020-02-02 00:45:40",78
"2020-02-02 01:45:46",78
"2020-02-02 02:45:37",78
"2020-02-02 03:45:37",78
"2020-02-02 04:45:33",78
"2020-02-02 05:45:36",78
"2020-02-02 06:45:35",78
"2020-02-02 07:45:32",78
"2020-02-02 08:45:41",78
"2020-02-02 09:45:34",78
"2020-02-02 10:45:27",78
"2020-02-02 11:45:30",78
"2020-02-02 12:45:38",78
"2020-02-02 13:45:35",78
"2020-02-02 14:45:33",78
"2020-02-02 15:45:31",78
"2020-02-02 16:45:34",78
"2020-02-02 17:45:48",78
"2020-02-02 18:45:31",78
"2020-02-02 19:45:39",78
"2020-02-02 20:45:44",78
"2020-02-02 21:45:38",78
"2020-02-02 22:45:38",78
"2020-02-02 23:45:54",78
"2020-02-03 00:46:03",78
"2020-02-03 01:45:47",78
"2020-02-03 02:45:39",78
"2020-02-03 03:45:41",78
"2020-02-03 04:45:43",78
"2020-02-03 05:45:47",78
"2020-02-03 06:45:31",78
"2020-02-03 07:45:37",78
"2020-02-03 08:45:41",78
"2020-02-03 09:45:44",78
"2020-02-03 10:45:29",78
"2020-02-03 11:45:33",78
"2020-02-03 12:45:25",78
"2020-02-03 14:45:53",78
"2020-02-03 14:53:39",78
"2020-02-03 15:45:58",78
"2020-02-03 16:45:49",78
"2020-02-03 17:45:49",78
"2020-02-03 18:45:57",78
"2020-02-03 19:45:52",78
"2020-02-03 20:45:50",78
"2020-02-03 21:45:45",78
"2020-02-03 22:45:37",78
"2020-02-03 23:45:43",78
"2020-02-04 00:45:44",78
"2020-02-04 01:45:46",78
"2020-02-04 02:45:53",78
"2020-02-04 03:45:50",78
"2020-02-04 04:45:48",78
"2020-02-04 05:45:54",78
"2020-02-04 06:45:44",78
"2020-02-04 07:45:47",78
"2020-02-04 08:45:26",78
"2020-02-04 09:45:46",78
"2020-02-04 10:45:30",78
"2020-02-04 11:45:45",78
"2020-02-04 12:45:38",78
"2020-02-04 14:12:48",78
"2020-02-04 15:45:49",78
"2020-02-04 16:45:45",77
"2020-02-04 17:45:51",76
"2020-02-04 18:45:46",76
"2020-02-04 19:45:40",76
"2020-02-04 20:45:39",76
"2020-02-04 21:45:46",76
"2020-02-04 22:45:44",76
"2020-02-04 23:45:47",76
"2020-02-05 00:45:46",76
"2020-02-05 01:45:43",76
"2020-02-05 02:45:47",76
"2020-02-05 03:45:47",76
"2020-02-05 04:46:13",76
"2020-02-05 05:45:41",76
"2020-02-05 06:45:54",76
"2020-02-05 07:45:46",76
"2020-02-05 08:45:43",76
"2020-02-05 09:45:41",76
"2020-02-05 10:45:44",76
"2020-02-05 11:45:39",76
"2020-02-05 12:45:44",76
"2020-02-05 14:06:47",76
"2020-02-05 14:46:01",76
"2020-02-05 15:46:00",76
"2020-02-05 16:45:52",76
"2020-02-05 17:45:44",76
"2020-02-05 18:45:42",76
"2020-02-05 19:45:52",76
"2020-02-05 20:45:58",76
"2020-02-05 21:45:42",76
"2020-02-05 22:45:46",76
"2020-02-05 23:45:42",76
"2020-02-06 00:45:52",76
"2020-02-06 01:45:51",76
"2020-02-06 02:45:55",76
"2020-02-06 03:46:09",76
"2020-02-06 04:46:02",76
"2020-02-06 05:45:51",76
"2020-02-06 06:45:38",76
"2020-02-06 07:45:47",76
"2020-02-06 08:45:42",76
"2020-02-06 09:45:43",76
"2020-02-06 10:45:29",76
"2020-02-06 11:45:35",76
"2020-02-06 12:45:40",76
"2020-02-06 13:45:36",76
"2020-02-06 14:45:51",76
"2020-02-06 15:46:01",76
"2020-02-06 16:45:43",76
"2020-02-06 17:45:44",76
"2020-02-06 18:45:46",76
"2020-02-06 19:45:55",76
"2020-02-06 20:45:50",76
"2020-02-06 21:45:44",76
"2020-02-06 22:45:49",76
"2020-02-06 23:45:42",76
"2020-02-07 00:45:44",76
"2020-02-07 01:45:59",76
"2020-02-07 02:45:42",76
"2020-02-07 03:45:49",76
"2020-02-07 04:45:53",76
"2020-02-07 05:45:57",76
"2020-02-07 06:46:02",76
"2020-02-07 07:45:50",76
"2020-02-07 08:45:49",76
"2020-02-07 09:45:52",76
"2020-02-07 10:45:41",76
"2020-02-07 11:45:43",76
"2020-02-07 12:45:36",76
"2020-02-07 14:08:17",76
"2020-02-07 14:46:00",76
"2020-02-07 15:45:52",76
"2020-02-07 16:45:56",76
"2020-02-07 17:46:00",76
"2020-02-07 18:45:44",76
"2020-02-07 19:45:57",76
"2020-02-07 20:45:52",76
"2020-02-07 21:45:42",76
"2020-02-07 22:45:53",76
"2020-02-07 23:45:36",76
"2020-02-08 00:45:41",76
"2020-02-08 01:45:37",76
"2020-02-08 02:45:50",76
"2020-02-08 03:45:50",76
"2020-02-08 04:45:44",76
"2020-02-08 05:45:42",76
"2020-02-08 06:45:39",76
"2020-02-08 07:45:46",76
"2020-02-08 08:45:35",76
"2020-02-08 09:45:40",76
"2020-02-08 10:45:29",76
"2020-02-08 11:45:37",76
"2020-02-08 12:45:33",76
"2020-02-08 13:45:38",76
"2020-02-08 14:45:53",76
"2020-02-08 15:45:47",76
"2020-02-08 16:45:49",76
"2020-02-08 17:45:50",76
"2020-02-08 18:48:27",76
"2020-02-08 19:45:42",76
"2020-02-08 20:45:50",76
"2020-02-08 21:45:47",76
"2020-02-08 22:45:44",76
"2020-02-08 23:45:44",76
"2020-02-09 00:45:39",76
"2020-02-09 01:45:49",76
"2020-02-09 02:45:51",76
"2020-02-09 03:45:48",76
"2020-02-09 04:45:34",76
"2020-02-09 05:45:40",76
"2020-02-09 06:45:37",76
"2020-02-09 07:45:38",76
"2020-02-09 08:45:38",76
"2020-02-09 09:45:46",76
"2020-02-09 10:45:44",76
"2020-02-09 11:45:43",76
"2020-02-09 12:45:39",76
"2020-02-09 13:45:37",76
"2020-02-09 14:45:41",76
"2020-02-09 15:45:46",76
"2020-02-09 16:45:46",76
"2020-02-09 17:45:48",76
"2020-02-09 18:45:40",76
"2020-02-09 19:45:49",76
"2020-02-09 20:45:44",76
"2020-02-09 21:45:57",76
"2020-02-09 22:45:43",76
"2020-02-09 23:46:22",76
"2020-02-10 00:45:55",76
"2020-02-10 01:45:40",76
"2020-02-10 02:45:45",76
"2020-02-10 03:45:49",76
"2020-02-10 04:45:41",76
"2020-02-10 05:45:55",76
"2020-02-10 06:45:49",76
"2020-02-10 07:45:47",76
"2020-02-10 08:45:44",76
"2020-02-10 09:45:53",76
"2020-02-10 10:45:39",76
"2020-02-10 11:45:36",76
"2020-02-10 12:45:36",76
"2020-02-10 13:45:41",76
"2020-02-10 14:45:54",76
"2020-02-10 15:46:00",77
"2020-02-10 16:45:57",77
"2020-02-10 17:45:46",77
"2020-02-10 18:45:49",77
"2020-02-10 19:45:50",77
"2020-02-10 20:45:56",77
"2020-02-10 21:45:52",77
"2020-02-10 22:45:50",77
"2020-02-10 23:45:41",77
"2020-02-11 00:45:51",77
"2020-02-11 01:46:10",77
"2020-02-11 02:45:46",77
"2020-02-11 03:45:49",77
"2020-02-11 04:45:45",77
"2020-02-11 05:45:45",77
"2020-02-11 06:45:50",77
"2020-02-11 07:45:43",77
"2020-02-11 08:45:46",77
"2020-02-11 09:45:50",77
"2020-02-11 10:45:33",77
"2020-02-11 11:45:36",77
"2020-02-11 12:45:28",77
"2020-02-11 14:08:47",77
"2020-02-11 14:46:04",77
"2020-02-11 15:45:56",77
"2020-02-11 16:46:01",77
"2020-02-11 17:45:48",77
"2020-02-11 18:45:50",77
"2020-02-11 19:45:53",77
"2020-02-11 20:45:54",77
"2020-02-11 21:48:19",77
"2020-02-11 22:46:07",77
"2020-02-11 23:45:39",77
"2020-02-12 00:46:09",77
"2020-02-12 01:45:51",77
"2020-02-12 02:46:16",77
"2020-02-12 03:45:45",77
"2020-02-12 04:45:56",77
"2020-02-12 05:45:44",77
"2020-02-12 06:45:54",77
"2020-02-12 07:45:41",77
"2020-02-12 08:45:43",77
"2020-02-12 09:45:54",77
"2020-02-12 10:45:36",77
"2020-02-12 11:45:38",77
"2020-02-12 12:45:38",77
"2020-02-12 14:08:47",77
"2020-02-12 14:46:04",77
"2020-02-12 15:45:52",77
"2020-02-12 16:45:50",77
"2020-02-12 17:45:51",77
"2020-02-12 18:45:56",77
"2020-02-12 19:45:50",77
"2020-02-12 20:46:01",78
"2020-02-12 21:45:53",78
"2020-02-12 22:45:30",78
"2020-02-12 23:45:21",78
"2020-02-13 00:45:53",78
"2020-02-13 01:45:37",78
"2020-02-13 02:46:01",78
"2020-02-13 03:45:51",78
"2020-02-13 04:45:48",78
"2020-02-13 05:45:49",78
"2020-02-13 06:45:51",78
"2020-02-13 07:45:34",78
"2020-02-13 08:45:44",78
"2020-02-13 09:45:32",78
"2020-02-13 10:45:23",78
"2020-02-13 11:45:44",78
"2020-02-13 12:45:31",78
"2020-02-13 14:08:45",78
"2020-02-13 14:45:47",78
"2020-02-13 15:45:45",78
"2020-02-13 16:45:43",78
"2020-02-13 17:46:01",78
"2020-02-13 18:46:02",78
"2020-02-13 19:45:48",78
"2020-02-13 20:45:37",78
"2020-02-13 21:45:48",79
"2020-02-13 22:45:27",79
"2020-02-13 23:45:33",79
"2020-02-14 00:45:26",79
"2020-02-14 01:45:48",79
"2020-02-14 02:45:46",79
"2020-02-14 03:45:34",79
"2020-02-14 04:45:43",79
"2020-02-14 05:45:38",79
"2020-02-14 06:45:20",79
"2020-02-14 07:45:18",79
"2020-02-14 08:45:37",79
"2020-02-14 09:45:33",79
"2020-02-14 10:45:28",79
"2020-02-14 11:45:22",79
"2020-02-14 12:45:31",79
"2020-02-14 13:45:36",79
"2020-02-14 14:45:54",79
"2020-02-14 15:45:59",79
"2020-02-14 16:45:42",79
"2020-02-14 17:45:44",79
"2020-02-14 18:45:31",79
"2020-02-14 19:45:37",79
"2020-02-14 20:45:49",79
"2020-02-14 21:45:34",79
"2020-02-14 22:45:27",79
"2020-02-14 23:45:45",79
"2020-02-15 00:45:28",79
"2020-02-15 01:45:43",79
"2020-02-15 02:45:43",79
"2020-02-15 03:45:36",79
"2020-02-15 04:45:35",79
"2020-02-15 05:45:04",79
"2020-02-15 06:45:20",79
"2020-02-15 07:45:09",79
"2020-02-15 08:45:05",79
"2020-02-15 09:45:10",79
"2020-02-15 10:45:02",79
"2020-02-15 11:45:06",79
"2020-02-15 12:45:16",79
"2020-02-15 13:45:06",79
"2020-02-15 14:45:09",79
"2020-02-15 15:45:10",79
"2020-02-15 16:45:04",79
"2020-02-15 17:45:06",79
"2020-02-15 18:45:24",79
"2020-02-15 19:45:05",79
"2020-02-15 20:45:07",79
"2020-02-15 21:45:05",79
"2020-02-15 22:45:08",79
"2020-02-15 23:45:07",79
"2020-02-16 00:45:06",79
"2020-02-16 01:45:07",79
"2020-02-16 02:45:05",79
"2020-02-16 03:45:05",79
"2020-02-16 04:45:09",79
"2020-02-16 05:45:08",79
"2020-02-16 06:45:05",79
"2020-02-16 07:45:04",79
"2020-02-16 08:45:05",79
"2020-02-16 09:45:08",79
"2020-02-16 10:45:05",79
"2020-02-16 11:45:06",79
"2020-02-16 12:45:08",79
"2020-02-16 13:45:05",79
"2020-02-16 14:45:08",79
"2020-02-16 15:45:23",79
"2020-02-16 16:45:19",79
"2020-02-16 17:45:07",79
"2020-02-16 18:45:09",79
"2020-02-16 19:45:06",79
"2020-02-16 20:45:08",79
"2020-02-16 21:45:06",79
"2020-02-16 22:45:06",79
"2020-02-16 23:45:08",79
"2020-02-17 00:45:07",79
"2020-02-17 01:45:04",79
"2020-02-17 02:45:12",79
"2020-02-17 03:45:05",79
"2020-02-17 04:45:08",79
"2020-02-17 05:45:07",79
"2020-02-17 06:45:09",79
"2020-02-17 07:45:05",79
"2020-02-17 08:45:09",79
"2020-02-17 09:45:09",79
"2020-02-17 10:45:05",79
"2020-02-17 11:45:04",79
"2020-02-17 12:45:17",79
"2020-02-17 13:45:03",79
"2020-02-17 14:45:01",79
"2020-02-17 15:45:06",79
"2020-02-17 16:45:16",79
"2020-02-17 17:45:05",79
"2020-02-17 18:45:06",79
"2020-02-17 19:45:04",79
"2020-02-17 20:45:06",79
"2020-02-17 22:45:14",79
"2020-02-17 23:45:20",79
"2020-02-18 00:45:04",79
"2020-02-18 01:45:05",79
"2020-02-18 02:45:11",79
"2020-02-18 03:45:07",79
"2020-02-18 04:45:07",79
"2020-02-18 05:45:39",79
"2020-02-18 06:45:22",79
"2020-02-18 07:45:24",79
"2020-02-18 08:45:36",79
"2020-02-18 09:45:32",79
"2020-02-18 10:45:24",79
"2020-02-18 11:45:23",79
"2020-02-18 12:45:47",79
"2020-02-18 14:09:15",79
"2020-02-18 14:45:50",79
"2020-02-18 15:45:49",78
"2020-02-18 16:45:46",78
"2020-02-18 17:45:33",78
"2020-02-18 18:45:34",78
"2020-02-18 19:45:40",78
"2020-02-18 20:45:40",78
"2020-02-18 21:45:26",78
"2020-02-18 22:45:27",78
"2020-02-18 23:45:37",78
"2020-02-19 01:45:32",78
"2020-02-19 02:45:32",78
"2020-02-19 03:45:44",78
"2020-02-19 04:45:31",78
"2020-02-19 05:45:23",78
"2020-02-19 06:45:40",78
"2020-02-19 07:45:31",78
"2020-02-19 08:45:24",78
"2020-02-19 09:45:37",78
"2020-02-19 10:45:21",78
"2020-02-19 11:45:19",78
"2020-02-19 12:45:31",78
"2020-02-19 14:10:46",78
"2020-02-19 14:45:48",78
"2020-02-19 15:45:50",78
"2020-02-19 16:45:30",78
"2020-02-19 17:45:38",78
"2020-02-19 18:45:39",78
"2020-02-19 19:45:25",78
"2020-02-19 20:45:30",78
"2020-02-19 21:45:51",78
"2020-02-19 22:45:39",78
"2020-02-19 23:45:29",78
"2020-02-20 00:45:32",78
"2020-02-20 01:45:39",78
"2020-02-20 02:45:43",78
"2020-02-20 03:45:33",78
"2020-02-20 04:45:41",78
"2020-02-20 05:45:33",78
"2020-02-20 06:45:49",78
"2020-02-20 07:45:42",78
"2020-02-20 08:45:44",78
"2020-02-20 09:45:31",78
"2020-02-20 10:45:34",78
"2020-02-20 11:45:39",78
"2020-02-20 12:45:41",78
"2020-02-20 13:45:46",78
"2020-02-20 14:45:15",78
"2020-02-20 15:45:28",78
"2020-02-20 16:45:20",78
"2020-02-20 17:45:35",78
"2020-02-20 18:45:52",78
"2020-02-20 19:46:04",78
"2020-02-20 20:45:57",78
"2020-02-20 21:45:53",78
"2020-02-20 22:45:55",78
"2020-02-20 23:45:46",78
"2020-02-21 00:45:49",78
"2020-02-21 01:45:52",78
"2020-02-21 02:46:04",78
"2020-02-21 03:46:22",78
"2020-02-21 04:46:22",78
"2020-02-21 05:45:59",78
"2020-02-21 06:45:57",78
"2020-02-21 07:46:06",78
"2020-02-21 08:45:54",78
"2020-02-21 09:46:26",78
"2020-02-21 10:46:58",78
"2020-02-21 11:46:17",78
"2020-02-21 12:46:19",78
"2020-02-21 13:46:23",78
"2020-02-21 14:46:21",78
"2020-02-21 15:46:37",78
"2020-02-21 16:46:59",78
"2020-02-21 17:46:54",78
"2020-02-21 18:46:26",78
"2020-02-21 19:46:00",78
"2020-02-21 20:45:57",78
"2020-02-21 21:46:27",78
"2020-02-21 22:46:03",78
"2020-02-21 23:47:50",78
"2020-02-22 00:46:47",78
"2020-02-22 01:46:13",78
"2020-02-22 02:46:12",78
"2020-02-22 03:46:38",78
"2020-02-22 04:46:21",78
"2020-02-22 05:45:53",78
"2020-02-22 06:45:26",78
"2020-02-22 07:45:50",78
"2020-02-22 08:46:17",78
"2020-02-22 09:45:26",78
"2020-02-22 10:45:43",78
"2020-02-22 11:45:25",78
"2020-02-22 12:45:58",78
"2020-02-22 13:47:22",78
"2020-02-22 14:45:26",78
"2020-02-22 15:45:38",78
"2020-02-22 16:46:40",78
"2020-02-22 17:46:08",78
"2020-02-22 18:45:33",78
"2020-02-22 19:45:30",78
"2020-02-22 20:45:59",78
"2020-02-22 21:46:57",78
"2020-02-22 22:46:15",78
"2020-02-22 23:45:25",78
"2020-02-23 00:45:34",78
"2020-02-23 01:45:41",78
"2020-02-23 02:45:52",78
"2020-02-23 03:45:35",78
"2020-02-23 04:46:00",78
"2020-02-23 05:45:58",78
"2020-02-23 06:45:34",78
"2020-02-23 07:45:40",78
"2020-02-23 08:46:16",78
"2020-02-23 09:45:35",78
"2020-02-23 10:45:37",78
"2020-02-23 11:45:38",78
"2020-02-23 12:45:36",78
"2020-02-23 13:45:36",78
"2020-02-23 14:46:01",78
"2020-02-23 15:45:35",78
"2020-02-23 16:45:40",78
"2020-02-23 17:45:27",78
"2020-02-23 18:45:38",78
"2020-02-23 19:45:37",78
"2020-02-23 20:45:35",78
"2020-02-23 21:46:01",78
"2020-02-23 22:45:21",78
"2020-02-23 23:45:39",78
"2020-02-24 00:46:12",78
"2020-02-24 01:45:28",78
"2020-02-24 02:46:06",78
"2020-02-24 03:45:35",78
"2020-02-24 04:45:44",78
"2020-02-24 05:46:36",78
"2020-02-24 06:46:04",78
"2020-02-24 07:45:55",78
"2020-02-24 08:46:03",78
"2020-02-24 09:57:09",78
"2020-02-24 10:45:48",78
"2020-02-24 11:46:25",78
"2020-02-24 12:45:55",78
"2020-02-24 13:46:14",78
"2020-02-24 14:46:55",78
"2020-02-24 15:46:02",78
"2020-02-24 16:46:34",78
"2020-02-24 17:46:09",78
"2020-02-24 18:46:19",78
"2020-02-24 19:46:40",78
"2020-02-24 20:46:40",78
"2020-02-24 21:46:33",78
"2020-02-24 22:46:31",78
"2020-02-24 23:46:00",78
"2020-02-25 00:46:00",78
"2020-02-25 01:45:57",78
"2020-02-25 02:46:18",78
"2020-02-25 03:46:08",78
"2020-02-25 04:46:10",78
"2020-02-25 05:46:56",78
"2020-02-25 06:46:16",78
"2020-02-25 07:46:16",78
"2020-02-25 08:46:29",78
"2020-02-25 09:57:54",78
"2020-02-25 10:46:23",78
"2020-02-25 11:46:03",78
"2020-02-25 12:46:17",78
"2020-02-25 14:10:11",78
"2020-02-25 14:46:20",78
"2020-02-25 15:46:15",78
"2020-02-25 16:46:12",78
"2020-02-25 17:46:11",78
"2020-02-25 18:46:34",78
"2020-02-25 19:46:05",78
"2020-02-25 20:46:42",78
"2020-02-25 21:46:39",78
"2020-02-25 22:46:03",78
"2020-02-25 23:46:09",78
"2020-02-26 00:46:06",78
"2020-02-26 01:46:09",78
"2020-02-26 02:46:13",78
"2020-02-26 03:46:04",78
"2020-02-26 04:46:46",78
"2020-02-26 05:46:36",78
"2020-02-26 06:46:35",78
"2020-02-26 07:46:57",78
"2020-02-26 08:46:25",78
"2020-02-26 09:46:15",78
"2020-02-26 10:46:06",78
"2020-02-26 11:46:26",78
"2020-02-26 12:45:58",78
"2020-02-26 13:46:33",78
"2020-02-26 14:46:57",78
"2020-02-26 15:46:37",78
"2020-02-26 16:46:08",77
"2020-02-26 17:46:16",77
"2020-02-26 18:46:11",77
"2020-02-26 19:46:30",77
"2020-02-26 20:46:27",77
"2020-02-26 21:46:28",77
"2020-02-26 22:46:27",77
"2020-02-26 23:46:27",77
"2020-02-27 00:46:02",77
"2020-02-27 01:46:08",77
"2020-02-27 02:45:55",77
"2020-02-27 03:46:47",77
"2020-02-27 04:46:04",77
"2020-02-27 05:46:06",77
"2020-02-27 06:46:08",77
"2020-02-27 07:45:58",77
"2020-02-27 08:46:26",77
"2020-02-27 09:46:09",77
"2020-02-27 10:46:41",77
"2020-02-27 11:46:14",77
"2020-02-27 12:46:31",77
"2020-02-27 14:08:43",77
"2020-02-27 14:47:03",77
"2020-02-27 15:46:37",77
"2020-02-27 16:46:40",77
"2020-02-27 17:46:23",77
"2020-02-27 18:46:32",77
"2020-02-27 19:46:01",77
"2020-02-27 20:46:22",77
"2020-02-27 21:46:05",77
"2020-02-27 22:46:32",77
"2020-02-27 23:46:12",77
"2020-02-28 00:46:47",77
"2020-02-28 01:46:02",77
"2020-02-28 02:46:03",77
"2020-02-28 03:46:39",77
"2020-02-28 04:46:52",77
"2020-02-28 05:46:34",77
"2020-02-28 06:46:29",77
"2020-02-28 07:46:35",77
"2020-02-28 08:46:43",77
"2020-02-28 09:46:43",77
"2020-02-28 10:45:59",77
"2020-02-28 11:46:16",77
"2020-02-28 12:46:30",77
"2020-02-28 14:09:17",77
"2020-02-28 14:46:16",77
"2020-02-28 15:46:12",77
"2020-02-28 16:46:19",77
"2020-02-28 17:46:17",78
"2020-02-28 18:46:17",79
"2020-02-28 19:46:47",79
"2020-02-28 20:46:08",79
"2020-02-28 21:46:02",79
"2020-02-28 22:46:35",79
"2020-02-28 23:46:08",79
"2020-02-29 00:46:13",79
"2020-02-29 01:46:08",79
"2020-02-29 02:46:12",79
"2020-02-29 03:46:01",79
"2020-02-29 04:46:20",79
"2020-02-29 05:46:18",79
"2020-02-29 06:46:01",79
"2020-02-29 07:47:01",79
"2020-02-29 08:47:32",79
"2020-02-29 09:47:01",79
"2020-02-29 10:45:36",79
"2020-02-29 11:45:32",79
"2020-02-29 12:47:05",79
"2020-02-29 13:47:01",79
"2020-02-29 14:45:41",79
"2020-02-29 15:45:39",79
"2020-02-29 16:46:11",79
"2020-02-29 17:46:04",79
"2020-02-29 18:45:41",79
"2020-02-29 19:45:39",79
"2020-02-29 20:45:34",79
"2020-02-29 21:45:53",79
"2020-02-29 22:47:33",79
"2020-02-29 23:46:55",79
"2020-03-01 00:46:58",79
"2020-03-01 01:47:00",79
"2020-03-01 02:45:42",79
"2020-03-01 03:47:00",79
"2020-03-01 04:45:36",79
"2020-03-01 05:46:05",79
"2020-03-01 06:45:39",79
"2020-03-01 07:45:58",79
"2020-03-01 08:45:32",79
"2020-03-01 09:46:59",79
"2020-03-01 10:46:54",79
"2020-03-01 11:45:56",79
"2020-03-01 12:46:04",79
"2020-03-01 13:45:34",79
"2020-03-01 14:45:29",79
"2020-03-01 15:47:03",79
"2020-03-01 16:46:09",79
"2020-03-01 17:46:56",79
"2020-03-01 18:47:05",79
"2020-03-01 19:47:06",79
"2020-03-01 20:47:04",79
"2020-03-01 21:45:36",79
"2020-03-01 22:45:38",79
"2020-03-01 23:47:02",79
"2020-03-02 00:45:28",79
"2020-03-02 01:46:08",79
"2020-03-02 02:46:58",79
"2020-03-02 03:47:32",79
"2020-03-02 04:46:11",79
"2020-03-02 05:47:32",79
"2020-03-02 07:46:11",79
"2020-03-02 08:47:36",79
"2020-03-02 09:47:22",79
"2020-03-02 10:46:24",79
"2020-03-02 11:46:05",79
"2020-03-02 12:46:31",79
"2020-03-02 13:47:38",79
"2020-03-02 18:47:33",80
"2020-03-03 00:46:29",83
"2020-03-03 01:46:48",83
"2020-03-03 02:46:37",83
"2020-03-03 03:47:04",83
"2020-03-03 04:47:36",83
"2020-03-03 06:48:00",83
"2020-03-03 07:46:31",83
"2020-03-03 08:48:06",83
"2020-03-03 09:48:13",83
"2020-03-03 10:46:34",83
"2020-03-03 11:48:36",83
"2020-03-03 12:46:32",83
"2020-03-03 13:48:13",83
"2020-03-03 14:47:52",83
"2020-03-03 16:48:44",84
"2020-03-03 17:48:21",83
"2020-03-03 18:46:10",83
"2020-03-03 19:46:06",83
"2020-03-03 20:46:44",85
"2020-03-03 21:46:35",88
"2020-03-03 22:48:54",88
"2020-03-03 23:47:30",88
"2020-03-04 00:47:57",88
"2020-03-04 01:47:35",88
"2020-03-04 02:46:13",88
"2020-03-04 03:46:29",88
"2020-03-04 04:48:06",88
"2020-03-04 05:46:17",88
"2020-03-04 06:48:00",88
"2020-03-04 07:46:33",88
"2020-03-04 08:47:34",88
"2020-03-04 09:46:31",88
"2020-03-04 10:45:59",88
"2020-03-04 11:48:01",88
"2020-03-04 12:47:52",88
"2020-03-04 13:48:10",88
"2020-03-04 14:46:10",88
"2020-03-04 15:48:10",88
"2020-03-04 16:46:15",87
"2020-03-04 17:46:31",87
"2020-03-04 18:47:33",87
"2020-03-04 19:47:39",87
"2020-03-04 20:47:42",87
"2020-03-04 21:46:00",86
"2020-03-04 22:47:34",86
"2020-03-04 23:46:17",86
"2020-03-05 00:46:27",86
"2020-03-05 01:46:35",86
"2020-03-05 02:46:13",86
"2020-03-05 03:46:16",86
"2020-03-05 04:46:37",86
"2020-03-05 05:46:40",86
"2020-03-05 06:46:18",86
"2020-03-05 07:46:03",86
"2020-03-05 08:47:41",86
"2020-03-05 09:46:40",86
"2020-03-05 10:46:06",86
"2020-03-05 11:47:29",86
"2020-03-05 12:46:29",86
"2020-03-05 13:46:35",86
"2020-03-05 14:47:42",86
"2020-03-05 15:46:39",86
"2020-03-05 16:47:36",86
"2020-03-05 17:46:11",85
"2020-03-05 18:46:21",85
"2020-03-05 19:46:11",85
"2020-03-05 20:46:11",84
"2020-03-05 21:46:04",84
"2020-03-05 22:47:33",84
"2020-03-05 23:47:35",84
"2020-03-06 00:46:00",84
"2020-03-06 01:46:15",84
"2020-03-06 02:48:04",84
"2020-03-06 03:47:35",84
"2020-03-06 04:47:40",84
"2020-03-06 05:47:41",84
"2020-03-06 06:48:09",84
"2020-03-06 07:47:28",84
"2020-03-06 08:46:25",84
"2020-03-06 09:47:45",84
"2020-03-06 10:46:08",84
"2020-03-06 11:47:57",84
"2020-03-06 12:46:12",84
"2020-03-06 13:45:53",84
"2020-03-06 14:48:20",84
"2020-03-06 15:46:42",85
"2020-03-06 16:46:40",85
"2020-03-06 17:46:21",85
"2020-03-06 18:46:04",86
"2020-03-06 19:46:29",87
"2020-03-06 20:46:13",87
"2020-03-06 21:46:05",87
"2020-03-06 22:46:09",87
"2020-03-06 23:46:37",87
"2020-03-07 00:46:00",87
"2020-03-07 01:46:35",87
"2020-03-07 02:46:07",87
"2020-03-07 03:48:01",87
"2020-03-07 04:48:09",87
"2020-03-07 05:47:42",87
"2020-03-07 06:47:36",87
"2020-03-07 07:46:39",87
"2020-03-07 08:47:31",87
"2020-03-07 09:46:27",87
"2020-03-07 10:46:35",87
"2020-03-07 11:47:31",87
"2020-03-07 12:46:31",87
"2020-03-07 13:46:03",87
"2020-03-07 14:46:19",87
"2020-03-07 15:46:10",87
"2020-03-07 16:46:13",87
"2020-03-07 17:46:37",87
"2020-03-07 18:46:17",87
"2020-03-07 19:46:15",87
"2020-03-07 20:47:39",87
"2020-03-07 21:48:09",87
"2020-03-07 22:47:40",87
"2020-03-07 23:47:37",87
"2020-03-08 00:46:15",87
"2020-03-08 01:46:33",87
"2020-03-08 02:46:37",87
"2020-03-08 03:47:44",87
"2020-03-08 04:47:38",87
"2020-03-08 05:47:38",87
"2020-03-08 06:46:58",87
"2020-03-08 07:47:34",87
"2020-03-08 08:47:42",87
"2020-03-08 09:46:37",87
"2020-03-08 10:47:42",87
"2020-03-08 11:46:35",87
"2020-03-08 12:48:01",87
"2020-03-08 13:48:10",87
"2020-03-08 14:46:10",87
"2020-03-08 15:47:43",87
"2020-03-08 16:46:09",87
"2020-03-08 17:46:14",87
"2020-03-08 18:48:10",87
"2020-03-08 19:47:02",87
"2020-03-08 20:46:45",87
"2020-03-08 21:46:01",87
"2020-03-08 22:47:34",87
"2020-03-08 23:46:17",87
"2020-03-09 00:47:53",87
"2020-03-09 01:46:14",87
"2020-03-09 02:47:54",87
"2020-03-09 03:47:48",87
"2020-03-09 04:47:39",87
"2020-03-09 05:46:05",87
"2020-03-09 06:46:04",87
"2020-03-09 07:46:14",87
"2020-03-09 08:46:04",87
"2020-03-09 09:46:32",87
"2020-03-09 10:47:27",87
"2020-03-09 11:47:33",87
"2020-03-09 12:46:56",87
"2020-03-09 13:45:52",87
"2020-03-09 14:47:34",87
"2020-03-09 15:46:33",90
"2020-03-09 16:46:14",91
"2020-03-09 17:45:39",89
"2020-03-09 18:45:45",89
"2020-03-09 19:46:09",89
"2020-03-09 20:46:14",90
"2020-03-09 21:47:32",90
"2020-03-09 22:47:28",90
"2020-03-09 23:48:07",90
"2020-03-10 00:45:56",90
"2020-03-10 01:47:35",90
"2020-03-10 02:46:32",90
"2020-03-10 03:47:59",90
"2020-03-10 04:46:30",90
"2020-03-10 06:47:59",90
"2020-03-10 07:47:51",90
"2020-03-10 08:46:18",90
"2020-03-10 09:47:28",90
"2020-03-10 10:47:15",90
"2020-03-10 11:47:29",90
"2020-03-10 12:46:29",90
"2020-03-10 13:46:48",90
"2020-03-10 14:48:06",90
"2020-03-10 15:48:08",89
"2020-03-10 16:46:01",89
"2020-03-10 17:47:42",89
"2020-03-10 18:47:40",89
"2020-03-10 19:47:44",89
"2020-03-10 20:49:21",89
"2020-03-10 21:48:00",89
"2020-03-10 22:47:37",89
"2020-03-10 23:46:31",89
"2020-03-11 00:47:49",89
"2020-03-11 01:47:53",89
"2020-03-11 02:48:08",89
"2020-03-11 03:46:35",89
"2020-03-11 04:46:42",89
"2020-03-11 05:47:59",89
"2020-03-11 06:47:36",89
"2020-03-11 07:46:07",89
"2020-03-11 08:46:42",89
"2020-03-11 09:45:57",89
"2020-03-11 10:46:05",89
"2020-03-11 11:47:41",89
"2020-03-11 12:47:55",89
"2020-03-11 13:47:39",89
"2020-03-11 14:46:36",90
"2020-03-11 15:46:12",90
"2020-03-11 16:48:02",90
"2020-03-11 17:46:37",89
"2020-03-11 18:46:11",89
"2020-03-11 19:48:03",87
"2020-03-11 20:48:07",87
"2020-03-11 21:46:34",87
"2020-03-11 22:46:40",87
"2020-03-11 23:46:55",87
"2020-03-12 00:46:03",87
"2020-03-12 01:47:39",87
"2020-03-12 02:46:28",87
"2020-03-12 03:47:38",87
"2020-03-12 04:48:00",87
"2020-03-12 05:46:42",87
"2020-03-12 06:46:25",87
"2020-03-12 07:46:30",87
"2020-03-12 08:47:48",87
"2020-03-12 09:47:02",87
"2020-03-12 10:47:36",87
"2020-03-12 11:47:35",87
"2020-03-12 12:47:33",87
"2020-03-12 13:48:15",87
"2020-03-12 14:46:01",87
"2020-03-12 15:46:05",87
"2020-03-12 16:46:18",87
"2020-03-12 17:46:09",86
"2020-03-12 18:48:01",87
"2020-03-12 19:46:40",87
"2020-03-12 20:46:16",86
"2020-03-12 21:48:17",86
"2020-03-12 22:46:03",87
"2020-03-12 23:48:06",87
"2020-03-13 00:48:09",87
"2020-03-13 01:46:04",87
"2020-03-13 02:47:39",87
"2020-03-13 03:47:45",87
"2020-03-13 04:46:31",87
"2020-03-13 05:46:51",87
"2020-03-13 06:48:32",87
"2020-03-13 07:48:22",87
"2020-03-13 08:48:30",87
"2020-03-13 09:48:36",87
"2020-03-13 10:46:39",87
"2020-03-13 11:47:30",87
"2020-03-13 13:08:48",87
"2020-03-13 13:46:53",87
"2020-03-13 14:46:49",88
"2020-03-13 15:46:44",89
"2020-03-13 16:47:44",90
"2020-03-13 17:47:37",91
"2020-03-13 18:48:12",91
"2020-03-13 19:47:40",91
"2020-03-13 20:46:13",91
"2020-03-13 21:46:38",91
"2020-03-13 22:46:14",91
"2020-03-13 23:47:34",91
"2020-03-14 00:46:38",91
"2020-03-14 01:48:04",91
"2020-03-14 02:47:45",91
"2020-03-14 03:46:36",91
"2020-03-14 04:48:05",91
"2020-03-14 05:47:44",91
"2020-03-14 06:46:42",91
"2020-03-14 07:48:01",91
"2020-03-14 08:47:36",91
"2020-03-14 09:47:45",91
"2020-03-14 10:46:22",91
"2020-03-14 11:46:22",91
"2020-03-14 12:46:29",91
"2020-03-14 13:46:12",91
"2020-03-14 14:47:43",91
"2020-03-14 15:46:12",91
"2020-03-14 16:47:31",91
"2020-03-14 17:46:33",91
"2020-03-14 18:47:41",91
"2020-03-14 19:46:41",91
"2020-03-14 20:47:54",91
"2020-03-14 21:47:37",91
"2020-03-14 22:48:10",91
"2020-03-14 23:47:30",91
"2020-03-15 00:46:28",91
"2020-03-15 01:46:32",91
"2020-03-15 02:48:00",91
"2020-03-15 03:48:03",91
"2020-03-15 04:46:19",91
"2020-03-15 05:48:04",91
"2020-03-15 06:46:44",91
"2020-03-15 07:48:12",91
"2020-03-15 09:01:38",91
"2020-03-15 09:47:02",91
"2020-03-15 10:47:31",91
"2020-03-15 11:48:10",91
"2020-03-15 12:47:35",91
"2020-03-15 13:46:15",91
"2020-03-15 14:46:59",91
"2020-03-15 15:46:30",91
"2020-03-15 16:47:33",91
"2020-03-15 17:46:43",91
"2020-03-15 18:48:04",91
"2020-03-15 19:47:40",91
"2020-03-15 20:46:38",91
"2020-03-15 21:46:40",91
"2020-03-15 22:47:40",91
"2020-03-15 23:47:34",91
"2020-03-16 00:46:14",91
"2020-03-16 01:46:14",91
"2020-03-16 02:46:09",91
"2020-03-16 03:47:15",91
"2020-03-16 04:47:42",91
"2020-03-16 05:48:06",91
"2020-03-16 06:46:33",91
"2020-03-16 07:48:01",91
"2020-03-16 09:00:14",91
"2020-03-16 09:47:35",91
"2020-03-16 10:46:39",91
"2020-03-16 11:47:33",91
"2020-03-16 13:10:24",91
"2020-03-16 13:47:53",91
"2020-03-16 14:46:26",91
"2020-03-16 15:47:33",91
"2020-03-16 16:46:20",91
"2020-03-16 17:46:45",91
"2020-03-16 18:46:16",91
"2020-03-16 19:48:04",91
"2020-03-16 20:46:05",91
"2020-03-16 21:46:44",91
"2020-03-16 22:46:22",91
"2020-03-16 23:47:48",91
"2020-03-17 00:47:45",91
"2020-03-17 01:46:24",91
"2020-03-17 02:47:42",91
"2020-03-17 20:12:14",89
"2020-03-17 20:20:01",89
"2020-03-17 20:46:42",89
"2020-03-17 21:46:26",89
"2020-03-17 22:46:16",89
"2020-03-17 23:46:27",89
"2020-03-18 00:46:37",89
"2020-03-18 01:46:50",89
"2020-03-18 02:46:45",89
"2020-03-18 03:46:52",89
"2020-03-18 04:46:44",89
"2020-03-18 05:46:52",89
"2020-03-18 06:46:27",89
"2020-03-18 07:46:49",89
"2020-03-18 08:46:06",89
"2020-03-18 09:46:36",89
"2020-03-18 10:46:17",89
"2020-03-18 11:46:11",89
"2020-03-18 13:10:21",89
"2020-03-18 13:46:57",89
"2020-03-18 14:46:25",89
"2020-03-18 15:46:34",89
"2020-03-18 16:46:27",91
"2020-03-18 17:46:52",91
"2020-03-18 18:46:22",92
"2020-03-18 19:46:39",92
"2020-03-18 20:46:23",92
"2020-03-18 21:46:25",92
"2020-03-18 22:46:16",92
"2020-03-18 23:46:35",92
"2020-03-19 00:46:27",92
"2020-03-19 01:46:36",92
"2020-03-19 02:46:12",92
"2020-03-19 03:46:08",92
"2020-03-19 04:46:16",92
"2020-03-19 05:48:13",92
"2020-03-19 06:46:26",92
"2020-03-19 07:46:30",92
"2020-03-19 08:46:20",92
"2020-03-19 09:46:34",92
"2020-03-19 10:46:05",92
"2020-03-19 11:46:15",92
"2020-03-19 12:46:12",92
"2020-03-19 13:46:19",92
"2020-03-19 14:46:26",91
"2020-03-19 15:46:26",92
"2020-03-19 16:46:25",92
"2020-03-19 17:46:22",92
"2020-03-19 18:46:09",92
"2020-03-19 19:46:32",92
"2020-03-19 20:46:53",93
"2020-03-19 21:46:36",93
"2020-03-19 22:46:13",93
"2020-03-19 23:47:09",93
"2020-03-20 00:46:14",93
"2020-03-20 01:46:15",93
"2020-03-20 02:47:12",93
"2020-03-20 03:46:25",93
"2020-03-20 04:46:24",93
"2020-03-20 06:46:47",93
"2020-03-20 07:46:25",93
"2020-03-20 08:47:11",93
"2020-03-20 09:46:41",93
"2020-03-20 10:46:20",93
"2020-03-20 11:46:17",93
"2020-03-20 13:09:16",93
"2020-03-20 13:46:58",93
"2020-03-20 14:46:26",94
"2020-03-20 15:46:15",92
"2020-03-20 16:46:20",92
"2020-03-20 17:46:24",92
"2020-03-20 18:46:14",92
"2020-03-20 19:46:27",92
"2020-03-20 20:46:22",91
"2020-03-20 21:46:16",91
"2020-03-20 22:46:51",91
"2020-03-20 23:46:52",91
"2020-03-21 00:46:30",91
"2020-03-21 01:46:21",91
"2020-03-21 02:46:40",91
"2020-03-21 03:46:49",91
"2020-03-21 04:46:15",91
"2020-03-21 05:46:14",91
"2020-03-21 06:46:20",91
"2020-03-21 07:46:37",91
"2020-03-21 09:11:43",91
"2020-03-21 09:46:17",91
"2020-03-21 10:46:25",91
"2020-03-21 11:46:30",91
"2020-03-21 12:46:08",91
"2020-03-21 13:46:17",91
"2020-03-21 14:47:04",91
"2020-03-21 15:46:41",91
"2020-03-21 16:46:35",91
"2020-03-21 17:46:50",91
"2020-03-21 18:46:25",91
"2020-03-21 19:46:25",91
"2020-03-21 20:46:07",91
"2020-03-21 21:46:29",91
"2020-03-21 22:46:13",91
"2020-03-21 23:46:18",91
"2020-03-22 00:46:11",91
"2020-03-22 01:46:41",91
"2020-03-22 02:46:14",91
"2020-03-22 03:46:57",91
"2020-03-22 04:46:26",91
"2020-03-22 05:46:26",91
"2020-03-22 06:46:49",91
"2020-03-22 07:46:44",91
"2020-03-22 09:15:58",91
"2020-03-22 09:46:23",91
"2020-03-22 10:46:39",91
"2020-03-22 11:46:12",91
"2020-03-22 12:46:36",91
"2020-03-22 21:56:17",91
"2020-03-22 22:46:42",91
"2020-03-22 23:46:21",91
"2020-03-23 00:47:03",91
"2020-03-23 01:46:44",91
"2020-03-23 02:46:13",91
"2020-03-23 03:46:20",91
"2020-03-23 04:46:56",91
"2020-03-23 05:46:48",91
"2020-03-23 06:46:41",91
"2020-03-23 07:46:21",91
"2020-03-23 08:46:27",91
"2020-03-23 09:46:48",91
"2020-03-23 10:46:21",91
"2020-03-23 11:46:47",91
"2020-03-23 13:08:44",91
"2020-03-23 13:46:23",91
"2020-03-23 14:46:46",93
"2020-03-23 15:46:29",93
"2020-03-23 16:46:49",93
"2020-03-23 17:46:21",93
"2020-03-23 18:46:15",93
"2020-03-23 19:46:39",93
"2020-03-23 20:46:44",93
"2020-03-23 21:46:25",93
"2020-03-23 22:46:19",93
"2020-03-23 23:46:14",93
"2020-03-24 00:46:19",93
"2020-03-24 01:46:17",93
"2020-03-24 02:46:12",93
"2020-03-24 03:46:24",93
"2020-03-24 04:46:47",93
"2020-03-24 05:48:07",93
"2020-03-24 06:46:47",93
"2020-03-24 07:46:57",93
"2020-03-24 09:10:15",93
"2020-03-24 09:46:06",93
"2020-03-24 10:46:05",93
"2020-03-24 11:46:17",93
"2020-03-24 12:45:57",93
"2020-03-24 13:47:16",93
"2020-03-24 14:47:29",94
"2020-03-24 15:47:03",94
"2020-03-24 16:47:19",94
"2020-03-24 17:46:45",95
"2020-03-24 18:46:42",95
"2020-03-24 19:46:28",95
"2020-03-24 20:46:11",95
"2020-03-24 21:46:06",95
"2020-03-24 22:46:43",95
"2020-03-24 23:46:37",95
"2020-03-25 00:46:17",95
"2020-03-25 01:46:20",95
"2020-03-25 02:46:13",95
"2020-03-25 03:46:12",95
"2020-03-25 04:46:03",95
"2020-03-25 06:46:51",95
"2020-03-25 07:46:15",95
"2020-03-25 09:47:29",95
"2020-03-25 10:46:20",95
"2020-03-25 11:46:36",95
"2020-03-25 12:46:42",95
"2020-03-25 13:46:51",95
"2020-03-25 14:46:57",96
"2020-03-25 15:47:10",97
"2020-03-25 16:46:52",96
"2020-03-25 17:47:41",96
"2020-03-25 18:46:17",97
"2020-03-25 19:46:19",98
"2020-03-25 20:46:29",99
"2020-03-25 21:46:10",99
"2020-03-25 22:46:13",99
"2020-03-25 23:46:22",99
"2020-03-26 02:07:06",99
"2020-03-26 02:46:20",99
"2020-03-26 03:46:36",99
"2020-03-26 04:47:15",99
"2020-03-26 05:46:32",99
"2020-03-26 06:46:28",99
"2020-03-26 07:46:31",99
"2020-03-26 08:46:15",99
"2020-03-26 09:46:38",99
"2020-03-26 10:46:06",99
"2020-03-26 11:46:24",99
"2020-03-26 12:46:23",99
"2020-03-26 13:46:27",99
"2020-03-26 14:46:37",99
"2020-03-26 15:46:32",101
"2020-03-26 16:46:25",102
"2020-03-26 17:46:40",102
"2020-03-26 18:46:19",103
"2020-03-26 19:46:19",104
"2020-03-26 20:46:21",106
"2020-03-26 21:46:33",106
"2020-03-26 22:46:11",107
"2020-03-26 23:46:43",107
"2020-03-27 00:46:27",107
"2020-03-27 01:46:33",107
"2020-03-27 02:46:45",107
"2020-03-27 03:46:22",107
"2020-03-27 04:46:31",107
"2020-03-27 05:46:19",107
"2020-03-27 06:46:43",107
"2020-03-27 07:46:46",107
"2020-03-27 08:48:22",107
"2020-03-27 09:47:03",107
"2020-03-27 10:46:29",107
"2020-03-27 11:46:15",107
"2020-03-27 12:46:12",107
"2020-03-27 13:46:41",107
"2020-03-27 14:46:22",107
"2020-03-27 15:46:24",106
"2020-03-27 16:46:36",106
"2020-03-27 17:46:20",106
"2020-03-27 18:46:52",107
"2020-03-27 19:46:20",106
"2020-03-27 20:46:17",106
"2020-03-27 21:46:48",106
"2020-03-27 22:46:21",106
"2020-03-27 23:46:33",106
"2020-03-28 00:46:37",106
"2020-03-28 01:46:05",106
"2020-03-28 02:46:08",106
"2020-03-28 03:46:23",106
"2020-03-28 04:46:16",106
"2020-03-28 05:47:08",106
"2020-03-28 06:46:24",106
"2020-03-28 07:46:06",106
"2020-03-28 08:46:19",106
"2020-03-28 09:46:36",106
"2020-03-28 10:46:49",106
"2020-03-28 11:46:15",106
"2020-03-28 12:46:39",106
"2020-03-28 13:46:39",106
"2020-03-28 14:46:21",106
"2020-03-28 15:46:17",106
"2020-03-28 16:46:11",106
"2020-03-28 17:46:24",106
"2020-03-28 18:46:25",106
"2020-03-28 19:46:10",106
"2020-03-28 20:46:23",106
"2020-03-28 21:46:09",106
"2020-03-28 22:47:04",106
"2020-03-28 23:46:24",106
"2020-03-29 00:46:32",106
"2020-03-29 01:46:43",106
"2020-03-29 02:47:05",106
"2020-03-29 03:47:12",106
"2020-03-29 04:46:39",106
"2020-03-29 05:46:34",106
"2020-03-29 06:47:18",106
"2020-03-29 07:46:40",106
"2020-03-29 08:46:26",106
"2020-03-29 09:46:22",106
"2020-03-29 10:46:58",106
"2020-03-29 11:46:20",106
"2020-03-29 12:46:15",106
"2020-03-29 13:46:14",106
"2020-03-29 14:46:13",106
"2020-03-29 15:46:19",106
"2020-03-29 16:46:24",106
"2020-03-29 17:46:44",106
"2020-03-29 18:46:16",106
"2020-03-29 19:46:17",106
"2020-03-29 20:46:14",106
"2020-03-29 21:47:03",106
"2020-03-29 22:46:25",106
"2020-03-29 23:46:25",106
"2020-03-30 00:46:24",106
"2020-03-30 01:46:20",106
"2020-03-30 02:46:53",106
"2020-03-30 03:46:23",106
"2020-03-30 04:46:51",106
"2020-03-30 05:46:10",106
"2020-03-30 06:46:29",106
"2020-03-30 07:46:43",106
"2020-03-30 08:46:21",106
"2020-03-30 09:46:10",106
"2020-03-30 10:46:15",106
"2020-03-30 11:46:01",106
"2020-03-30 12:46:16",106
"2020-03-30 13:46:59",106
"2020-03-30 14:46:21",108
"2020-03-30 15:46:50",108
"2020-03-30 16:46:28",107
"2020-03-30 17:46:44",109
"2020-03-30 18:46:32",114
"2020-03-30 19:46:49",119
"2020-03-30 20:46:24",123
"2020-03-30 21:46:41",123
"2020-03-30 22:46:15",124
"2020-03-30 23:46:11",124
"2020-03-31 00:46:05",124
"2020-03-31 01:46:22",124
"2020-03-31 02:46:18",124
"2020-03-31 03:46:36",124
"2020-03-31 04:46:17",124
"2020-03-31 05:46:20",124
"2020-03-31 06:46:15",124
"2020-03-31 07:46:26",124
"2020-03-31 08:46:22",124
"2020-03-31 09:46:23",124
"2020-03-31 10:46:17",124
"2020-03-31 11:46:48",124
"2020-03-31 13:07:47",124
"2020-03-31 13:46:25",124
"2020-03-31 14:47:00",127
"2020-03-31 15:46:21",121
"2020-03-31 16:47:00",123
"2020-03-31 17:46:26",125
"2020-03-31 18:46:45",124
"2020-03-31 19:46:22",124
"2020-03-31 20:46:44",124
"2020-03-31 21:46:19",124
"2020-03-31 22:46:24",124
"2020-03-31 23:46:09",124
"2020-04-01 00:45:49",124
"2020-04-01 01:45:49",124
"2020-04-01 02:45:47",124
"2020-04-01 03:45:53",124
"2020-04-01 04:46:07",124
"2020-04-01 05:46:24",124
"2020-04-01 06:45:57",124
"2020-04-01 07:46:16",124
"2020-04-01 08:45:47",124
"2020-04-01 09:46:00",124
"2020-04-01 10:45:36",124
"2020-04-01 11:46:30",124
"2020-04-01 13:10:48",124
"2020-04-01 13:45:51",124
"2020-04-01 14:46:32",129
"2020-04-01 15:46:11",129
"2020-04-01 16:45:40",129
"2020-04-01 17:45:38",130
"2020-04-01 18:45:41",131
"2020-04-01 19:45:47",131
"2020-04-01 20:45:50",131
"2020-04-01 21:45:39",131
"2020-04-01 22:45:39",131
"2020-04-01 23:46:14",131
"2020-04-02 00:45:46",131
"2020-04-02 01:46:13",131
"2020-04-02 02:45:46",131
"2020-04-02 03:46:11",131
"2020-04-02 04:45:48",131
"2020-04-02 05:45:56",131
"2020-04-02 06:45:32",131
"2020-04-02 07:46:13",131
"2020-04-02 08:46:44",131
"2020-04-02 09:46:10",131
"2020-04-02 10:45:48",131
"2020-04-02 11:45:43",131
"2020-04-02 13:11:49",131
"2020-04-02 13:46:19",131
"2020-04-02 14:45:38",130
"2020-04-02 15:45:55",129
"2020-04-02 16:45:34",129
"2020-04-02 17:45:40",129
"2020-04-02 18:46:52",129
"2020-04-02 19:45:41",129
"2020-04-02 20:46:05",129
"2020-04-02 21:46:36",129
"2020-04-02 22:46:18",129
"2020-04-02 23:45:40",129
"2020-04-03 00:45:53",129
"2020-04-03 01:46:11",129
"2020-04-03 02:45:47",129
"2020-04-03 03:45:40",129
"2020-04-03 04:46:03",129
"2020-04-03 05:46:12",129
"2020-04-03 06:45:48",129
"2020-04-03 08:45:49",129
"2020-04-03 09:45:47",129
"2020-04-03 10:46:09",129
"2020-04-03 11:45:42",129
"2020-04-03 13:12:50",129
"2020-04-03 13:45:55",129
"2020-04-03 14:45:58",132
"2020-04-03 15:46:15",133
"2020-04-03 16:46:12",134
"2020-04-03 17:46:13",135
"2020-04-03 18:46:14",135
"2020-04-03 19:45:43",135
"2020-04-03 20:45:42",135
"2020-04-03 21:45:52",135
"2020-04-03 22:46:31",135
"2020-04-03 23:45:48",135
"2020-04-04 00:45:38",135
"2020-04-04 01:46:08",135
"2020-04-04 02:45:50",135
"2020-04-04 03:45:54",135
"2020-04-04 04:46:01",135
"2020-04-04 05:46:08",135
"2020-04-04 06:45:39",135
"2020-04-04 07:46:16",135
"2020-04-04 08:46:05",135
"2020-04-04 09:46:02",135
"2020-04-04 10:45:45",135
"2020-04-04 11:45:46",135
"2020-04-04 12:45:44",135
"2020-04-04 13:45:42",135
"2020-04-04 14:45:58",135
"2020-04-04 15:45:36",135
"2020-04-04 16:45:45",135
"2020-04-04 17:45:45",135
"2020-04-04 18:45:42",135
"2020-04-04 19:45:45",135
"2020-04-04 20:45:39",135
"2020-04-04 21:45:40",135
"2020-04-04 22:46:15",135
"2020-04-04 23:45:40",135
"2020-04-05 00:46:26",135
"2020-04-05 01:46:07",135
"2020-04-05 02:45:38",135
"2020-04-05 03:45:46",135
"2020-04-05 04:46:08",135
"2020-04-05 05:46:01",135
"2020-04-05 06:46:05",135
"2020-04-05 07:45:47",135
"2020-04-05 08:45:52",135
"2020-04-05 09:45:42",135
"2020-04-05 10:46:15",135
"2020-04-05 11:46:08",135
"2020-04-05 12:45:39",135
"2020-04-05 13:46:11",135
"2020-04-05 14:45:45",135
"2020-04-05 15:45:36",135
"2020-04-05 16:46:10",135
"2020-04-05 17:45:34",135
"2020-04-05 18:45:47",135
"2020-04-05 19:45:39",135
"2020-04-05 20:45:46",135
"2020-04-05 21:45:49",135
"2020-04-05 22:46:03",135
"2020-04-05 23:45:39",135
"2020-04-06 00:45:37",135
"2020-04-06 01:45:47",135
"2020-04-06 02:46:04",135
"2020-04-06 03:46:36",135
"2020-04-06 04:45:32",135
"2020-04-06 05:45:56",135
"2020-04-06 06:45:58",135
"2020-04-06 07:45:45",135
"2020-04-06 08:46:08",135
"2020-04-06 09:45:43",135
"2020-04-06 10:45:56",135
"2020-04-06 11:45:34",135
"2020-04-06 12:45:55",135
"2020-04-06 13:45:50",135
"2020-04-06 14:45:45",136
"2020-04-06 15:45:47",136
"2020-04-06 16:45:39",136
"2020-04-06 17:45:39",137
"2020-04-06 18:48:14",137
"2020-04-06 19:46:07",138
"2020-04-06 20:45:42",139
"2020-04-06 21:45:35",139
"2020-04-06 22:45:47",139
"2020-04-06 23:45:58",139
"2020-04-07 00:45:47",139
"2020-04-07 01:45:57",139
"2020-04-07 02:45:47",139
"2020-04-07 03:45:41",139
"2020-04-07 04:45:39",139
"2020-04-07 05:45:34",139
"2020-04-07 06:45:53",139
"2020-04-07 07:45:46",139
"2020-04-07 08:46:04",139
"2020-04-07 09:45:41",139
"2020-04-07 10:45:31",139
"2020-04-07 11:45:38",139
"2020-04-07 12:45:40",139
"2020-04-07 13:45:45",139
"2020-04-07 14:45:28",137
"2020-04-07 15:45:37",136
"2020-04-07 16:45:49",137
"2020-04-07 17:45:32",136
"2020-04-07 18:45:35",138
"2020-04-07 19:45:33",139
"2020-04-07 20:45:43",140
"2020-04-07 21:45:49",140
"2020-04-07 22:45:37",140
"2020-04-07 23:45:41",140
"2020-04-08 00:45:49",140
"2020-04-08 01:45:35",140
"2020-04-08 02:45:26",140
"2020-04-08 03:45:49",140
"2020-04-08 04:45:30",140
"2020-04-08 06:45:44",140
"2020-04-08 07:45:53",140
"2020-04-08 08:45:58",140
"2020-04-08 09:45:43",140
"2020-04-08 10:45:36",140
"2020-04-08 11:45:34",140
"2020-04-08 12:45:34",140
"2020-04-08 13:45:40",140
"2020-04-08 14:45:30",142
"2020-04-08 15:45:44",144
"2020-04-08 16:45:34",145
"2020-04-08 17:45:54",146
"2020-04-08 18:45:33",148
"2020-04-08 19:45:52",150
"2020-04-08 20:45:41",150
"2020-04-08 21:45:36",150
"2020-04-08 22:45:29",150
"2020-04-08 23:45:39",150
"2020-04-09 00:45:33",150
"2020-04-09 02:45:38",150
"2020-04-09 03:45:34",150
"2020-04-09 04:45:56",150
"2020-04-09 05:45:44",150
"2020-04-09 06:45:59",150
"2020-04-09 07:45:27",150
"2020-04-09 08:45:31",150
"2020-04-09 09:45:28",150
"2020-04-09 10:45:36",150
"2020-04-09 11:45:33",150
"2020-04-09 12:45:31",150
"2020-04-09 13:45:46",150
"2020-04-09 14:45:44",149
"2020-04-09 15:45:22",151
"2020-04-09 16:45:35",155
"2020-04-09 17:45:34",155
"2020-04-09 18:45:22",155
"2020-04-09 19:45:51",155
"2020-04-09 20:45:34",153
"2020-04-09 21:45:33",153
"2020-04-09 22:45:31",153
"2020-04-09 23:45:29",153
"2020-04-10 00:45:34",153
"2020-04-10 01:45:28",153
"2020-04-10 02:45:40",153
"2020-04-10 03:45:37",153
"2020-04-10 04:45:30",153
"2020-04-10 05:45:41",153
"2020-04-10 06:45:30",153
"2020-04-10 07:45:33",153
"2020-04-10 08:45:41",153
"2020-04-10 09:45:33",153
"2020-04-10 10:45:38",153
"2020-04-10 11:45:35",153
"2020-04-10 12:45:34",153
"2020-04-10 13:45:37",153
"2020-04-10 14:45:47",153
"2020-04-10 15:45:35",153
"2020-04-10 16:45:27",153
"2020-04-10 17:45:34",153
"2020-04-10 18:45:34",153
"2020-04-10 19:45:33",153
"2020-04-10 20:45:56",153
"2020-04-10 21:45:17",153
"2020-04-10 22:45:15",153
"2020-04-10 23:45:16",153
"2020-04-11 00:45:21",153
"2020-04-11 01:45:11",153
"2020-04-11 02:45:16",153
"2020-04-11 03:45:16",153
"2020-04-11 04:45:21",153
"2020-04-11 05:45:14",153
"2020-04-11 06:45:16",153
"2020-04-11 07:45:15",153
"2020-04-11 08:45:09",153
"2020-04-11 09:45:10",153
"2020-04-11 10:45:21",153
"2020-04-11 11:45:09",153
"2020-04-11 12:45:15",153
"2020-04-11 13:45:21",153
"2020-04-11 14:45:09",153
"2020-04-11 15:45:22",153
"2020-04-11 16:45:19",153
"2020-04-11 17:45:19",153
"2020-04-11 18:45:18",153
"2020-04-11 19:45:14",153
"2020-04-11 20:45:09",153
"2020-04-11 21:45:15",153
"2020-04-11 22:45:14",153
"2020-04-11 23:45:15",153
"2020-04-12 00:45:23",153
"2020-04-12 01:45:14",153
"2020-04-12 02:45:14",153
"2020-04-12 03:45:11",153
"2020-04-12 04:45:26",153
"2020-04-12 05:45:19",153
"2020-04-12 06:45:17",153
"2020-04-12 07:45:12",153
"2020-04-12 08:45:14",153
"2020-04-12 09:45:17",153
"2020-04-12 10:45:17",153
"2020-04-12 11:45:12",153
"2020-04-12 12:45:15",153
"2020-04-12 13:45:22",153
"2020-04-12 14:45:18",153
"2020-04-12 15:45:16",153
"2020-04-12 16:45:14",153
"2020-04-12 17:45:10",153
"2020-04-12 18:45:16",153
"2020-04-12 19:45:15",153
"2020-04-12 20:45:30",153
"2020-04-12 21:45:19",153
"2020-04-12 22:45:24",153
"2020-04-12 23:45:29",153
"2020-04-13 00:45:37",153
"2020-04-13 01:45:25",153
"2020-04-13 02:45:27",153
"2020-04-13 03:45:42",153
"2020-04-13 04:45:31",153
"2020-04-13 05:45:33",153
"2020-04-13 06:45:16",153
"2020-04-13 07:45:10",153
"2020-04-13 08:45:19",153
"2020-04-13 09:45:13",153
"2020-04-13 10:45:13",153
"2020-04-13 11:45:21",153
"2020-04-13 13:09:43",153
"2020-04-13 13:45:12",153
"2020-04-13 14:45:11",156
"2020-04-13 15:45:17",157
"2020-04-13 16:45:18",157
"2020-04-13 17:45:27",159
"2020-04-13 18:45:10",159
"2020-04-13 19:45:13",160
"2020-04-13 20:45:17",162
"2020-04-13 21:45:24",162
"2020-04-13 22:45:12",162
"2020-04-13 23:45:18",162
"2020-04-14 00:45:42",162
"2020-04-14 01:45:36",162
"2020-04-14 02:45:31",162
"2020-04-14 03:45:31",162
"2020-04-14 04:45:31",162
"2020-04-14 05:45:37",162
"2020-04-14 06:45:23",162
"2020-04-14 07:45:17",162
"2020-04-14 08:45:20",162
"2020-04-14 09:45:19",162
"2020-04-14 10:45:18",162
"2020-04-14 11:45:19",162
"2020-04-14 12:45:15",162
"2020-04-14 13:45:20",162
"2020-04-14 14:45:27",160
"2020-04-14 15:45:29",161
"2020-04-14 16:45:36",161
"2020-04-14 17:45:10",161
"2020-04-14 18:45:33",160
"2020-04-14 19:45:17",160
"2020-04-14 20:45:15",160
"2020-04-14 21:45:17",160
"2020-04-14 22:45:15",160
"2020-04-14 23:45:31",160
"2020-04-15 00:45:27",160
"2020-04-15 01:45:28",160
"2020-04-15 02:45:23",160
"2020-04-15 03:45:27",160
"2020-04-15 04:45:30",160
"2020-04-15 05:45:13",160
"2020-04-15 06:45:12",160
"2020-04-15 07:45:18",160
"2020-04-15 08:45:21",160
"2020-04-15 09:45:16",160
"2020-04-15 10:45:12",160
"2020-04-15 11:45:11",160
"2020-04-15 13:12:47",160
"2020-04-15 14:45:18",155
"2020-04-15 15:45:13",155
"2020-04-15 16:45:27",157
"2020-04-15 17:45:15",157
"2020-04-15 18:45:15",157
"2020-04-15 19:45:24",157
"2020-04-15 20:45:15",157
"2020-04-15 21:45:22",157
"2020-04-15 22:45:23",156
"2020-04-15 23:45:22",156
"2020-04-16 00:45:29",156
"2020-04-16 01:45:33",156
"2020-04-16 02:45:36",156
"2020-04-16 03:45:35",156
"2020-04-16 04:45:37",156
"2020-04-16 05:45:22",156
"2020-04-16 06:45:34",156
"2020-04-16 07:45:19",156
"2020-04-16 08:45:18",156
"2020-04-16 09:45:14",156
"2020-04-16 10:45:19",156
"2020-04-16 11:45:19",156
"2020-04-16 12:45:19",156
"2020-04-16 13:45:21",156
"2020-04-16 14:45:16",156
"2020-04-16 15:45:36",156
"2020-04-16 16:45:36",156
"2020-04-16 17:45:20",156
"2020-04-16 18:45:32",155
"2020-04-16 19:45:16",155
"2020-04-16 20:45:18",155
"2020-04-16 21:45:39",155
"2020-04-16 22:45:20",155
"2020-04-16 23:45:37",155
"2020-04-17 00:45:31",155
"2020-04-17 01:45:28",155
"2020-04-17 02:45:35",155
"2020-04-17 03:45:24",155
"2020-04-17 04:45:20",155
"2020-04-17 05:45:23",155
"2020-04-17 06:45:25",155
"2020-04-17 07:45:39",155
"2020-04-17 08:45:23",155
"2020-04-17 09:45:20",155
"2020-04-17 10:45:20",155
"2020-04-17 11:45:14",155
"2020-04-17 13:09:47",155
"2020-04-17 13:45:32",155
"2020-04-17 14:45:21",155
"2020-04-17 15:45:25",154
"2020-04-17 16:45:13",154
"2020-04-17 17:45:18",153
"2020-04-17 18:45:35",153
"2020-04-17 19:45:29",154
"2020-04-17 20:45:34",156
"2020-04-17 21:45:31",157
"2020-04-17 22:45:25",157
"2020-04-17 23:45:32",157
"2020-04-18 00:45:30",157
"2020-04-18 01:45:27",157
"2020-04-18 02:45:25",157
"2020-04-18 03:45:25",157
"2020-04-18 04:45:34",157
"2020-04-18 05:45:33",157
"2020-04-18 06:45:21",157
"2020-04-18 07:45:15",157
"2020-04-18 08:45:32",157
"2020-04-18 09:45:10",157
"2020-04-18 10:45:18",157
"2020-04-18 11:45:21",157
"2020-04-18 12:45:11",157
"2020-04-18 13:45:28",157
"2020-04-18 14:45:19",157
"2020-04-18 15:45:17",157
"2020-04-18 16:45:11",157
"2020-04-18 17:45:25",157
"2020-04-18 18:45:22",157
"2020-04-18 19:45:12",157
"2020-04-18 20:45:25",157
"2020-04-18 21:45:16",157
"2020-04-18 22:45:25",157
"2020-04-18 23:45:40",157
"2020-04-19 00:45:37",157
"2020-04-19 01:45:48",157
"2020-04-19 02:45:33",157
"2020-04-19 03:45:34",157
"2020-04-19 04:45:48",157
"2020-04-19 05:45:29",157
"2020-04-19 06:45:32",157
"2020-04-19 07:45:28",157
"2020-04-19 08:45:20",157
"2020-04-19 09:45:19",157
"2020-04-19 10:45:18",157
"2020-04-19 11:45:11",157
"2020-04-19 12:45:14",157
"2020-04-19 13:45:31",157
"2020-04-19 14:45:12",157
"2020-04-19 15:45:22",157
"2020-04-19 16:45:23",157
"2020-04-19 17:45:42",157
"2020-04-19 18:45:21",157
"2020-04-19 19:45:17",157
"2020-04-19 20:45:13",157
"2020-04-19 21:45:44",157
"2020-04-19 22:45:37",157
"2020-04-19 23:45:29",157
"2020-04-20 00:45:43",157
"2020-04-20 01:45:37",157
"2020-04-20 02:45:46",157
"2020-04-20 03:45:47",157
"2020-04-20 04:45:38",157
"2020-04-20 05:45:47",157
"2020-04-20 06:45:34",157
"2020-04-20 07:45:18",157
"2020-04-20 08:45:17",157
"2020-04-20 09:45:18",157
"2020-04-20 10:45:17",157
"2020-04-20 11:45:17",157
"2020-04-20 12:45:18",157
"2020-04-20 13:45:17",157
"2020-04-20 14:45:39",156
"2020-04-20 15:45:22",155
"2020-04-20 16:45:27",155
"2020-04-20 17:45:24",155
"2020-04-20 18:45:33",157
"2020-04-20 20:46:05",158
"2020-04-20 21:45:58",158
"2020-04-20 22:46:11",158
"2020-04-20 23:45:36",158
"2020-04-21 00:45:41",158
"2020-04-21 01:45:36",158
"2020-04-21 02:45:35",158
"2020-04-21 03:46:55",158
"2020-04-21 04:47:13",158
"2020-04-21 05:47:13",158
"2020-04-21 06:45:36",158
"2020-04-21 07:45:27",158
"2020-04-21 08:45:24",158
"2020-04-21 09:45:21",158
"2020-04-21 10:45:20",158
"2020-04-21 11:45:19",158
"2020-04-21 12:45:20",158
"2020-04-21 13:45:39",158
"2020-04-21 14:45:36",157
"2020-04-21 15:45:12",158
"2020-04-21 16:45:12",158
"2020-04-21 17:45:33",158
"2020-04-21 18:45:12",158
"2020-04-21 19:45:18",158
"2020-04-21 20:45:38",159
"2020-04-21 21:45:43",159
"2020-04-21 22:45:41",159
"2020-04-21 23:45:17",159
"2020-04-22 00:45:31",159
"2020-04-22 01:45:38",159
"2020-04-22 02:45:39",159
"2020-04-22 03:45:28",159
"2020-04-22 04:45:16",159
"2020-04-22 05:45:18",159
"2020-04-22 06:45:30",159
"2020-04-22 07:45:26",159
"2020-04-22 08:45:14",159
"2020-04-22 09:45:23",159
"2020-04-22 10:45:43",159
"2020-04-22 11:45:14",159
"2020-04-22 12:45:19",159
"2020-04-22 13:45:12",159
"2020-04-22 14:45:22",161
"2020-04-22 15:45:16",162
"2020-04-22 16:45:37",163
"2020-04-22 17:45:44",163
"2020-04-22 18:45:31",163
"2020-04-22 19:45:17",165
"2020-04-22 20:45:18",164
"2020-04-22 21:45:34",164
"2020-04-22 22:45:25",164
"2020-04-22 23:45:33",164
"2020-04-23 00:45:17",164
"2020-04-23 01:45:30",164
"2020-04-23 02:45:36",164
"2020-04-23 03:45:36",164
"2020-04-23 04:45:32",164
"2020-04-23 05:45:12",164
"2020-04-23 06:45:18",164
"2020-04-23 07:45:22",164
"2020-04-23 08:45:18",164
"2020-04-23 09:45:10",164
"2020-04-23 10:45:17",164
"2020-04-23 11:45:30",164
"2020-04-23 12:45:11",164
"2020-04-23 13:45:12",164
"2020-04-23 14:45:14",165
"2020-04-23 15:45:18",165
"2020-04-23 16:45:31",166
"2020-04-23 17:45:13",165
"2020-04-23 18:45:21",166
"2020-04-23 19:45:12",166
"2020-04-23 20:45:36",166
"2020-04-23 21:45:22",166
"2020-04-23 22:45:15",166
"2020-04-23 23:45:20",166
"2020-04-24 00:45:30",166
"2020-04-24 01:45:57",166
"2020-04-24 02:45:11",166
"2020-04-24 03:45:37",166
"2020-04-24 04:45:21",166
"2020-04-24 05:45:13",166
"2020-04-24 06:45:15",166
"2020-04-24 07:45:10",166
"2020-04-24 08:45:27",166
"2020-04-24 09:45:16",166
"2020-04-24 10:45:15",166
"2020-04-24 11:45:10",166
"2020-04-24 13:10:49",166
"2020-04-24 13:45:44",166
"2020-04-24 14:45:26",166
"2020-04-24 15:45:18",167
"2020-04-24 16:45:19",167
"2020-04-24 17:45:22",167
"2020-04-24 18:45:27",166
"2020-04-24 19:45:19",166
"2020-04-24 20:45:25",166
"2020-04-24 21:45:41",166
"2020-04-24 22:45:45",166
"2020-04-24 23:45:26",166
"2020-04-25 00:45:47",166
"2020-04-25 01:45:42",166
"2020-04-25 02:45:38",166
"2020-04-25 03:45:34",166
"2020-04-25 04:45:39",166
"2020-04-25 05:45:46",166
"2020-04-25 06:45:27",166
"2020-04-25 07:45:20",166
"2020-04-25 08:45:26",166
"2020-04-25 09:45:23",166
"2020-04-25 10:45:16",166
"2020-04-25 11:45:22",166
"2020-04-25 12:45:19",166
"2020-04-25 13:45:32",166
"2020-04-25 14:45:23",166
"2020-04-25 15:45:27",166
"2020-04-25 16:45:29",166
"2020-04-25 17:45:27",166
"2020-04-25 18:45:19",166
"2020-04-25 19:45:27",166
"2020-04-25 20:45:21",166
"2020-04-25 21:45:19",166
"2020-04-25 22:45:25",166
"2020-04-25 23:45:31",166
"2020-04-26 00:45:22",166
"2020-04-26 01:45:34",166
"2020-04-26 02:45:34",166
"2020-04-26 03:45:40",166
"2020-04-26 04:45:17",166
"2020-04-26 05:45:48",166
"2020-04-26 06:45:28",166
"2020-04-26 07:45:24",166
"2020-04-26 08:45:21",166
"2020-04-26 09:45:22",166
"2020-04-26 10:45:17",166
"2020-04-26 11:45:26",166
"2020-04-26 12:45:21",166
"2020-04-26 13:45:14",166
"2020-04-26 14:45:19",166
"2020-04-26 15:45:25",166
"2020-04-26 16:45:23",166
"2020-04-26 17:45:21",166
"2020-04-26 18:45:21",166
"2020-04-26 19:45:17",166
"2020-04-26 20:45:18",166
"2020-04-26 21:45:20",166
"2020-04-26 22:45:34",166
"2020-04-26 23:45:47",166
"2020-04-27 00:45:46",166
"2020-04-27 01:45:46",166
"2020-04-27 02:45:39",166
"2020-04-27 03:45:40",166
"2020-04-27 04:45:44",166
"2020-04-27 05:45:27",166
"2020-04-27 06:45:25",166
"2020-04-27 07:45:18",166
"2020-04-27 08:45:26",166
"2020-04-27 09:45:26",166
"2020-04-27 10:45:25",166
"2020-04-27 11:45:13",166
"2020-04-27 12:45:20",166
"2020-04-27 13:45:47",166
"2020-04-27 14:45:28",167
"2020-04-27 15:45:23",169
"2020-04-27 16:45:14",169
"2020-04-27 17:45:22",168
"2020-04-27 18:45:19",168
"2020-04-27 19:45:19",168
"2020-04-27 20:45:20",167
"2020-04-27 21:45:34",167
"2020-04-27 22:45:21",167
"2020-04-27 23:45:37",167
"2020-04-28 00:46:03",167
"2020-04-28 01:45:25",167
"2020-04-28 02:45:49",167
"2020-04-28 03:45:43",167
"2020-04-28 04:45:41",167
"2020-04-28 05:45:21",167
"2020-04-28 06:45:20",167
"2020-04-28 07:45:46",167
"2020-04-28 08:45:40",167
"2020-04-28 09:45:24",167
"2020-04-28 10:45:13",167
"2020-04-28 11:45:24",167
"2020-04-28 12:45:26",167
"2020-04-28 13:45:21",167
"2020-04-28 14:45:48",166
"2020-04-28 15:45:40",166
"2020-04-28 16:45:17",166
"2020-04-28 17:45:25",166
"2020-04-28 18:45:23",166
"2020-04-28 19:45:19",166
"2020-04-28 20:45:22",170
"2020-04-28 21:45:26",170
"2020-04-28 22:45:16",169
"2020-04-28 23:45:17",169
"2020-04-29 00:45:50",169
"2020-04-29 01:45:53",169
"2020-04-29 02:45:43",169
"2020-04-29 03:45:19",169
"2020-04-29 04:45:28",169
"2020-04-29 05:45:16",169
"2020-04-29 06:45:26",169
"2020-04-29 07:45:25",169
"2020-04-29 08:45:20",169
"2020-04-29 09:45:36",169
"2020-04-29 10:45:25",169
"2020-04-29 11:45:13",169
"2020-04-29 13:08:44",169
"2020-04-29 13:45:26",169
"2020-04-29 14:45:17",171
"2020-04-29 15:45:14",171
"2020-04-29 16:45:26",174
"2020-04-29 17:45:25",175
"2020-04-29 18:45:47",176
"2020-04-29 19:45:47",173
"2020-04-29 20:45:22",170
"2020-04-29 21:45:48",170
"2020-04-29 22:45:46",170
"2020-04-29 23:45:32",170
"2020-04-30 00:45:46",170
"2020-04-30 01:45:46",170
"2020-04-30 02:46:11",170
"2020-04-30 03:46:04",170
"2020-04-30 04:45:36",170
"2020-04-30 05:45:32",170
"2020-04-30 06:45:24",170
"2020-04-30 07:45:23",170
"2020-04-30 08:45:26",170
"2020-04-30 09:45:21",170
"2020-04-30 10:45:14",170
"2020-04-30 11:45:36",170
"2020-04-30 12:45:18",170
"2020-04-30 13:45:21",170
"2020-04-30 14:45:37",174
"2020-04-30 15:45:23",176
"2020-04-30 16:45:18",178
"2020-04-30 17:47:53",179
"2020-04-30 18:45:32",179
"2020-04-30 20:45:22",179
"2020-04-30 21:45:25",179
"2020-04-30 22:45:28",179
"2020-04-30 23:45:24",179
"2020-05-01 00:45:45",179
"2020-05-01 01:45:44",179
"2020-05-01 02:45:23",179
"2020-05-01 03:45:18",179
"2020-05-01 04:45:26",179
"2020-05-01 05:45:31",179
"2020-05-01 06:45:26",179
"2020-05-01 07:45:28",179
"2020-05-01 08:45:22",179
"2020-05-01 09:45:24",179
"2020-05-01 10:45:19",179
"2020-05-01 11:45:21",179
"2020-05-01 13:09:46",179
"2020-05-01 13:45:51",179
"2020-05-01 14:45:18",180
"2020-05-01 15:45:18",180
"2020-05-01 16:45:19",180
"2020-05-01 17:45:21",180
"2020-05-01 18:45:18",181
"2020-05-01 19:45:27",180
"2020-05-01 20:45:14",180
"2020-05-01 21:45:44",180
"2020-05-01 22:45:20",180
"2020-05-01 23:45:19",180
"2020-05-02 00:45:20",180
"2020-05-02 01:45:40",180
"2020-05-02 02:45:35",180
"2020-05-02 03:45:33",180
"2020-05-02 04:45:22",180
"2020-05-02 05:45:34",180
"2020-05-02 06:45:24",180
"2020-05-02 07:45:31",180
"2020-05-02 08:45:26",180
"2020-05-02 09:45:23",180
"2020-05-02 10:45:16",180
"2020-05-02 11:45:23",180
"2020-05-02 12:45:16",180
"2020-05-02 13:45:25",180
"2020-05-02 14:45:26",180
"2020-05-02 15:45:29",180
"2020-05-02 16:45:25",180
"2020-05-02 17:45:23",180
"2020-05-02 18:45:36",180
"2020-05-02 19:45:26",180
"2020-05-02 20:45:26",180
"2020-05-02 21:45:23",180
"2020-05-02 22:45:15",180
"2020-05-02 23:45:40",180
"2020-05-03 00:45:24",180
"2020-05-03 01:45:43",180
"2020-05-03 02:45:39",180
"2020-05-03 03:45:38",180
"2020-05-03 04:45:31",180
"2020-05-03 05:45:21",180
"2020-05-03 06:45:20",180
"2020-05-03 07:45:28",180
"2020-05-03 08:45:24",180
"2020-05-03 09:45:50",180
"2020-05-03 10:45:25",180
"2020-05-03 11:45:24",180
"2020-05-03 12:45:21",180
"2020-05-03 13:45:23",180
"2020-05-03 14:45:29",180
"2020-05-03 15:45:25",180
"2020-05-03 16:45:42",180
"2020-05-03 17:45:47",180
"2020-05-03 18:45:18",180
"2020-05-03 19:46:03",180
"2020-05-03 20:45:44",180
"2020-05-03 21:45:37",180
"2020-05-03 22:45:43",180
"2020-05-03 23:45:45",180
"2020-05-04 00:45:42",180
"2020-05-04 01:45:44",180
"2020-05-04 02:45:43",180
"2020-05-04 03:45:43",180
"2020-05-04 04:45:21",180
"2020-05-04 05:45:25",180
"2020-05-04 06:45:29",180
"2020-05-04 09:31:25",180
"2020-05-04 10:49:50",180
"2020-05-04 10:57:37",180
"2020-05-04 11:05:11",180
"2020-05-04 11:45:33",180
"2020-05-04 13:08:51",180
"2020-05-04 13:45:23",180
"2020-05-04 14:45:29",180
"2020-05-04 15:45:23",183
"2020-05-04 16:45:25",184
"2020-05-04 17:45:22",184
"2020-05-04 18:45:47",184
"2020-05-04 19:45:43",184
"2020-05-04 20:45:40",184
"2020-05-04 21:45:42",184
"2020-05-04 22:45:19",184
"2020-05-04 23:45:21",184
"2020-05-05 00:45:18",184
"2020-05-05 01:45:37",184
"2020-05-05 02:45:16",184
"2020-05-05 03:45:45",184
"2020-05-05 04:45:22",184
"2020-05-05 05:45:23",184
"2020-05-05 06:45:25",184
"2020-05-05 07:45:32",184
"2020-05-05 08:45:44",184
"2020-05-05 09:45:17",184
"2020-05-05 10:45:17",184
"2020-05-05 11:45:43",184
"2020-05-05 12:45:27",184
"2020-05-05 13:45:25",184
"2020-05-05 14:45:24",184
"2020-05-05 15:45:21",185
"2020-05-05 16:45:28",186
"2020-05-05 17:45:21",188
"2020-05-05 18:45:18",189
"2020-05-05 19:45:47",189
"2020-05-05 20:45:28",190
"2020-05-05 21:45:13",190
"2020-05-05 22:45:15",190
"2020-05-05 23:45:44",190
"2020-05-06 00:45:26",190
"2020-05-06 01:45:28",190
"2020-05-06 02:45:20",190
"2020-05-06 03:45:14",190
"2020-05-06 04:45:26",190
"2020-05-06 05:45:24",190
"2020-05-06 06:45:16",190
"2020-05-06 17:45:41",192
"2020-05-06 18:45:52",191
"2020-05-06 19:45:19",192
"2020-05-06 20:45:36",191
"2020-05-06 21:45:43",191
"2020-05-06 22:45:45",191
"2020-05-06 23:45:48",191
"2020-05-07 00:45:29",191
"2020-05-07 01:45:28",191
"2020-05-07 02:45:13",191
"2020-05-07 03:45:25",191
"2020-05-07 04:45:29",191
"2020-05-07 05:45:18",191
"2020-05-07 06:45:25",191
"2020-05-07 08:45:28",191
"2020-05-07 09:45:22",191
"2020-05-07 10:45:38",191
"2020-05-07 11:45:28",191
"2020-05-07 12:45:26",191
"2020-05-07 13:45:34",191
"2020-05-07 14:45:39",189
"2020-05-07 15:45:22",189
"2020-05-07 16:45:29",189
"2020-05-07 17:45:20",189
"2020-05-07 18:45:16",190
"2020-05-07 19:45:53",191
"2020-05-07 20:45:16",190
"2020-05-07 21:45:15",190
"2020-05-07 22:45:14",192
"2020-05-07 23:45:27",192
"2020-05-08 00:45:22",192
"2020-05-08 01:45:14",192
"2020-05-08 02:45:20",192
"2020-05-08 03:45:25",192
"2020-05-08 04:45:16",192
"2020-05-08 05:45:18",192
"2020-05-08 06:45:18",192
"2020-05-08 07:45:24",192
"2020-05-08 08:45:31",192
"2020-05-08 09:45:24",192
"2020-05-08 10:45:21",192
"2020-05-08 11:45:26",192
"2020-05-08 13:08:47",192
"2020-05-08 13:45:29",192
"2020-05-08 14:45:23",191
"2020-05-08 15:45:25",191
"2020-05-08 16:45:42",191
"2020-05-08 17:45:40",191
"2020-05-08 18:45:28",192
"2020-05-08 19:45:18",193
"2020-05-08 20:45:26",196
"2020-05-08 21:45:22",197
"2020-05-08 22:45:28",197
"2020-05-08 23:45:24",197
"2020-05-09 00:45:20",197
"2020-05-09 01:45:35",197
"2020-05-09 02:45:23",197
"2020-05-09 03:45:48",197
"2020-05-09 04:45:20",197
"2020-05-09 05:45:25",197
"2020-05-09 06:45:31",197
"2020-05-09 07:45:18",197
"2020-05-09 08:45:31",197
"2020-05-09 09:45:23",197
"2020-05-09 10:45:23",197
"2020-05-09 11:45:16",197
"2020-05-09 12:45:18",197
"2020-05-09 13:45:21",197
"2020-05-09 14:45:17",197
"2020-05-09 15:45:22",197
"2020-05-09 16:45:16",197
"2020-05-09 17:45:23",197
"2020-05-09 18:45:25",197
"2020-05-09 19:45:21",197
"2020-05-09 20:45:17",197
"2020-05-09 21:45:28",197
"2020-05-09 22:45:25",197
"2020-05-09 23:45:20",197
"2020-05-10 00:45:40",197
"2020-05-10 01:45:21",197
"2020-05-10 02:45:47",197
"2020-05-10 03:45:29",197
"2020-05-10 04:45:29",197
"2020-05-10 05:45:34",197
"2020-05-10 06:45:22",197
"2020-05-10 07:45:30",197
"2020-05-10 08:45:25",197
"2020-05-10 09:45:27",197
"2020-05-10 10:45:27",197
"2020-05-10 11:45:30",197
"2020-05-10 12:45:22",197
"2020-05-10 13:45:27",197
"2020-05-10 14:45:18",197
"2020-05-10 15:45:24",197
"2020-05-10 16:45:22",197
"2020-05-10 17:45:20",197
"2020-05-10 18:45:26",197
"2020-05-10 19:45:22",197
"2020-05-10 20:45:32",197
"2020-05-10 21:45:23",197
"2020-05-10 22:45:24",197
"2020-05-10 23:45:26",197
"2020-05-11 00:45:26",197
"2020-05-11 01:45:18",197
"2020-05-11 02:45:25",197
"2020-05-11 03:45:49",197
"2020-05-11 04:45:24",197
"2020-05-11 05:45:23",197
"2020-05-11 06:45:24",197
"2020-05-11 07:45:30",197
"2020-05-11 08:45:35",197
"2020-05-11 09:46:15",197
"2020-05-11 10:45:22",197
"2020-05-11 11:45:16",197
"2020-05-11 13:07:47",197
"2020-05-11 13:45:34",197
"2020-05-11 14:45:29",193
"2020-05-11 15:45:46",193
"2020-05-11 16:45:27",194
"2020-05-11 17:45:30",194
"2020-05-11 18:45:27",195
"2020-05-11 19:45:20",194
"2020-05-11 20:45:21",197
"2020-05-11 21:45:24",197
"2020-05-11 22:45:15",197
"2020-05-11 23:45:31",197
"2020-05-12 00:45:26",197
"2020-05-12 01:45:25",197
"2020-05-12 02:45:21",197
"2020-05-12 03:45:17",197
"2020-05-12 04:45:22",197
"2020-05-12 05:45:20",197
"2020-05-12 06:45:31",197
"2020-05-12 07:45:21",197
"2020-05-12 08:45:22",197
"2020-05-12 09:46:41",197
"2020-05-12 10:45:27",197
"2020-05-12 11:45:18",197
"2020-05-12 13:13:47",197
"2020-05-12 17:45:17",199
"2020-05-12 18:45:18",198
"2020-05-12 19:45:37",199
"2020-05-12 20:45:44",200
"2020-05-12 21:45:35",200
"2020-05-12 22:45:16",200
"2020-05-12 23:45:17",200
"2020-05-13 00:45:38",200
"2020-05-13 01:45:48",200
"2020-05-13 02:45:42",200
"2020-05-13 03:45:44",200
"2020-05-13 06:45:21",200
"2020-05-13 07:45:41",200
"2020-05-13 08:45:34",200
"2020-05-13 09:45:16",200
"2020-05-13 10:45:18",200
"2020-05-13 11:45:17",200
"2020-05-13 12:45:18",200
"2020-05-13 13:45:17",200
"2020-05-13 14:45:17",202
"2020-05-13 15:45:23",201
"2020-05-13 16:45:39",201
"2020-05-13 17:45:19",201
"2020-05-13 18:45:34",203
"2020-05-13 19:45:20",203
"2020-05-13 20:45:19",203
"2020-05-13 21:45:17",203
"2020-05-13 22:45:22",203
"2020-05-13 23:45:26",203
"2020-05-14 00:45:20",203
"2020-05-14 01:45:25",203
"2020-05-14 02:45:18",203
"2020-05-14 03:45:24",203
"2020-05-14 04:45:19",203
"2020-05-14 05:45:24",203
"2020-05-14 06:45:30",203
"2020-05-14 07:45:21",203
"2020-05-14 08:45:30",203
"2020-05-14 09:45:17",203
"2020-05-14 10:45:24",203
"2020-05-14 11:45:28",203
"2020-05-14 12:45:24",203
"2020-05-14 13:45:27",203
"2020-05-14 14:45:26",204
"2020-05-14 15:45:22",204
"2020-05-14 16:45:15",205
"2020-05-14 17:45:19",206
"2020-05-14 18:45:33",206
"2020-05-14 19:45:32",206
"2020-05-14 20:45:18",206
"2020-05-14 21:45:22",206
"2020-05-14 22:45:39",206
"2020-05-14 23:45:26",206
"2020-05-15 00:45:38",206
"2020-05-15 01:45:45",206
"2020-05-15 02:45:42",206
"2020-05-15 03:45:41",206
"2020-05-15 04:45:42",206
"2020-05-15 05:45:23",206
"2020-05-15 06:45:38",206
"2020-05-15 07:45:18",206
"2020-05-15 08:45:27",206
"2020-05-15 09:45:33",206
"2020-05-15 10:45:17",206
"2020-05-15 11:45:21",206
"2020-05-15 12:45:20",206
"2020-05-15 13:45:25",206
"2020-05-15 14:45:16",206
"2020-05-15 15:45:22",207
"2020-05-15 16:45:16",209
"2020-05-15 17:45:36",209
"2020-05-15 18:45:18",209
"2020-05-15 19:45:27",209
"2020-05-15 20:45:22",209
"2020-05-15 21:45:23",209
"2020-05-15 22:45:16",209
"2020-05-15 23:45:14",209
"2020-05-16 00:45:35",209
"2020-05-16 01:45:38",209
"2020-05-16 02:45:45",209
"2020-05-16 03:45:30",209
"2020-05-16 04:45:21",209
"2020-05-16 05:45:20",209
"2020-05-16 06:45:44",209
"2020-05-16 07:45:42",209
"2020-05-16 08:45:20",209
"2020-05-16 09:45:28",209
"2020-05-16 10:45:18",209
"2020-05-16 11:45:15",209
"2020-05-16 12:45:25",209
"2020-05-16 13:45:21",209
"2020-05-16 14:45:17",209
"2020-05-16 15:45:26",209
"2020-05-16 16:45:21",209
"2020-05-16 17:45:18",209
"2020-05-16 18:45:22",209
"2020-05-16 19:45:18",209
"2020-05-16 20:45:24",209
"2020-05-16 21:45:22",209
"2020-05-16 22:45:26",209
"2020-05-16 23:45:23",209
"2020-05-17 00:45:25",209
"2020-05-17 01:45:28",209
"2020-05-18 09:04:28",209
"2020-05-18 09:12:41",209
"2020-05-18 09:16:40",209
"2020-05-18 09:17:11",209
"2020-05-18 09:17:20",209
"2020-05-18 09:17:28",209
"2020-05-18 09:17:38",209
"2020-05-18 09:17:52",209
"2020-05-18 09:18:17",209
"2020-05-18 09:18:18",209
"2020-05-18 09:18:29",209
"2020-05-18 09:19:03",209
"2020-05-18 09:19:37",209
"2020-05-18 09:19:44",209
"2020-05-18 09:20:24",209
"2020-05-18 09:20:45",209
"2020-05-18 09:21:31",209
"2020-05-18 09:58:52",209
"2020-05-18 10:07:28",209
"2020-05-18 10:09:11",209
"2020-05-18 10:57:07",209
"2020-05-18 10:57:34",209
"2020-05-18 11:02:39",209
"2020-05-18 11:07:34",209
"2020-05-18 11:10:38",209
"2020-05-18 11:13:56",209
"2020-05-18 11:17:39",209
"2020-05-18 11:22:55",209
"2020-05-18 11:27:10",209
"2020-05-18 11:28:46",209
"2020-05-18 11:45:28",209
"2020-05-18 11:53:04",209
"2020-05-18 12:00:41",209
"2020-05-18 12:08:18",209
"2020-05-18 13:08:16",209
"2020-05-18 13:45:31",209
"2020-05-18 14:45:22",209
"2020-05-18 15:45:48",210
"2020-05-18 16:45:56",211
"2020-05-18 17:45:21",212
"2020-05-18 18:45:41",212
"2020-05-18 19:45:36",211
"2020-05-18 20:45:26",211
"2020-05-18 21:45:44",211
"2020-05-18 22:45:46",211
"2020-05-18 23:45:49",211
"2020-05-19 01:45:19",211
"2020-05-19 02:45:30",211
"2020-05-19 03:45:27",211
"2020-05-19 04:45:27",211
"2020-05-19 05:45:27",211
"2020-05-19 06:45:27",211
"2020-05-19 07:45:28",211
"2020-05-19 08:45:37",211
"2020-05-19 09:45:55",211
"2020-05-19 10:45:25",211
"2020-05-19 11:45:42",211
"2020-05-19 13:08:49",211
"2020-05-19 13:45:27",211
"2020-05-19 14:45:22",216
"2020-05-19 15:45:20",214
"2020-05-19 16:45:29",216
"2020-05-19 17:45:19",215
"2020-05-19 18:45:27",215
"2020-05-19 19:45:24",216
"2020-05-19 20:45:29",216
"2020-05-19 21:45:30",216
"2020-05-19 22:45:48",216
"2020-05-19 23:45:24",216
"2020-05-20 00:45:47",216
"2020-05-20 01:45:53",216
"2020-05-20 02:45:45",216
"2020-05-20 03:45:46",216
"2020-05-20 04:45:33",216
"2020-05-20 05:45:27",216
"2020-05-20 06:45:23",216
"2020-05-20 07:45:36",216
"2020-05-20 08:45:23",216
"2020-05-20 09:45:30",216
"2020-05-20 10:45:21",216
"2020-05-20 11:45:24",216
"2020-05-20 12:45:20",216
"2020-05-20 13:45:28",216
"2020-05-20 14:45:23",218
"2020-05-20 15:45:45",220
"2020-05-20 16:45:24",219
"2020-05-20 17:45:46",219
"2020-05-20 18:45:28",218
"2020-05-20 19:45:27",219
"2020-05-20 20:45:20",218
"2020-05-20 21:45:29",218
"2020-05-20 22:45:17",218
"2020-05-20 23:45:24",218
"2020-05-21 00:45:45",218
"2020-05-21 01:45:20",218
"2020-05-21 02:45:27",218
"2020-05-21 03:45:27",218
"2020-05-21 04:45:21",218
"2020-05-21 05:45:24",218
"2020-05-21 06:45:30",218
"2020-05-21 07:45:22",218
"2020-05-21 08:45:29",218
"2020-05-21 09:45:21",218
"2020-05-21 10:45:25",218
"2020-05-21 11:45:29",218
"2020-05-21 12:45:24",218
"2020-05-21 13:45:29",218
"2020-05-21 14:45:19",219
"2020-05-21 15:45:21",218
"2020-05-21 16:45:37",219
"2020-05-21 17:45:30",220
"2020-05-21 18:45:27",220
"2020-05-21 19:45:22",220
"2020-05-21 20:45:27",218
"2020-05-21 21:45:28",218
"2020-05-21 22:45:31",218
"2020-05-21 23:45:48",218
"2020-05-22 00:46:38",218
"2020-05-22 01:45:27",218
"2020-05-22 02:45:30",218
"2020-05-22 03:45:48",218
"2020-05-22 04:45:30",218
"2020-05-22 05:45:33",218
"2020-05-22 06:45:24",218
"2020-05-22 07:45:28",218
"2020-05-22 08:45:38",218
"2020-05-22 09:45:30",218
"2020-05-22 10:45:25",218
"2020-05-22 11:45:23",218
"2020-05-22 12:45:28",218
"2020-05-22 13:45:34",218
"2020-05-22 14:45:23",219
"2020-05-22 15:45:23",219
"2020-05-22 16:45:25",220
"2020-05-22 17:45:26",220
"2020-05-22 18:45:44",221
"2020-05-22 19:45:27",221
"2020-05-22 20:45:20",222
"2020-05-22 21:45:22",222
"2020-05-22 22:45:25",222
"2020-05-22 23:45:22",222
"2020-05-23 00:45:27",222
"2020-05-23 01:45:23",222
"2020-05-23 02:45:35",222
"2020-05-23 03:45:31",222
"2020-05-23 04:45:42",222
"2020-05-23 05:45:26",222
"2020-05-23 06:45:37",222
"2020-05-23 07:45:34",222
"2020-05-23 08:45:34",222
"2020-05-23 09:45:29",222
"2020-05-23 10:45:25",222
"2020-05-23 11:45:36",222
"2020-05-23 12:45:28",222
"2020-05-23 13:45:31",222
"2020-05-23 14:45:28",222
"2020-05-23 15:45:23",222
"2020-05-23 16:45:33",222
"2020-05-23 17:45:30",222
"2020-05-23 18:45:37",222
"2020-05-23 19:45:24",222
"2020-05-23 20:45:20",222
"2020-05-23 21:45:21",222
"2020-05-23 22:45:26",222
"2020-05-23 23:45:27",222
"2020-05-24 00:45:38",222
"2020-05-24 01:45:25",222
"2020-05-24 02:45:22",222
"2020-05-24 03:45:28",222
"2020-05-24 04:45:26",222
"2020-05-24 05:45:23",222
"2020-05-24 06:45:24",222
"2020-05-24 07:45:24",222
"2020-05-24 08:45:32",222
"2020-05-24 09:45:22",222
"2020-05-24 10:45:33",222
"2020-05-24 11:45:30",222
"2020-05-24 12:45:27",222
"2020-05-24 13:45:31",222
"2020-05-24 14:45:29",222
"2020-05-24 15:45:20",222
"2020-05-24 16:45:34",222
"2020-05-24 17:45:31",222
"2020-05-24 18:45:33",222
"2020-05-24 19:45:30",222
"2020-05-24 20:45:29",222
"2020-05-24 21:45:36",222
"2020-05-24 22:45:32",222
"2020-05-24 23:45:22",222
"2020-05-25 00:45:25",222
"2020-05-25 01:45:38",222
"2020-05-25 02:45:30",222
"2020-05-25 03:45:47",222
"2020-05-25 04:45:29",222
"2020-05-25 06:46:18",222
"2020-05-25 07:45:30",222
"2020-05-25 08:45:37",222
"2020-05-25 09:45:28",222
"2020-05-25 10:45:25",222
"2020-05-25 11:45:42",222
"2020-05-25 12:45:27",222
"2020-05-25 13:45:21",222
"2020-05-25 14:45:34",222
"2020-05-25 15:45:25",222
"2020-05-25 16:45:19",222
"2020-05-25 17:45:26",222
"2020-05-25 18:45:27",222
"2020-05-25 19:45:30",222
"2020-05-25 20:45:31",222
"2020-05-25 21:45:20",222
"2020-05-25 22:45:20",222
"2020-05-25 23:45:21",222
"2020-05-26 00:45:31",222
"2020-05-26 01:45:22",222
"2020-05-26 02:45:19",222
"2020-05-26 03:45:31",222
"2020-05-26 04:45:34",222
"2020-05-26 05:45:25",222
"2020-05-26 06:45:29",222
"2020-05-26 07:45:32",222
"2020-05-26 08:45:33",222
"2020-05-26 09:45:28",222
"2020-05-26 10:45:27",222
"2020-05-26 11:45:32",222
"2020-05-26 12:45:26",222
"2020-05-26 13:45:31",223
"2020-05-26 14:45:28",226
"2020-05-26 15:45:25",226
"2020-05-26 16:45:23",223
"2020-05-26 17:45:28",224
"2020-05-26 18:45:21",225
"2020-05-26 19:45:25",225
"2020-05-26 20:45:27",226
"2020-05-26 21:45:41",226
"2020-05-26 22:45:22",226
"2020-05-26 23:45:24",226
"2020-05-27 00:45:55",226
"2020-05-27 01:45:22",226
"2020-05-27 02:45:24",226
"2020-05-27 03:45:27",226
"2020-05-27 04:45:28",226
"2020-05-27 05:45:23",226
"2020-05-27 06:45:31",226
"2020-05-27 07:45:30",226
"2020-05-27 08:45:23",226
"2020-05-27 09:45:21",226
"2020-05-27 10:45:22",226
"2020-05-27 11:45:19",226
"2020-05-27 13:09:18",226
"2020-05-27 13:45:36",226
"2020-05-27 14:45:28",226
"2020-05-27 15:45:20",226
"2020-05-27 16:45:23",226
"2020-05-27 17:45:21",226
"2020-05-27 18:45:21",226
"2020-05-27 19:45:30",226
"2020-05-27 20:45:26",226
"2020-05-27 21:45:25",226
"2020-05-27 22:45:24",226
"2020-05-27 23:45:22",226
"2020-05-28 00:45:29",226
"2020-05-28 01:45:32",226
"2020-05-28 02:45:24",226
"2020-05-28 03:45:23",226
"2020-05-28 04:45:25",226
"2020-05-28 05:45:20",226
"2020-05-28 06:45:25",226
"2020-05-28 07:45:34",226
"2020-05-28 08:45:30",226
"2020-05-28 09:45:21",226
"2020-05-28 10:45:33",226
"2020-05-28 11:45:35",226
"2020-05-28 13:09:51",226
"2020-05-28 13:45:30",226
"2020-05-28 14:45:34",228
"2020-05-28 15:45:29",227
"2020-05-28 16:45:34",226
"2020-05-28 17:45:29",226
"2020-05-28 18:45:26",228
"2020-05-28 19:45:24",228
"2020-05-28 20:45:38",228
"2020-05-28 21:45:43",228
"2020-05-28 22:45:26",227
"2020-05-28 23:45:39",227
"2020-05-29 00:45:32",227
"2020-05-29 01:45:30",227
"2020-05-29 02:45:51",227
"2020-05-29 03:45:27",227
"2020-05-29 04:45:31",227
"2020-05-29 05:45:46",227
"2020-05-29 06:45:39",227
"2020-05-29 07:45:41",227
"2020-05-29 08:45:39",227
"2020-05-29 09:52:17",227
"2020-05-29 10:45:33",227
"2020-05-29 11:45:29",227
"2020-05-29 12:45:46",227
"2020-05-29 13:45:38",227
"2020-05-29 14:45:34",229
"2020-05-29 15:45:28",229
"2020-05-29 16:45:21",229
"2020-05-29 17:45:33",229
"2020-05-29 18:45:32",230
"2020-05-29 19:45:29",230
"2020-05-29 20:45:39",229
"2020-05-29 21:45:26",229
"2020-05-29 22:45:28",229
"2020-05-29 23:45:39",229
"2020-05-30 00:45:23",229
"2020-05-30 01:45:22",229
"2020-05-30 02:45:27",229
"2020-05-30 03:45:27",229
"2020-05-30 04:45:26",229
"2020-05-30 05:45:31",229
"2020-05-30 06:45:32",229
"2020-05-30 07:45:51",229
"2020-05-30 08:45:32",229
"2020-05-30 09:45:26",229
"2020-05-30 10:45:32",229
"2020-05-30 11:45:28",229
"2020-05-30 12:45:28",229
"2020-05-30 13:45:28",229
"2020-05-30 14:45:23",229
"2020-05-30 15:45:26",229
"2020-05-30 16:45:41",229
"2020-05-30 17:45:29",229
"2020-05-30 18:45:28",229
"2020-05-30 19:45:33",229
"2020-05-30 20:45:27",229
"2020-05-30 21:45:34",229
"2020-05-30 22:45:27",229
"2020-05-30 23:45:35",229
"2020-05-31 00:45:34",229
"2020-05-31 01:45:33",229
"2020-05-31 02:45:31",229
"2020-05-31 03:45:31",229
"2020-05-31 04:45:27",229
"2020-05-31 05:45:33",229
"2020-05-31 06:45:32",229
"2020-05-31 07:45:34",229
"2020-05-31 09:30:18",229
"2020-05-31 09:45:29",229
"2020-05-31 13:10:18",229
"2020-05-31 13:12:29",229
"2020-05-31 13:19:43",229
"2020-06-01 05:04:56",229
"2020-06-01 05:25:37",229
"2020-06-01 05:25:48",229
"2020-06-01 05:27:03",229
"2020-06-01 05:36:15",229
"2020-06-01 05:48:59",229
"2020-06-01 05:49:46",229
"2020-06-01 05:50:20",229
"2020-06-01 05:54:34",229
"2020-06-01 05:56:51",229
"2020-06-01 05:59:16",229
"2020-06-01 06:00:25",229
"2020-06-01 06:01:53",229
"2020-06-01 06:03:08",229
"2020-06-01 06:11:16",229
"2020-06-01 06:38:55",229
"2020-06-01 06:46:31",229
"2020-06-01 06:54:07",229
"2020-06-01 07:45:28",229
"2020-06-01 08:45:39",229
"2020-06-01 09:45:40",229
"2020-06-01 10:45:26",229
"2020-06-01 11:45:29",229
"2020-06-01 13:07:51",229
"2020-06-01 13:46:02",229
"2020-06-01 14:45:33",233
"2020-06-01 15:45:30",234
"2020-06-01 16:45:53",235
"2020-06-01 17:45:49",235
"2020-06-01 18:45:49",235
"2020-06-01 19:45:34",235
"2020-06-01 20:45:31",234
"2020-06-01 21:45:29",234
"2020-06-01 22:45:24",234
"2020-06-01 23:45:32",234
"2020-06-02 00:45:34",234
"2020-06-02 01:45:25",234
"2020-06-02 02:45:23",234
"2020-06-02 03:45:29",234
"2020-06-02 04:45:27",234
"2020-06-02 05:45:29",234
"2020-06-02 06:45:31",234
"2020-06-02 07:45:32",234
"2020-06-02 08:45:37",234
"2020-06-02 09:45:27",234
"2020-06-02 10:45:34",234
"2020-06-02 11:45:29",234
"2020-06-02 12:45:38",234
"2020-06-02 13:45:37",234
"2020-06-02 14:45:55",234
"2020-06-02 15:45:55",233
"2020-06-02 16:45:28",233
"2020-06-02 17:45:52",233
"2020-06-02 18:45:26",232
"2020-06-02 19:45:49",230
"2020-06-02 20:45:53",231
"2020-06-02 21:45:22",231
"2020-06-02 22:45:31",231
"2020-06-02 23:45:24",231
"2020-06-03 00:45:36",231
"2020-06-03 01:45:54",231
"2020-06-03 02:45:21",231
"2020-06-03 03:45:47",231
"2020-06-03 04:45:42",231
"2020-06-03 05:45:23",231
"2020-06-03 06:45:29",231
"2020-06-03 07:45:49",231
"2020-06-03 08:45:31",231
"2020-06-03 09:45:30",231
"2020-06-03 10:45:29",231
"2020-06-03 11:45:30",231
"2020-06-03 13:11:25",231
"2020-06-03 13:45:33",231
"2020-06-03 14:45:25",230
"2020-06-03 15:45:55",230
"2020-06-03 16:45:49",230
"2020-06-03 17:45:53",230
"2020-06-03 18:46:01",230
"2020-06-03 19:45:54",230
"2020-06-03 20:45:29",230
"2020-06-03 21:45:30",231
"2020-06-03 22:45:29",231
"2020-06-03 23:45:23",231
"2020-06-04 00:45:50",231
"2020-06-04 01:45:35",231
"2020-06-04 02:45:30",231
"2020-06-04 03:45:35",231
"2020-06-04 04:45:35",231
"2020-06-04 05:45:30",231
"2020-06-04 06:45:30",231
"2020-06-04 07:45:41",231
"2020-06-04 08:45:46",231
"2020-06-04 09:45:37",231
"2020-06-04 10:45:31",231
"2020-06-04 11:45:30",231
"2020-06-04 12:45:30",231
"2020-06-04 13:45:49",232
"2020-06-04 14:46:11",237
"2020-06-04 15:45:57",243
"2020-06-04 17:09:56",246
"2020-06-04 17:45:33",246
"2020-06-04 18:45:50",247
"2020-06-04 19:45:25",250
"2020-06-04 20:45:54",249
"2020-06-04 21:45:53",249
"2020-06-04 22:45:30",249
"2020-06-04 23:45:33",249
"2020-06-05 00:45:36",249
"2020-06-05 01:45:28",249
"2020-06-05 02:45:26",249
"2020-06-05 03:45:29",249
"2020-06-05 04:45:35",249
"2020-06-05 05:45:37",249
"2020-06-05 06:45:34",249
"2020-06-05 07:45:33",249
"2020-06-05 08:45:35",249
"2020-06-05 09:45:27",249
"2020-06-05 10:45:27",249
"2020-06-05 11:45:30",249
"2020-06-05 13:12:24",249
"2020-06-05 13:45:53",249
"2020-06-05 14:45:35",250
"2020-06-05 15:45:34",257
"2020-06-05 16:45:59",257
"2020-06-05 17:45:34",256
"2020-06-05 18:45:35",259
"2020-06-05 19:45:34",258
"2020-06-05 20:45:58",261
"2020-06-05 21:45:34",263
"2020-06-05 22:45:33",263
"2020-06-05 23:45:35",263
"2020-06-06 00:45:39",263
"2020-06-06 01:45:27",263
"2020-06-06 02:45:30",263
"2020-06-06 03:45:38",263
"2020-06-06 04:45:40",263
"2020-06-06 05:45:43",263
"2020-06-06 06:45:33",263
"2020-06-06 07:46:03",263
"2020-06-06 08:45:38",263
"2020-06-06 09:55:39",263
"2020-06-06 10:45:27",263
"2020-06-06 11:45:32",263
"2020-06-06 12:45:34",263
"2020-06-06 13:45:28",263
"2020-06-06 14:45:56",263
"2020-06-06 15:45:31",263
"2020-06-06 16:45:51",263
"2020-06-06 18:45:34",263
"2020-06-06 19:45:26",263
"2020-06-06 20:45:31",263
"2020-06-06 21:45:30",263
"2020-06-06 22:45:31",263
"2020-06-06 23:45:39",263
"2020-06-07 00:45:40",263
"2020-06-07 01:45:30",263
"2020-06-07 02:45:31",263
"2020-06-07 03:45:32",263
"2020-06-07 04:45:33",263
"2020-06-07 05:45:32",263
"2020-06-07 06:45:29",263
"2020-06-07 07:45:37",263
"2020-06-07 08:45:36",263
"2020-06-08 04:45:26",263
"2020-06-08 05:45:24",263
"2020-06-08 06:45:48",263
"2020-06-08 07:45:21",263
"2020-06-08 08:45:34",263
"2020-06-08 09:45:27",263
"2020-06-08 10:45:26",263
"2020-06-08 11:45:30",263
"2020-06-08 12:45:56",263
"2020-06-08 13:45:33",263
"2020-06-08 14:46:10",263
"2020-06-08 15:45:29",268
"2020-06-08 16:45:43",274
"2020-06-08 17:45:41",274
"2020-06-08 18:46:05",276
"2020-06-08 19:45:59",279
"2020-06-08 20:45:47",283
"2020-06-08 21:45:37",283
"2020-06-08 22:45:36",286
"2020-06-08 23:45:35",286
"2020-06-09 00:45:38",286
"2020-06-09 01:45:48",286
"2020-06-09 02:45:47",286
"2020-06-09 03:45:30",286
"2020-06-09 04:45:56",286
"2020-06-09 05:46:09",286
"2020-06-09 06:46:05",286
"2020-06-09 07:45:45",286
"2020-06-09 08:45:46",286
"2020-06-09 09:45:51",286
"2020-06-09 10:45:37",286
"2020-06-09 11:45:45",286
"2020-06-09 12:46:14",286
"2020-06-09 13:45:55",286
"2020-06-09 14:45:52",296
"2020-06-09 15:45:58",320
"2020-06-09 16:46:05",321
"2020-06-09 17:45:40",326
"2020-06-09 18:45:58",327
"2020-06-09 19:46:18",332
"2020-06-09 20:46:18",332
"2020-06-09 21:45:55",335
"2020-06-09 22:45:59",335
"2020-06-09 23:46:04",335
"2020-06-10 00:46:10",335
"2020-06-10 01:45:54",335
"2020-06-10 02:45:59",335
"2020-06-10 03:46:04",335
"2020-06-10 04:45:52",335
"2020-06-10 05:46:01",335
"2020-06-10 06:45:43",335
"2020-06-10 07:45:29",335
"2020-06-10 08:45:42",335
"2020-06-10 09:45:27",335
"2020-06-10 10:45:29",335
"2020-06-10 11:45:39",335
"2020-06-10 12:45:49",335
"2020-06-10 13:46:05",336
"2020-06-10 15:45:37",324
"2020-06-10 16:45:50",324
"2020-06-10 17:45:46",323
"2020-06-10 18:45:46",324
"2020-06-10 19:45:44",323
"2020-06-10 20:45:36",324
"2020-06-10 21:45:50",324
"2020-06-10 22:45:31",324
"2020-06-10 23:45:56",324
"2020-06-11 00:47:04",324
"2020-06-11 01:45:33",324
"2020-06-11 02:46:17",324
"2020-06-11 03:46:16",324
"2020-06-11 04:45:37",324
"2020-06-11 05:46:13",324
"2020-06-11 06:45:45",324
"2020-06-11 07:46:05",324
"2020-06-11 08:45:42",324
"2020-06-11 09:45:44",324
"2020-06-11 10:45:40",324
"2020-06-11 11:45:30",324
"2020-06-11 12:45:48",324
"2020-06-11 13:46:09",323
"2020-06-11 14:45:53",325
"2020-06-11 15:46:06",323
"2020-06-11 16:46:28",324
"2020-06-11 17:46:00",325
"2020-06-11 18:46:05",326
"2020-06-11 19:45:59",326
"2020-06-11 20:45:40",325
"2020-06-11 21:45:33",325
"2020-06-11 22:45:28",325
"2020-06-11 23:45:27",325
"2020-06-12 00:45:38",325
"2020-06-12 01:45:39",325
"2020-06-12 02:45:37",325
"2020-06-12 03:45:39",325
"2020-06-12 04:45:34",325
"2020-06-12 05:45:32",325
"2020-06-12 06:45:42",325
"2020-06-12 07:45:42",325
"2020-06-12 08:45:32",325
"2020-06-12 09:45:43",325
"2020-06-12 10:45:43",325
"2020-06-12 11:45:36",325
"2020-06-12 14:12:01",327
"2020-06-12 14:19:59",327
"2020-06-12 14:46:07",327
"2020-06-12 15:45:40",326
"2020-06-12 16:45:45",326
"2020-06-12 17:45:41",326
"2020-06-12 18:45:42",327
"2020-06-12 19:45:56",324
"2020-06-12 20:45:55",324
"2020-06-12 21:45:48",324
"2020-06-12 22:45:31",325
"2020-06-12 23:45:33",325
"2020-06-13 00:45:26",325
"2020-06-13 01:45:32",325
"2020-06-13 02:45:33",325
"2020-06-13 03:45:32",325
"2020-06-13 04:45:31",325
"2020-06-13 05:45:29",325
"2020-06-13 06:45:35",325
"2020-06-13 07:45:35",325
"2020-06-13 08:45:31",325
"2020-06-13 09:45:31",325
"2020-06-13 10:45:31",325
"2020-06-13 11:45:28",325
"2020-06-13 12:45:29",325
"2020-06-13 13:45:27",325
"2020-06-13 14:45:32",325
"2020-06-13 15:45:30",325
"2020-06-13 16:45:42",325
"2020-06-13 17:45:31",325
"2020-06-13 18:45:34",325
"2020-06-13 19:45:30",325
"2020-06-13 20:45:33",325
"2020-06-13 21:45:38",325
"2020-06-13 22:45:37",325
"2020-06-13 23:45:37",325
"2020-06-14 00:45:35",325
"2020-06-14 01:45:27",325
"2020-06-14 02:45:35",325
"2020-06-14 03:45:38",325
"2020-06-14 04:45:23",325
"2020-06-14 05:45:51",325
"2020-06-14 06:45:30",325
"2020-06-14 07:45:35",325
"2020-06-14 08:45:30",325
"2020-06-14 09:45:31",325
"2020-06-14 10:45:33",325
"2020-06-14 11:45:28",325
"2020-06-14 12:45:30",325
"2020-06-14 13:45:31",325
"2020-06-14 14:45:33",325
"2020-06-14 15:45:34",325
"2020-06-14 16:45:30",325
"2020-06-14 17:45:35",325
"2020-06-14 18:45:38",325
"2020-06-14 19:45:31",325
"2020-06-14 20:45:34",325
"2020-06-14 21:45:44",325
"2020-06-14 22:45:29",325
"2020-06-14 23:45:33",325
"2020-06-15 00:45:47",325
"2020-06-15 01:45:41",325
"2020-06-15 02:45:38",325
"2020-06-15 03:45:32",325
"2020-06-15 04:45:42",325
"2020-06-15 05:45:56",325
"2020-06-15 06:45:32",325
"2020-06-15 07:45:32",325
"2020-06-15 08:45:47",325
"2020-06-15 09:45:37",325
"2020-06-15 10:45:28",325
"2020-06-15 11:45:30",325
"2020-06-15 12:45:41",325
"2020-06-15 13:46:12",325
"2020-06-15 14:46:01",329
"2020-06-15 15:45:41",331
"2020-06-15 16:45:53",331
"2020-06-15 17:45:41",334
"2020-06-15 18:42:58",335
"2020-06-15 18:50:37",335
"2020-06-15 18:58:16",335
"2020-06-15 19:05:58",335
"2020-06-15 19:13:45",335
"2020-06-15 19:21:32",335
"2020-06-15 19:29:14",335
"2020-06-15 19:36:54",335
"2020-06-15 19:44:33",335
"2020-06-15 19:52:13",335
"2020-06-15 19:59:58",335
"2020-06-15 20:07:43",335
"2020-06-15 20:12:45",335
"2020-06-15 20:20:24",335
"2020-06-15 20:28:02",335
"2020-06-15 20:35:41",335
"2020-06-15 20:43:19",335
"2020-06-15 20:50:56",335
"2020-06-15 20:58:38",335
"2020-06-15 21:06:20",335
"2020-06-15 21:14:00",335
"2020-06-15 21:21:38",335
"2020-06-15 21:29:14",335
"2020-06-15 21:36:53",335
"2020-06-15 21:44:29",335
"2020-06-15 21:52:09",335
"2020-06-15 22:45:34",335
"2020-06-15 23:45:28",335
"2020-06-16 00:45:34",335
"2020-06-16 01:45:28",335
"2020-06-16 02:46:13",335
"2020-06-16 03:45:33",335
"2020-06-16 04:45:27",335
"2020-06-16 05:45:32",335
"2020-06-16 06:45:58",335
"2020-06-16 07:45:53",335
"2020-06-16 08:45:30",335
"2020-06-16 09:45:28",335
"2020-06-16 10:45:32",335
"2020-06-16 11:45:28",335
"2020-06-16 12:45:37",335
"2020-06-16 13:45:36",335
"2020-06-16 14:45:53",333
"2020-06-16 15:45:37",331
"2020-06-16 16:45:37",330
"2020-06-16 17:46:10",330
"2020-06-16 18:45:35",328
"2020-06-16 19:45:37",330
"2020-06-16 20:45:38",330
"2020-06-16 21:45:32",330
"2020-06-16 22:45:24",330
"2020-06-16 23:45:26",330
"2020-06-17 00:45:32",330
"2020-06-17 01:45:49",330
"2020-06-17 02:45:35",330
"2020-06-17 03:46:00",330
"2020-06-17 04:45:36",330
"2020-06-17 05:45:35",330
"2020-06-17 06:45:51",330
"2020-06-17 07:45:32",330
"2020-06-17 08:45:30",330
"2020-06-17 09:45:26",330
"2020-06-17 10:45:25",330
"2020-06-17 11:45:34",330
"2020-06-17 12:45:35",330
"2020-06-17 13:45:41",330
"2020-06-17 14:45:33",332
"2020-06-17 15:45:38",370
"2020-06-17 16:45:41",419
"2020-06-17 17:45:40",422
"2020-06-17 18:45:48",426
"2020-06-17 19:45:57",425
"2020-06-17 20:45:59",428
"2020-06-17 21:45:49",428
"2020-06-17 22:45:32",428
"2020-06-17 23:45:35",430
"2020-06-18 00:45:30",430
"2020-06-18 01:45:36",430
"2020-06-18 02:45:27",430
"2020-06-18 03:45:47",430
"2020-06-18 04:45:32",430
"2020-06-18 05:45:26",430
"2020-06-18 06:45:36",430
"2020-06-18 07:45:49",430
"2020-06-18 08:45:30",430
"2020-06-18 09:45:32",430
"2020-06-18 10:45:25",430
"2020-06-18 11:45:41",430
"2020-06-18 12:45:37",430
"2020-06-18 13:45:50",430
"2020-06-18 14:45:49",415
"2020-06-18 17:07:31",415
"2020-06-18 17:45:36",415
"2020-06-18 18:45:50",415
"2020-06-18 19:45:45",415
"2020-06-18 20:45:38",412
"2020-06-18 21:45:56",411
"2020-06-18 22:45:35",411
"2020-06-18 23:45:42",411
"2020-06-19 00:45:58",411
"2020-06-19 01:45:35",411
"2020-06-19 02:45:33",411
"2020-06-19 03:45:56",411
"2020-06-19 04:48:04",411
"2020-06-19 05:45:33",411
"2020-06-19 06:45:29",411
"2020-06-19 07:45:52",411
"2020-06-19 08:46:01",411
"2020-06-19 09:45:50",411
"2020-06-19 10:45:32",411
"2020-06-19 11:45:25",411
"2020-06-19 13:09:54",410
"2020-06-19 13:45:51",410
"2020-06-19 14:45:38",407
"2020-06-19 15:45:40",410
"2020-06-19 16:45:36",409
"2020-06-19 17:45:49",408
"2020-06-19 18:45:31",406
"2020-06-19 19:45:39",406
"2020-06-19 20:45:35",406
"2020-06-19 21:45:24",406
"2020-06-19 22:45:41",406
"2020-06-19 23:45:50",406
"2020-06-20 00:45:37",406
"2020-06-20 01:45:45",406
"2020-06-20 02:45:45",406
"2020-06-20 03:45:30",406
"2020-06-20 04:45:23",406
"2020-06-20 05:45:35",406
"2020-06-20 06:45:30",406
"2020-06-20 07:45:33",406
"2020-06-20 08:45:34",405
"2020-06-20 09:45:33",405
"2020-06-20 10:45:31",405
"2020-06-20 11:45:35",405
"2020-06-20 12:45:35",405
"2020-06-20 13:45:37",405
"2020-06-20 14:45:34",405
"2020-06-20 15:45:26",405
"2020-06-20 16:45:53",405
"2020-06-20 17:45:29",405
"2020-06-20 18:45:30",405
"2020-06-20 19:45:46",405
"2020-06-20 20:45:34",405
"2020-06-20 21:45:34",405
"2020-06-20 22:45:38",405
"2020-06-20 23:45:39",405
"2020-06-21 00:45:40",405
"2020-06-21 01:45:33",405
"2020-06-21 02:45:34",405
"2020-06-21 03:45:58",405
"2020-06-21 04:45:33",405
"2020-06-21 05:45:57",405
"2020-06-21 06:45:30",405
"2020-06-21 07:45:33",405
"2020-06-21 08:45:28",405
"2020-06-21 09:45:28",405
"2020-06-21 10:45:25",405
"2020-06-21 11:45:33",405
"2020-06-21 12:45:40",405
"2020-06-21 13:45:39",405
"2020-06-21 14:46:01",405
"2020-06-21 15:45:34",405
"2020-06-21 16:45:28",405
"2020-06-21 17:45:31",405
"2020-06-21 18:45:35",405
"2020-06-21 19:45:36",405
"2020-06-21 20:45:34",405
"2020-06-21 21:45:37",405
"2020-06-21 22:45:54",405
"2020-06-21 23:45:41",405
"2020-06-22 00:45:30",405
"2020-06-22 01:45:46",405
"2020-06-22 02:45:40",405
"2020-06-22 03:45:34",405
"2020-06-22 04:45:37",405
"2020-06-22 05:45:55",405
"2020-06-22 06:45:36",405
"2020-06-22 07:45:26",405
"2020-06-22 08:45:36",405
"2020-06-22 09:45:37",405
"2020-06-22 10:45:59",405
"2020-06-22 11:45:31",405
"2020-06-22 12:45:37",405
"2020-06-22 13:45:39",405
"2020-06-22 14:45:42",406
"2020-06-22 15:45:57",404
"2020-06-22 16:45:40",405
"2020-06-22 17:45:58",407
"2020-06-22 18:45:36",406
"2020-06-22 19:45:44",408
"2020-06-22 20:45:32",410
"2020-06-22 21:46:46",410
"2020-06-22 22:45:28",410
"2020-06-22 23:45:33",410
"2020-06-23 00:45:30",410
"2020-06-23 01:45:34",410
"2020-06-23 02:45:41",410
"2020-06-23 03:45:41",410
"2020-06-23 04:45:50",410
"2020-06-23 05:45:50",410
"2020-06-23 06:45:31",410
"2020-06-23 07:45:41",410
"2020-06-23 08:46:14",410
"2020-06-23 09:45:34",410
"2020-06-23 10:45:42",410
"2020-06-23 11:45:36",410
"2020-06-23 12:45:41",410
"2020-06-23 13:45:41",410
"2020-06-23 14:45:41",410
"2020-06-23 15:45:54",408
"2020-06-23 16:45:37",409
"2020-06-23 17:45:46",412
"2020-06-23 18:45:56",411
"2020-06-23 19:45:32",409
"2020-06-23 20:45:40",409
"2020-06-23 21:45:33",409
"2020-06-23 22:45:52",409
"2020-06-23 23:45:59",409
"2020-06-24 00:45:57",409
"2020-06-24 01:45:57",409
"2020-06-24 02:45:55",409
"2020-06-24 03:45:34",409
"2020-06-24 04:45:50",409
"2020-06-24 05:46:00",409
"2020-06-24 06:45:40",409
"2020-06-24 07:45:34",409
"2020-06-24 08:45:52",409
"2020-06-24 09:45:40",409
"2020-06-24 10:45:46",409
"2020-06-24 11:45:30",409
"2020-06-24 12:45:36",409
"2020-06-24 13:45:43",409
"2020-06-24 14:45:39",410
"2020-06-24 15:45:34",409
"2020-06-24 16:45:37",408
"2020-06-24 17:45:56",410
"2020-06-24 18:45:52",409
"2020-06-24 19:45:55",409
"2020-06-24 20:45:38",408
"2020-06-24 21:45:36",408
"2020-06-24 22:45:35",407
"2020-06-24 23:45:37",407
"2020-06-25 00:45:43",407
"2020-06-25 01:45:37",407
"2020-06-25 02:45:28",407
"2020-06-25 03:45:34",407
"2020-06-25 04:45:37",407
"2020-06-25 05:45:36",407
"2020-06-25 06:45:42",407
"2020-06-25 07:45:43",407
"2020-06-25 08:45:41",407
"2020-06-25 09:45:54",407
"2020-06-25 10:45:30",407
"2020-06-25 11:46:09",407
"2020-06-25 13:08:56",407
"2020-06-25 13:45:59",407
"2020-06-25 14:46:22",410
"2020-06-25 15:46:02",412
"2020-06-25 16:46:00",413
"2020-06-25 17:46:01",413
"2020-06-25 18:45:38",412
"2020-06-25 19:45:48",410
"2020-06-25 20:45:38",411
"2020-06-25 21:45:53",412
"2020-06-25 22:46:02",412
"2020-06-25 23:45:33",412
"2020-06-26 00:46:04",412
"2020-06-26 01:45:46",412
"2020-06-26 02:45:44",412
"2020-06-26 03:45:54",412
"2020-06-26 04:45:33",412
"2020-06-26 05:45:41",412
"2020-06-26 06:45:42",412
"2020-06-26 07:45:45",412
"2020-06-26 08:45:50",412
"2020-06-26 09:45:37",412
"2020-06-26 10:45:34",412
"2020-06-26 11:45:38",412
"2020-06-26 12:45:42",412
"2020-06-26 13:46:13",412
"2020-06-26 14:45:42",409
"2020-06-26 15:45:37",408
"2020-06-26 16:45:43",409
"2020-06-26 17:45:39",410
"2020-06-26 18:45:44",410
"2020-06-26 19:45:44",408
"2020-06-26 20:45:36",410
"2020-06-26 21:45:39",410
"2020-06-26 22:45:57",410
"2020-06-26 23:45:32",410
"2020-06-27 00:46:11",410
"2020-06-27 01:45:55",410
"2020-06-27 02:45:53",410
"2020-06-27 03:45:53",410
"2020-06-27 04:46:00",410
"2020-06-27 05:45:31",410
"2020-06-27 06:45:39",410
"2020-06-27 07:45:39",410
"2020-06-27 08:45:34",410
"2020-06-27 09:45:35",410
"2020-06-27 10:45:37",410
"2020-06-27 11:45:29",410
"2020-06-27 12:45:44",410
"2020-06-27 13:45:38",410
"2020-06-27 14:45:28",410
"2020-06-27 15:45:59",410
"2020-06-27 16:45:37",410
"2020-06-27 17:45:33",410
"2020-06-27 18:45:37",410
"2020-06-27 19:45:36",410
"2020-06-27 20:45:31",410
"2020-06-27 21:45:35",410
"2020-06-27 22:45:36",410
"2020-06-27 23:45:31",410
"2020-06-28 00:45:45",410
"2020-06-28 01:45:30",410
"2020-06-28 02:45:39",410
"2020-06-28 03:45:32",410
"2020-06-28 04:45:30",410
"2020-06-28 05:45:36",410
"2020-06-28 06:45:33",410
"2020-06-28 07:45:48",410
"2020-06-28 08:45:41",410
"2020-06-28 09:45:33",410
"2020-06-28 10:45:36",410
"2020-06-28 11:45:30",410
"2020-06-28 12:45:37",410
"2020-06-28 13:45:36",410
"2020-06-28 14:45:31",410
"2020-06-28 15:45:41",410
"2020-06-28 16:45:36",410
"2020-06-28 17:45:35",410
"2020-06-28 18:45:41",410
"2020-06-28 19:45:40",410
"2020-06-28 20:45:29",410
"2020-06-28 21:45:42",410
"2020-06-28 22:45:54",410
"2020-06-28 23:45:42",410
"2020-06-29 00:45:51",410
"2020-06-29 01:45:29",410
"2020-06-29 02:45:40",410
"2020-06-29 03:45:37",410
"2020-06-29 04:45:42",410
"2020-06-29 05:45:33",410
"2020-06-29 06:45:45",410
"2020-06-29 07:45:49",410
"2020-06-29 08:45:40",410
"2020-06-29 09:45:43",410
"2020-06-29 10:45:39",410
"2020-06-29 11:45:37",410
"2020-06-29 12:45:45",410
"2020-06-29 13:45:56",410
"2020-06-29 14:46:09",408
"2020-06-29 15:45:44",405
"2020-06-29 16:45:42",402
"2020-06-29 17:45:38",400
"2020-06-29 18:45:38",401
"2020-06-29 19:45:43",400
"2020-06-29 20:45:42",401
"2020-06-29 21:45:41",401
"2020-06-29 22:45:37",401
"2020-06-29 23:45:45",401
"2020-06-30 00:46:04",401
"2020-06-30 01:45:46",401
"2020-06-30 02:46:08",401
"2020-06-30 03:45:38",401
"2020-06-30 04:46:02",401
"2020-06-30 05:45:45",401
"2020-06-30 06:45:56",401
"2020-06-30 07:45:38",401
"2020-06-30 08:45:37",401
"2020-06-30 09:45:45",401
"2020-06-30 10:47:41",401
"2020-06-30 11:45:38",401
"2020-06-30 12:45:39",401
"2020-06-30 13:46:20",401
"2020-06-30 14:45:51",400
"2020-06-30 15:45:57",398
"2020-06-30 16:46:17",396
"2020-06-30 17:45:44",394
"2020-06-30 18:45:54",392
"2020-06-30 19:45:42",392
"2020-06-30 20:45:49",391
"2020-06-30 21:46:03",391
"2020-06-30 22:45:30",391
"2020-06-30 23:45:38",391
"2020-07-01 00:46:46",391
"2020-07-01 01:45:40",391
"2020-07-01 02:46:02",391
"2020-07-01 03:45:45",391
"2020-07-01 04:45:48",391
"2020-07-01 05:45:53",391
"2020-07-01 06:45:43",391
"2020-07-01 07:45:46",391
"2020-07-01 08:46:05",391
"2020-07-01 09:46:20",391
"2020-07-01 10:46:12",391
"2020-07-01 11:45:43",391
"2020-07-01 13:08:32",391
"2020-07-01 13:46:16",391
"2020-07-01 14:46:19",390
"2020-07-01 15:46:15",390
"2020-07-01 16:46:12",390
"2020-07-01 17:46:02",390
"2020-07-01 18:46:06",391
"2020-07-01 19:46:15",394
"2020-07-01 20:46:06",397
"2020-07-01 21:45:42",398
"2020-07-01 22:46:05",398
"2020-07-01 23:45:46",398
"2020-07-02 00:46:51",398
"2020-07-02 01:45:48",398
"2020-07-02 02:45:51",398
"2020-07-02 03:45:53",398
"2020-07-02 04:45:47",398
"2020-07-02 05:45:52",398
"2020-07-02 06:45:46",398
"2020-07-02 07:45:39",398
"2020-07-02 08:45:46",398
"2020-07-02 09:46:52",398
"2020-07-02 10:45:48",398
"2020-07-02 11:45:47",398
"2020-07-02 13:11:32",398
"2020-07-02 13:46:14",398
"2020-07-02 14:45:46",398
"2020-07-02 15:45:50",397
"2020-07-02 16:46:04",396
"2020-07-02 17:45:56",394
"2020-07-02 18:46:01",395
"2020-07-02 19:45:55",395
"2020-07-02 20:45:35",398
"2020-07-02 21:45:48",398
"2020-07-02 22:45:37",398
"2020-07-02 23:45:36",398
"2020-07-03 00:46:07",398
"2020-07-03 01:45:43",398
"2020-07-03 02:46:00",398
"2020-07-03 03:45:42",398
"2020-07-03 04:46:05",398
"2020-07-03 05:45:45",398
"2020-07-03 06:45:43",398
"2020-07-03 07:45:44",398
"2020-07-03 08:45:44",398
"2020-07-03 09:46:03",398
"2020-07-03 10:45:47",398
"2020-07-03 11:45:40",398
"2020-07-03 12:45:40",398
"2020-07-03 13:45:44",398
"2020-07-03 14:45:50",398
"2020-07-03 15:45:41",398
"2020-07-03 16:45:43",398
"2020-07-03 17:45:42",398
"2020-07-03 18:45:52",398
"2020-07-03 19:45:46",398
"2020-07-03 20:45:47",398
"2020-07-03 21:45:43",398
"2020-07-03 22:45:40",398
"2020-07-03 23:45:43",398
"2020-07-04 00:45:41",398
"2020-07-04 01:45:53",398
"2020-07-04 02:46:00",398
"2020-07-04 03:45:40",398
"2020-07-04 04:45:36",398
"2020-07-04 05:45:46",398
"2020-07-04 06:45:48",398
"2020-07-04 07:45:43",398
"2020-07-04 08:45:47",398
"2020-07-04 09:45:46",398
"2020-07-04 11:38:34",398
"2020-07-04 11:46:20",398
"2020-07-04 12:45:48",398
"2020-07-04 13:45:41",398
"2020-07-04 14:45:47",398
"2020-07-04 15:45:34",398
"2020-07-04 16:46:09",398
"2020-07-04 17:45:41",398
"2020-07-04 18:45:46",398
"2020-07-04 19:45:37",398
"2020-07-04 20:45:44",398
"2020-07-04 21:45:46",398
"2020-07-04 22:45:38",398
"2020-07-04 23:45:52",398
"2020-07-05 00:45:49",398
"2020-07-05 01:45:47",398
"2020-07-05 02:45:36",398
"2020-07-05 03:45:41",398
"2020-07-05 04:45:38",398
"2020-07-05 05:45:47",398
"2020-07-05 06:45:46",398
"2020-07-05 07:45:49",398
"2020-07-05 08:45:45",398
"2020-07-05 11:33:04",398
"2020-07-05 11:38:18",398
"2020-07-05 11:47:48",398
"2020-07-05 12:45:40",398
"2020-07-05 13:45:45",398
"2020-07-05 14:45:37",398
"2020-07-05 15:45:55",398
"2020-07-05 16:45:47",398
"2020-07-05 17:45:39",398
"2020-07-05 18:45:38",398
"2020-07-05 19:45:45",398
"2020-07-05 20:45:41",398
"2020-07-05 21:45:45",398
"2020-07-05 22:45:37",398
"2020-07-05 23:45:40",398
"2020-07-06 00:45:46",398
"2020-07-06 01:45:51",398
"2020-07-06 02:45:44",398
"2020-07-06 03:45:42",398
"2020-07-06 04:45:38",398
"2020-07-06 05:45:31",398
"2020-07-06 06:45:49",398
"2020-07-06 07:46:00",398
"2020-07-06 08:45:48",398
