timestamp,users_holding
"2018-05-02 04:55:59",235
"2018-05-02 06:41:10",235
"2018-05-03 00:38:06",238
"2018-05-03 06:36:21",238
"2018-05-03 06:51:20",238
"2018-05-03 07:09:38",238
"2018-05-03 07:36:51",238
"2018-05-03 07:46:05",238
"2018-05-03 11:21:52",238
"2018-05-03 12:45:16",238
"2018-05-03 13:45:17",238
"2018-05-03 14:45:17",237
"2018-05-03 15:45:17",236
"2018-05-03 16:45:17",236
"2018-05-03 17:45:17",236
"2018-05-03 18:45:16",236
"2018-05-03 19:45:16",236
"2018-05-03 20:45:17",236
"2018-05-03 21:45:16",236
"2018-05-03 22:45:18",236
"2018-05-03 23:45:16",236
"2018-05-04 00:45:16",236
"2018-05-04 01:45:17",236
"2018-05-04 02:45:18",236
"2018-05-04 03:45:17",236
"2018-05-04 04:45:17",236
"2018-05-04 05:45:17",236
"2018-05-04 06:45:17",236
"2018-05-04 07:45:16",236
"2018-05-04 08:45:18",236
"2018-05-04 09:45:18",236
"2018-05-04 10:45:17",236
"2018-05-04 11:45:17",236
"2018-05-04 12:45:16",236
"2018-05-04 20:50:00",236
"2018-05-04 20:56:00",236
"2018-05-04 21:02:00",236
"2018-05-04 21:08:00",236
"2018-05-04 21:13:59",236
"2018-05-04 21:20:00",236
"2018-05-04 21:25:59",236
"2018-05-04 21:31:59",236
"2018-05-04 21:45:16",236
"2018-05-04 22:45:17",236
"2018-05-04 23:45:18",236
"2018-05-05 00:45:16",236
"2018-05-05 01:45:18",236
"2018-05-05 02:45:17",236
"2018-05-05 03:45:18",236
"2018-05-05 04:45:18",236
"2018-05-05 05:45:17",236
"2018-05-05 06:45:19",236
"2018-05-05 07:45:18",236
"2018-05-05 08:45:18",236
"2018-05-05 09:45:16",236
"2018-05-05 10:45:19",236
"2018-05-05 11:45:17",236
"2018-05-05 12:45:18",236
"2018-05-05 13:45:19",236
"2018-05-05 14:45:18",236
"2018-05-05 15:45:19",236
"2018-05-05 16:45:18",236
"2018-05-05 17:45:18",236
"2018-05-05 18:45:17",236
"2018-05-05 19:45:18",236
"2018-05-05 20:45:18",236
"2018-05-05 21:45:17",236
"2018-05-05 22:45:18",236
"2018-05-05 23:45:17",236
"2018-05-06 00:45:17",236
"2018-05-06 01:45:18",236
"2018-05-06 02:45:18",236
"2018-05-06 03:45:17",236
"2018-05-06 04:45:17",236
"2018-05-06 05:45:18",236
"2018-05-06 06:45:17",236
"2018-05-06 07:45:22",236
"2018-05-06 08:45:16",236
"2018-05-06 09:45:17",236
"2018-05-06 10:45:16",236
"2018-05-06 11:45:18",236
"2018-05-06 12:45:16",236
"2018-05-06 13:45:18",236
"2018-05-06 14:45:17",236
"2018-05-06 15:45:17",236
"2018-05-06 16:45:18",236
"2018-05-06 17:45:17",236
"2018-05-06 18:45:19",236
"2018-05-06 19:45:18",236
"2018-05-06 20:45:19",236
"2018-05-06 21:45:18",236
"2018-05-06 22:45:17",236
"2018-05-06 23:45:18",236
"2018-05-07 00:45:17",236
"2018-05-07 01:45:17",236
"2018-05-07 01:58:53",236
"2018-05-07 02:45:18",236
"2018-05-07 03:45:18",236
"2018-05-07 04:45:17",236
"2018-05-07 05:45:18",236
"2018-05-07 06:45:17",236
"2018-05-07 07:45:17",236
"2018-05-07 08:45:19",236
"2018-05-07 09:45:17",236
"2018-05-07 10:45:17",236
"2018-05-07 11:45:17",236
"2018-05-07 12:45:17",236
"2018-05-07 13:45:29",236
"2018-05-07 14:45:17",236
"2018-05-07 15:45:18",236
"2018-05-07 16:45:23",236
"2018-05-07 22:45:17",235
"2018-05-07 23:45:17",235
"2018-05-08 00:45:20",235
"2018-05-08 01:45:23",235
"2018-05-08 02:45:17",235
"2018-05-08 03:45:17",235
"2018-05-08 04:45:18",235
"2018-05-08 05:45:17",235
"2018-05-08 06:45:18",235
"2018-05-08 07:45:17",235
"2018-05-08 08:45:17",235
"2018-05-08 09:45:16",235
"2018-05-08 10:45:16",235
"2018-05-08 11:45:16",235
"2018-05-08 12:45:16",235
"2018-05-08 13:45:18",235
"2018-05-08 14:45:18",235
"2018-05-08 15:45:17",236
"2018-05-08 16:45:16",236
"2018-05-08 17:45:16",236
"2018-05-08 18:45:18",236
"2018-05-08 19:45:17",236
"2018-05-08 20:45:16",236
"2018-05-08 21:45:16",236
"2018-05-08 22:45:17",236
"2018-05-08 23:45:22",236
"2018-05-09 00:45:18",236
"2018-05-09 01:45:17",236
"2018-05-09 02:45:17",236
"2018-05-09 03:45:16",236
"2018-05-09 04:45:17",236
"2018-05-09 05:45:18",236
"2018-05-09 06:45:17",236
"2018-05-09 07:45:17",236
"2018-05-09 08:45:17",236
"2018-05-09 09:45:16",236
"2018-05-09 10:45:17",236
"2018-05-09 11:45:17",236
"2018-05-09 12:45:16",236
"2018-05-09 13:45:19",236
"2018-05-09 14:45:17",232
"2018-05-09 15:45:17",231
"2018-05-09 16:45:17",232
"2018-05-09 17:45:19",232
"2018-05-09 18:45:17",233
"2018-05-09 19:45:18",233
"2018-05-09 20:45:16",233
"2018-05-09 21:45:18",233
"2018-05-09 22:45:16",233
"2018-05-09 23:45:16",233
"2018-05-10 00:45:18",233
"2018-05-10 01:45:17",233
"2018-05-10 02:45:18",233
"2018-05-10 03:45:19",233
"2018-05-10 04:45:19",233
"2018-05-10 05:45:18",233
"2018-05-10 06:45:18",233
"2018-05-10 07:45:20",233
"2018-05-10 08:45:18",233
"2018-05-10 09:45:17",233
"2018-05-10 10:45:18",233
"2018-05-10 11:45:18",233
"2018-05-10 12:45:18",233
"2018-05-10 13:45:29",233
"2018-05-10 14:45:19",232
"2018-05-10 15:45:19",232
"2018-05-10 16:45:18",232
"2018-05-10 17:45:19",230
"2018-05-10 18:45:18",230
"2018-05-10 19:45:19",230
"2018-05-10 20:45:18",231
"2018-05-10 21:45:18",231
"2018-05-10 22:45:18",231
"2018-05-10 23:45:19",231
"2018-05-11 00:45:19",231
"2018-05-11 01:45:20",231
"2018-05-11 02:45:19",231
"2018-05-11 03:45:18",231
"2018-05-11 04:45:18",231
"2018-05-11 05:45:20",231
"2018-05-11 06:45:18",231
"2018-05-11 07:45:18",231
"2018-05-11 08:45:18",231
"2018-05-11 09:45:17",231
"2018-05-11 10:45:17",232
"2018-05-11 11:45:18",232
"2018-05-11 12:45:17",232
"2018-05-11 13:45:20",232
"2018-05-11 14:45:19",232
"2018-05-11 15:45:19",231
"2018-05-11 16:45:19",231
"2018-05-11 17:45:19",232
"2018-05-11 18:45:19",231
"2018-05-11 19:45:19",231
"2018-05-11 20:45:17",231
"2018-05-11 21:45:18",231
"2018-05-11 22:45:18",231
"2018-05-11 23:45:18",231
"2018-05-12 00:45:19",231
"2018-05-12 01:45:18",231
"2018-05-12 02:45:20",231
"2018-05-12 03:45:19",231
"2018-05-12 04:45:19",231
"2018-05-12 05:45:19",231
"2018-05-12 06:45:19",231
"2018-05-12 07:45:19",231
"2018-05-12 08:45:18",231
"2018-05-12 09:45:18",231
"2018-05-12 10:45:18",231
"2018-05-12 11:45:18",231
"2018-05-12 12:45:18",231
"2018-05-12 13:45:20",231
"2018-05-12 14:45:19",231
"2018-05-12 15:45:20",231
"2018-05-12 16:45:18",231
"2018-05-12 17:45:20",231
"2018-05-12 18:45:17",231
"2018-05-12 19:45:19",231
"2018-05-12 20:45:18",231
"2018-05-12 21:45:17",231
"2018-05-12 22:45:18",231
"2018-05-12 23:45:18",231
"2018-05-13 00:45:19",231
"2018-05-13 01:45:18",231
"2018-05-13 02:45:17",231
"2018-05-13 03:45:18",231
"2018-05-13 04:45:19",231
"2018-05-13 05:45:19",231
"2018-05-13 06:45:19",231
"2018-05-13 07:45:18",231
"2018-05-13 08:45:17",231
"2018-05-13 09:45:19",231
"2018-05-13 10:45:17",231
"2018-05-13 11:45:17",231
"2018-05-13 12:45:18",231
"2018-05-13 13:45:18",231
"2018-05-13 14:45:18",231
"2018-05-13 15:45:18",231
"2018-05-13 16:45:19",231
"2018-05-13 17:45:19",231
"2018-05-13 18:45:19",231
"2018-05-13 19:45:17",231
"2018-05-13 20:45:19",231
"2018-05-13 21:45:18",231
"2018-05-13 22:45:19",231
"2018-05-13 23:45:19",231
"2018-05-14 00:45:19",231
"2018-05-14 01:45:19",231
"2018-05-14 02:45:19",231
"2018-05-14 03:45:19",231
"2018-05-14 04:45:20",231
"2018-05-14 05:45:19",231
"2018-05-14 06:45:17",231
"2018-05-14 07:45:18",231
"2018-05-14 08:45:17",231
"2018-05-14 09:45:17",231
"2018-05-14 10:45:17",231
"2018-05-14 11:45:18",231
"2018-05-14 12:45:17",231
"2018-05-14 13:45:21",231
"2018-05-14 14:45:19",232
"2018-05-14 15:45:18",232
"2018-05-14 16:45:18",232
"2018-05-14 17:45:18",232
"2018-05-14 18:45:20",232
"2018-05-14 19:45:18",231
"2018-05-14 20:45:18",231
"2018-05-14 21:45:18",231
"2018-05-14 22:45:19",231
"2018-05-14 23:45:19",231
"2018-05-15 00:45:19",231
"2018-05-15 01:45:19",231
"2018-05-15 02:45:19",231
"2018-05-15 03:45:19",231
"2018-05-15 04:45:19",231
"2018-05-15 05:45:18",231
"2018-05-15 06:45:17",231
"2018-05-15 07:45:18",231
"2018-05-15 08:45:18",231
"2018-05-15 09:45:18",231
"2018-05-15 10:45:19",231
"2018-05-15 11:45:17",231
"2018-05-15 12:45:18",231
"2018-05-15 13:45:19",231
"2018-05-15 14:45:18",232
"2018-05-15 15:45:18",232
"2018-05-15 16:45:19",231
"2018-05-15 17:45:18",231
"2018-05-15 18:45:23",231
"2018-05-15 19:45:18",231
"2018-05-15 20:45:18",231
"2018-05-15 21:45:17",231
"2018-05-15 22:45:19",231
"2018-05-15 23:45:19",231
"2018-05-16 00:45:18",231
"2018-05-16 01:45:19",231
"2018-05-16 02:45:18",231
"2018-05-16 03:45:19",231
"2018-05-16 04:45:20",231
"2018-05-16 05:45:19",231
"2018-05-16 06:45:18",231
"2018-05-16 07:45:19",231
"2018-05-16 08:45:20",231
"2018-05-16 09:45:17",231
"2018-05-16 10:45:17",232
"2018-05-16 11:45:18",232
"2018-05-16 12:45:20",232
"2018-05-16 13:45:19",232
"2018-05-16 14:45:18",231
"2018-05-16 15:45:19",231
"2018-05-16 16:45:18",231
"2018-05-16 17:45:20",231
"2018-05-16 18:45:17",231
"2018-05-16 19:45:18",231
"2018-05-16 20:45:18",231
"2018-05-16 21:45:17",231
"2018-05-16 22:45:18",231
"2018-05-16 23:45:18",231
"2018-05-17 00:45:20",231
"2018-05-17 01:45:17",231
"2018-05-17 02:45:18",231
"2018-05-17 03:45:18",231
"2018-05-17 04:45:19",231
"2018-05-17 05:45:19",231
"2018-05-17 06:45:20",231
"2018-05-17 07:45:19",231
"2018-05-17 08:45:22",231
"2018-05-17 09:45:19",231
"2018-05-17 10:45:17",231
"2018-05-17 11:45:19",231
"2018-05-17 12:45:18",231
"2018-05-17 13:45:20",231
"2018-05-17 14:45:18",231
"2018-05-17 15:45:19",231
"2018-05-18 07:45:19",231
"2018-05-18 08:45:19",231
"2018-05-18 09:45:17",231
"2018-05-18 10:45:17",231
"2018-05-18 11:45:17",231
"2018-05-18 12:45:18",231
"2018-05-18 13:45:20",231
"2018-05-18 14:45:18",231
"2018-05-18 15:45:18",231
"2018-05-18 16:45:18",230
"2018-05-18 17:45:17",230
"2018-05-18 18:45:17",230
"2018-05-18 19:45:18",230
"2018-05-18 20:45:19",229
"2018-05-18 21:45:17",229
"2018-05-18 22:45:18",229
"2018-05-18 23:45:18",229
"2018-05-19 00:45:17",229
"2018-05-19 01:45:19",229
"2018-05-19 02:45:20",229
"2018-05-19 03:45:19",229
"2018-05-19 04:45:18",229
"2018-05-19 05:45:19",229
"2018-05-19 06:45:20",229
"2018-05-19 07:45:17",229
"2018-05-19 08:45:18",229
"2018-05-19 09:45:18",229
"2018-05-19 10:45:17",229
"2018-05-19 11:45:18",229
"2018-05-19 12:45:18",229
"2018-05-19 13:45:19",229
"2018-05-19 14:45:19",229
"2018-05-19 15:45:19",229
"2018-05-19 16:45:19",229
"2018-05-19 17:45:18",229
"2018-05-19 18:45:18",229
"2018-05-19 19:45:18",229
"2018-05-19 20:45:18",229
"2018-05-19 21:45:18",229
"2018-05-19 22:45:18",229
"2018-05-19 23:45:17",229
"2018-05-20 00:45:18",229
"2018-05-20 01:45:19",229
"2018-05-20 02:45:18",229
"2018-05-20 03:45:18",229
"2018-05-20 04:45:19",229
"2018-05-20 05:45:18",229
"2018-05-20 06:45:17",229
"2018-05-20 07:45:17",229
"2018-05-20 08:45:18",229
"2018-05-20 09:45:18",229
"2018-05-20 10:45:17",229
"2018-05-20 11:45:17",229
"2018-05-20 12:45:17",229
"2018-05-20 13:45:17",229
"2018-05-20 14:45:20",229
"2018-05-20 15:45:19",229
"2018-05-20 16:45:18",229
"2018-05-20 17:45:19",229
"2018-05-20 18:45:18",229
"2018-05-20 19:45:18",229
"2018-05-20 20:45:18",229
"2018-05-20 21:45:17",229
"2018-05-20 22:45:18",229
"2018-05-20 23:45:18",229
"2018-05-21 00:45:19",229
"2018-05-21 01:45:33",229
"2018-05-21 02:45:27",229
"2018-05-21 03:45:19",229
"2018-05-21 04:45:24",229
"2018-05-21 05:45:18",229
"2018-05-21 06:45:19",229
"2018-05-21 07:45:18",229
"2018-05-21 08:45:21",229
"2018-05-21 09:45:18",229
"2018-05-21 10:45:16",229
"2018-05-21 11:45:17",229
"2018-05-21 12:45:22",229
"2018-05-21 13:45:20",229
"2018-05-21 14:45:18",229
"2018-05-21 15:45:17",229
"2018-05-21 16:45:17",229
"2018-05-21 17:45:16",229
"2018-05-21 18:45:17",229
"2018-05-21 19:45:18",229
"2018-05-21 20:45:18",229
"2018-05-21 21:45:18",229
"2018-05-21 22:45:17",229
"2018-05-21 23:45:17",229
"2018-05-22 00:45:19",229
"2018-05-22 01:45:19",229
"2018-05-22 02:45:18",229
"2018-05-22 03:45:19",229
"2018-05-22 04:45:19",229
"2018-05-22 05:45:17",229
"2018-05-22 06:45:17",229
"2018-05-22 07:45:18",229
"2018-05-22 08:45:24",229
"2018-05-22 09:45:17",229
"2018-05-22 10:45:18",229
"2018-05-22 11:45:17",229
"2018-05-22 12:45:18",229
"2018-05-22 13:45:21",229
"2018-05-22 14:45:19",229
"2018-05-22 15:45:19",229
"2018-05-22 16:45:18",229
"2018-05-22 17:45:17",229
"2018-05-22 18:45:18",229
"2018-05-22 19:45:18",229
"2018-05-22 20:45:19",229
"2018-05-22 21:45:17",229
"2018-05-22 22:45:18",229
"2018-05-22 23:45:18",229
"2018-05-23 00:45:17",229
"2018-05-23 01:45:18",229
"2018-05-23 02:45:17",229
"2018-05-23 03:45:19",229
"2018-05-23 04:45:19",229
"2018-05-23 05:45:19",229
"2018-05-23 06:45:19",229
"2018-05-23 07:45:22",229
"2018-05-23 08:45:18",229
"2018-05-23 09:45:18",229
"2018-05-23 10:45:20",229
"2018-05-23 11:45:18",229
"2018-05-23 12:45:17",229
"2018-05-23 13:45:19",229
"2018-05-23 14:45:18",229
"2018-05-23 15:45:18",229
"2018-05-23 16:45:20",228
"2018-05-23 17:45:18",228
"2018-05-23 18:45:17",228
"2018-05-23 19:45:18",228
"2018-05-23 20:45:19",228
"2018-05-23 21:45:18",228
"2018-05-23 22:45:18",228
"2018-05-23 23:45:18",228
"2018-05-24 00:45:18",228
"2018-05-24 01:45:18",228
"2018-05-24 02:45:19",228
"2018-05-24 03:45:18",228
"2018-05-24 04:45:18",228
"2018-05-24 06:45:19",228
"2018-05-24 07:45:19",228
"2018-05-24 08:45:19",228
"2018-05-24 09:45:18",228
"2018-05-24 10:45:18",228
"2018-05-24 11:45:17",228
"2018-05-24 12:45:18",228
"2018-05-24 20:14:26",228
"2018-05-24 20:45:17",228
"2018-05-24 21:45:19",228
"2018-05-24 22:45:18",228
"2018-05-24 23:45:19",228
"2018-05-25 00:45:18",228
"2018-05-25 01:45:19",228
"2018-05-25 02:45:18",228
"2018-05-25 03:45:18",228
"2018-05-25 04:45:19",228
"2018-05-25 05:45:19",228
"2018-05-25 06:45:18",228
"2018-05-25 07:45:18",228
"2018-05-25 08:45:18",228
"2018-05-25 09:45:17",228
"2018-05-25 10:45:19",228
"2018-05-25 11:45:18",228
"2018-05-25 12:45:18",228
"2018-05-25 13:45:19",228
"2018-05-25 14:45:18",228
"2018-05-25 15:45:18",229
"2018-05-25 16:45:20",229
"2018-05-25 17:45:18",229
"2018-05-25 18:45:19",229
"2018-05-25 19:45:19",229
"2018-05-25 20:45:19",228
"2018-05-25 21:45:18",228
"2018-05-25 22:45:18",228
"2018-05-25 23:45:20",228
"2018-05-26 00:45:18",228
"2018-05-26 01:45:18",228
"2018-05-26 02:45:18",228
"2018-05-26 03:45:18",228
"2018-05-26 04:45:17",228
"2018-05-26 05:45:18",228
"2018-05-26 06:45:18",228
"2018-05-26 07:45:18",228
"2018-05-26 08:45:19",228
"2018-05-26 09:45:17",228
"2018-05-26 10:45:17",228
"2018-05-26 11:45:17",228
"2018-05-26 12:45:18",228
"2018-05-26 13:45:19",228
"2018-05-26 14:45:18",228
"2018-05-26 15:45:19",228
"2018-05-26 16:45:18",228
"2018-05-26 17:45:19",228
"2018-05-26 18:45:19",228
"2018-05-26 19:45:22",228
"2018-05-26 20:45:18",228
"2018-05-26 21:45:18",228
"2018-05-26 22:45:18",228
"2018-05-26 23:45:18",228
"2018-05-27 00:45:18",228
"2018-05-27 01:45:19",228
"2018-05-27 02:45:18",228
"2018-05-27 03:45:17",228
"2018-05-27 04:45:18",228
"2018-05-27 05:45:19",228
"2018-05-27 06:45:18",228
"2018-05-27 07:45:17",228
"2018-05-27 08:45:17",228
"2018-05-27 09:45:17",228
"2018-05-27 10:45:17",228
"2018-05-27 11:45:17",228
"2018-05-27 12:45:17",228
"2018-05-27 13:45:19",228
"2018-05-27 14:45:18",228
"2018-05-27 15:45:18",228
"2018-05-27 16:45:18",228
"2018-05-27 17:45:17",228
"2018-05-27 18:45:18",228
"2018-05-27 19:45:17",228
"2018-05-27 20:45:19",228
"2018-05-27 21:45:19",228
"2018-05-27 22:45:19",228
"2018-05-27 23:45:19",228
"2018-05-28 00:45:18",228
"2018-05-28 01:45:18",228
"2018-05-28 02:45:18",228
"2018-05-28 03:45:19",228
"2018-05-28 04:45:18",228
"2018-05-28 05:45:17",228
"2018-05-28 06:45:18",228
"2018-05-28 07:45:17",228
"2018-05-28 08:45:17",228
"2018-05-28 09:45:18",228
"2018-05-28 10:45:18",228
"2018-05-28 11:45:18",228
"2018-05-28 12:45:18",228
"2018-05-28 13:45:18",228
"2018-05-28 14:45:18",228
"2018-05-28 15:45:18",228
"2018-05-28 16:45:17",228
"2018-05-28 17:45:18",228
"2018-05-28 18:45:18",228
"2018-05-28 19:45:18",228
"2018-05-28 20:45:18",228
"2018-05-28 21:45:18",228
"2018-05-28 22:45:18",228
"2018-05-28 23:45:18",228
"2018-05-29 00:45:18",228
"2018-05-29 01:45:17",228
"2018-05-29 02:45:18",228
"2018-05-29 03:45:18",228
"2018-05-29 04:45:18",228
"2018-05-29 05:45:18",228
"2018-05-29 06:45:18",228
"2018-05-29 07:45:18",228
"2018-05-29 08:45:24",228
"2018-05-29 09:45:18",228
"2018-05-29 10:45:17",228
"2018-05-29 11:45:17",228
"2018-05-29 12:45:18",228
"2018-05-30 19:55:59",226
"2018-05-30 20:45:18",226
"2018-05-30 21:45:18",226
"2018-05-30 22:45:18",226
"2018-05-30 23:45:18",226
"2018-05-31 00:45:18",226
"2018-05-31 01:45:20",226
"2018-05-31 02:45:18",226
"2018-05-31 03:45:22",226
"2018-05-31 04:45:17",226
"2018-05-31 05:45:18",226
"2018-05-31 06:45:18",226
"2018-05-31 07:45:18",226
"2018-05-31 08:45:18",226
"2018-05-31 09:45:18",226
"2018-05-31 10:45:18",227
"2018-05-31 11:45:17",227
"2018-05-31 12:45:18",227
"2018-05-31 13:45:20",227
"2018-05-31 14:45:18",227
"2018-05-31 15:45:18",227
"2018-05-31 16:45:18",227
"2018-05-31 17:45:18",227
"2018-05-31 18:45:19",227
"2018-05-31 19:45:18",227
"2018-05-31 20:45:19",227
"2018-05-31 21:45:18",227
"2018-05-31 22:45:19",227
"2018-05-31 23:45:18",227
"2018-06-01 00:45:18",227
"2018-06-01 01:45:18",227
"2018-06-01 02:45:18",227
"2018-06-01 03:45:18",227
"2018-06-01 04:45:18",227
"2018-06-01 05:45:17",227
"2018-06-01 06:45:19",227
"2018-06-01 07:45:20",227
"2018-06-01 08:45:20",227
"2018-06-01 09:45:18",227
"2018-06-01 10:45:17",227
"2018-06-01 11:45:18",227
"2018-06-01 12:45:18",227
"2018-06-01 13:45:27",227
"2018-06-01 14:45:19",227
"2018-06-01 15:45:20",227
"2018-06-01 16:45:20",227
"2018-06-01 17:45:21",226
"2018-06-01 18:45:19",226
"2018-06-01 19:45:20",226
"2018-06-01 20:45:19",226
"2018-06-01 21:45:20",226
"2018-06-01 22:45:20",226
"2018-06-01 23:45:19",226
"2018-06-02 00:45:19",226
"2018-06-02 01:45:19",226
"2018-06-02 02:45:20",226
"2018-06-02 03:45:20",226
"2018-06-02 04:45:19",226
"2018-06-02 05:45:20",226
"2018-06-02 06:45:19",226
"2018-06-02 07:45:19",226
"2018-06-02 08:45:18",226
"2018-06-02 09:45:21",226
"2018-06-02 10:45:18",226
"2018-06-02 11:45:18",226
"2018-06-02 12:45:20",226
"2018-06-02 13:45:20",226
"2018-06-02 14:45:20",226
"2018-06-02 15:45:20",226
"2018-06-02 16:45:20",226
"2018-06-02 17:45:19",226
"2018-06-02 18:45:18",226
"2018-06-02 19:45:20",226
"2018-06-02 20:45:20",226
"2018-06-02 21:45:20",226
"2018-06-02 22:45:19",226
"2018-06-02 23:45:20",226
"2018-06-03 00:45:18",226
"2018-06-03 01:45:20",226
"2018-06-03 02:45:20",226
"2018-06-03 03:45:19",226
"2018-06-03 04:45:18",226
"2018-06-03 05:45:20",226
"2018-06-03 06:45:19",226
"2018-06-03 19:47:35",226
"2018-06-03 20:45:20",226
"2018-06-03 21:45:19",226
"2018-06-03 22:45:19",226
"2018-06-03 23:45:19",226
"2018-06-04 00:45:19",226
"2018-06-04 01:45:19",226
"2018-06-04 02:45:20",226
"2018-06-04 03:45:18",226
"2018-06-04 04:45:22",226
"2018-06-04 05:45:19",226
"2018-06-04 06:45:19",226
"2018-06-04 07:45:19",226
"2018-06-04 08:45:19",226
"2018-06-04 09:45:19",226
"2018-06-04 10:45:09",226
"2018-06-04 11:45:09",226
"2018-06-04 12:45:10",226
"2018-06-04 13:45:13",226
"2018-06-04 14:45:12",225
"2018-06-04 15:45:12",225
"2018-06-04 16:45:11",225
"2018-06-04 17:45:11",226
"2018-06-04 18:45:12",226
"2018-06-04 19:45:13",226
"2018-06-04 20:45:12",226
"2018-06-04 21:45:12",226
"2018-06-04 22:45:14",226
"2018-06-04 23:45:14",226
"2018-06-05 00:45:14",226
"2018-06-05 01:45:14",226
"2018-06-05 02:45:14",226
"2018-06-05 03:45:13",226
"2018-06-05 04:45:15",226
"2018-06-05 05:45:15",226
"2018-06-05 06:45:14",226
"2018-06-05 07:45:13",226
"2018-06-05 08:45:14",226
"2018-06-05 09:45:14",226
"2018-06-05 10:45:14",226
"2018-06-05 11:45:13",226
"2018-06-05 12:45:13",226
"2018-06-05 13:45:53",226
"2018-06-05 14:45:16",226
"2018-06-05 15:45:14",225
"2018-06-05 16:45:15",225
"2018-06-05 17:45:14",226
"2018-06-05 18:45:13",225
"2018-06-05 19:45:15",225
"2018-06-05 20:45:14",225
"2018-06-05 21:45:14",225
"2018-06-05 22:45:14",225
"2018-06-05 23:45:14",225
"2018-06-06 00:45:14",225
"2018-06-06 01:45:14",225
"2018-06-06 02:45:14",225
"2018-06-06 03:45:15",225
"2018-06-06 04:45:14",225
"2018-06-06 05:45:14",225
"2018-06-06 06:45:14",225
"2018-06-06 07:45:13",225
"2018-06-06 08:45:14",225
"2018-06-06 09:45:14",225
"2018-06-06 10:45:14",225
"2018-06-06 11:45:14",225
"2018-06-06 12:45:14",225
"2018-06-06 13:45:16",225
"2018-06-06 14:45:15",225
"2018-06-06 15:45:16",226
"2018-06-06 16:45:16",226
"2018-06-06 17:45:15",226
"2018-06-06 18:45:16",226
"2018-06-06 19:45:15",226
"2018-06-06 20:45:14",226
"2018-06-06 21:45:16",226
"2018-06-06 22:45:18",226
"2018-06-06 23:45:19",226
"2018-06-07 00:45:19",226
"2018-06-07 01:45:19",226
"2018-06-07 02:45:20",226
"2018-06-07 03:45:19",226
"2018-06-07 04:45:19",226
"2018-06-07 05:45:21",226
"2018-06-07 06:45:19",226
"2018-06-07 07:45:19",226
"2018-06-07 08:45:19",226
"2018-06-07 09:45:19",226
"2018-06-07 10:45:19",226
"2018-06-07 11:45:19",226
"2018-06-07 12:45:19",226
"2018-06-07 13:45:21",226
"2018-06-07 14:45:22",229
"2018-06-07 15:45:20",228
"2018-06-07 16:45:21",229
"2018-06-07 17:45:21",229
"2018-06-07 18:45:19",229
"2018-06-07 19:45:21",229
"2018-06-07 20:45:20",229
"2018-06-07 21:45:19",229
"2018-06-07 22:45:21",229
"2018-06-07 23:45:21",229
"2018-06-08 00:45:20",229
"2018-06-08 01:45:19",229
"2018-06-08 02:45:21",229
"2018-06-08 03:45:20",229
"2018-06-08 04:45:22",229
"2018-06-08 05:45:20",229
"2018-06-08 06:45:22",229
"2018-06-08 07:45:21",229
"2018-06-08 08:45:20",229
"2018-06-08 09:45:19",229
"2018-06-08 10:45:20",229
"2018-06-08 11:45:19",229
"2018-06-08 12:45:21",229
"2018-06-08 13:45:22",229
"2018-06-08 14:45:21",229
"2018-06-08 15:45:19",228
"2018-06-08 16:45:21",227
"2018-06-08 17:45:20",227
"2018-06-08 18:45:20",227
"2018-06-08 19:45:20",227
"2018-06-08 20:45:21",227
"2018-06-08 21:45:20",227
"2018-06-08 22:45:19",227
"2018-06-08 23:45:20",227
"2018-06-09 00:45:19",227
"2018-06-09 01:45:21",227
"2018-06-09 02:45:19",227
"2018-06-09 03:45:20",227
"2018-06-09 04:45:22",227
"2018-06-09 05:45:20",227
"2018-06-09 06:45:22",227
"2018-06-09 07:45:19",227
"2018-06-09 08:45:19",227
"2018-06-09 09:45:20",227
"2018-06-09 10:45:21",227
"2018-06-09 11:45:21",227
"2018-06-09 12:45:21",227
"2018-06-09 13:45:21",227
"2018-06-09 14:45:21",227
"2018-06-09 15:45:23",227
"2018-06-09 16:45:21",227
"2018-06-09 17:45:22",227
"2018-06-09 18:45:22",227
"2018-06-09 19:45:21",227
"2018-06-09 20:45:22",227
"2018-06-09 21:45:21",227
"2018-06-09 22:45:19",227
"2018-06-09 23:45:20",227
"2018-06-10 00:45:20",227
"2018-06-10 01:45:20",227
"2018-06-10 02:45:20",227
"2018-06-10 03:45:20",227
"2018-06-10 04:45:21",227
"2018-06-10 05:45:20",227
"2018-06-10 06:45:20",227
"2018-06-10 07:45:22",227
"2018-06-10 08:45:20",227
"2018-06-10 09:45:20",227
"2018-06-10 10:45:21",227
"2018-06-10 11:45:20",227
"2018-06-10 12:45:19",227
"2018-06-10 13:45:19",227
"2018-06-10 14:45:21",227
"2018-06-10 15:45:19",227
"2018-06-10 16:45:21",227
"2018-06-10 17:45:21",227
"2018-06-10 18:45:21",227
"2018-06-10 19:45:20",227
"2018-06-10 20:45:19",227
"2018-06-10 21:45:19",227
"2018-06-10 22:45:21",227
"2018-06-10 23:45:20",227
"2018-06-11 00:45:20",227
"2018-06-11 01:45:20",227
"2018-06-11 02:45:20",227
"2018-06-11 03:45:20",227
"2018-06-11 04:45:20",227
"2018-06-11 06:45:19",227
"2018-06-11 07:45:20",227
"2018-06-11 08:45:20",227
"2018-06-11 09:45:19",227
"2018-06-11 10:45:20",227
"2018-06-11 11:45:20",227
"2018-06-11 12:45:20",227
"2018-06-11 13:45:22",227
"2018-06-11 14:45:20",226
"2018-06-11 15:45:21",226
"2018-06-11 16:45:20",226
"2018-06-11 17:45:19",226
"2018-06-11 18:45:20",226
"2018-06-11 19:45:19",226
"2018-06-11 20:45:20",226
"2018-06-11 21:45:20",226
"2018-06-11 22:45:19",226
"2018-06-11 23:45:20",226
"2018-06-12 00:45:21",226
"2018-06-12 01:45:21",226
"2018-06-12 02:45:20",226
"2018-06-12 03:45:21",226
"2018-06-12 04:45:21",226
"2018-06-12 05:45:20",226
"2018-06-12 06:45:21",226
"2018-06-12 07:45:21",226
"2018-06-12 08:45:20",226
"2018-06-12 09:45:20",226
"2018-06-12 10:45:20",226
"2018-06-12 11:45:19",226
"2018-06-12 12:45:21",226
"2018-06-12 13:45:23",226
"2018-06-12 14:45:20",226
"2018-06-12 15:45:20",227
"2018-06-12 16:45:20",227
"2018-06-12 17:45:20",227
"2018-06-12 18:45:21",227
"2018-06-12 19:45:20",227
"2018-06-12 20:45:20",227
"2018-06-12 21:45:20",227
"2018-06-12 22:45:19",227
"2018-06-12 23:45:21",227
"2018-06-13 00:45:20",227
"2018-06-13 01:45:19",227
"2018-06-13 02:45:19",227
"2018-06-13 03:45:20",227
"2018-06-13 04:45:21",227
"2018-06-13 05:45:20",227
"2018-06-13 06:45:21",227
"2018-06-13 07:45:20",227
"2018-06-13 08:45:22",227
"2018-06-13 09:45:19",227
"2018-06-13 10:45:19",227
"2018-06-13 11:45:19",227
"2018-06-13 12:45:20",227
"2018-06-13 13:45:23",227
"2018-06-13 14:45:21",227
"2018-06-13 15:45:20",227
"2018-06-13 16:45:20",227
"2018-06-13 17:45:21",226
"2018-06-13 18:45:22",226
"2018-06-13 19:45:21",227
"2018-06-13 20:45:20",227
"2018-06-13 21:45:21",227
"2018-06-13 22:45:19",227
"2018-06-13 23:45:20",227
"2018-06-14 00:45:21",227
"2018-06-14 01:45:21",227
"2018-06-14 02:45:20",227
"2018-06-14 03:45:21",227
"2018-06-14 04:45:20",227
"2018-06-14 05:45:22",227
"2018-06-14 06:45:20",227
"2018-06-14 07:45:21",227
"2018-06-14 08:45:20",227
"2018-06-14 09:45:18",227
"2018-06-14 10:45:20",227
"2018-06-14 11:45:21",227
"2018-06-14 12:45:21",227
"2018-06-14 13:45:22",227
"2018-06-14 14:45:20",227
"2018-06-14 15:45:21",227
"2018-06-14 16:45:19",227
"2018-06-14 17:45:20",227
"2018-06-14 18:45:20",227
"2018-06-14 19:45:21",227
"2018-06-14 20:45:21",227
"2018-06-14 21:45:21",227
"2018-06-14 22:45:21",227
"2018-06-14 23:45:20",227
"2018-06-15 00:45:20",227
"2018-06-15 01:45:19",227
"2018-06-15 02:45:20",227
"2018-06-15 03:45:20",227
"2018-06-15 04:45:21",227
"2018-06-15 05:45:23",227
"2018-06-15 06:45:21",227
"2018-06-15 07:45:20",227
"2018-06-15 08:45:19",227
"2018-06-15 09:45:19",227
"2018-06-15 10:45:20",227
"2018-06-15 11:45:19",227
"2018-06-15 12:45:19",227
"2018-06-15 13:45:22",227
"2018-06-15 14:45:21",228
"2018-06-15 15:45:21",228
"2018-06-15 16:45:21",227
"2018-06-15 17:45:20",227
"2018-06-15 18:45:22",227
"2018-06-15 19:45:21",227
"2018-06-15 20:45:21",227
"2018-06-15 21:45:20",227
"2018-06-15 22:45:20",227
"2018-06-15 23:45:21",227
"2018-06-16 00:45:21",227
"2018-06-16 01:45:21",227
"2018-06-16 02:45:25",227
"2018-06-16 03:45:21",227
"2018-06-16 04:45:24",227
"2018-06-16 05:45:24",227
"2018-06-16 06:45:22",227
"2018-06-16 07:45:20",227
"2018-06-16 08:45:21",227
"2018-06-16 09:45:21",227
"2018-06-16 10:45:20",227
"2018-06-16 11:45:22",227
"2018-06-16 12:45:21",227
"2018-06-16 13:45:22",227
"2018-06-16 14:45:22",227
"2018-06-16 15:45:21",227
"2018-06-16 16:45:22",227
"2018-06-16 17:45:21",227
"2018-06-16 18:45:21",227
"2018-06-16 19:45:22",227
"2018-06-16 20:45:21",227
"2018-06-16 21:45:21",227
"2018-06-16 22:45:22",227
"2018-06-16 23:45:21",227
"2018-06-17 00:45:22",227
"2018-06-17 01:45:21",227
"2018-06-17 02:45:24",227
"2018-06-17 03:45:21",227
"2018-06-17 04:45:21",227
"2018-06-17 05:45:21",227
"2018-06-17 06:45:20",227
"2018-06-17 07:45:21",227
"2018-06-17 08:45:21",227
"2018-06-17 09:45:20",227
"2018-06-17 10:45:20",227
"2018-06-17 11:45:20",227
"2018-06-17 12:45:21",227
"2018-06-17 13:45:22",227
"2018-06-17 14:45:22",227
"2018-06-17 15:45:20",227
"2018-06-17 16:45:20",227
"2018-06-17 17:45:21",227
"2018-06-17 18:45:20",227
"2018-06-17 19:45:23",227
"2018-06-17 20:45:22",227
"2018-06-17 21:45:21",227
"2018-06-17 22:45:21",227
"2018-06-17 23:45:21",227
"2018-06-18 00:45:23",227
"2018-06-18 01:45:22",227
"2018-06-18 02:45:23",227
"2018-06-18 03:45:21",227
"2018-06-18 04:45:21",227
"2018-06-18 05:45:22",227
"2018-06-18 06:45:20",227
"2018-06-18 07:45:20",227
"2018-06-18 08:45:28",227
"2018-06-18 09:45:21",227
"2018-06-18 10:45:20",227
"2018-06-18 11:45:21",227
"2018-06-18 12:45:20",227
"2018-06-18 13:45:23",227
"2018-06-18 14:45:21",227
"2018-06-18 15:45:21",226
"2018-06-18 16:45:21",226
"2018-06-18 17:45:21",226
"2018-06-18 18:45:23",225
"2018-06-18 19:45:21",225
"2018-06-18 20:45:22",225
"2018-06-18 21:45:20",225
"2018-06-18 22:45:21",225
"2018-06-18 23:45:21",225
"2018-06-19 00:45:21",225
"2018-06-19 01:45:20",225
"2018-06-19 02:45:22",225
"2018-06-19 03:45:22",225
"2018-06-19 04:45:21",225
"2018-06-19 05:45:22",225
"2018-06-19 06:45:21",225
"2018-06-19 07:45:24",225
"2018-06-19 08:45:23",225
"2018-06-19 09:45:20",225
"2018-06-19 10:45:20",225
"2018-06-19 11:45:20",225
"2018-06-19 12:45:21",225
"2018-06-19 13:45:25",225
"2018-06-19 14:45:22",225
"2018-06-19 15:45:21",225
"2018-06-19 16:45:21",225
"2018-06-19 17:45:22",225
"2018-06-19 18:45:22",224
"2018-06-19 19:45:21",225
"2018-06-19 20:45:20",223
"2018-06-19 21:45:21",224
"2018-06-19 22:45:20",224
"2018-06-19 23:45:22",224
"2018-06-20 00:45:31",224
"2018-06-20 01:45:24",224
"2018-06-20 02:45:20",224
"2018-06-20 03:45:22",224
"2018-06-20 04:45:22",224
"2018-06-20 05:45:20",224
"2018-06-20 06:45:21",224
"2018-06-20 07:45:21",224
"2018-06-20 08:45:20",224
"2018-06-20 09:45:19",224
"2018-06-20 10:45:20",224
"2018-06-20 11:45:19",224
"2018-06-20 12:45:20",224
"2018-06-20 14:09:56",225
"2018-06-20 14:45:23",225
"2018-06-20 15:45:23",225
"2018-06-20 16:45:23",224
"2018-06-20 17:45:22",224
"2018-06-20 18:45:22",224
"2018-06-20 19:45:22",224
"2018-06-20 20:45:20",224
"2018-06-20 21:45:21",224
"2018-06-20 22:45:21",224
"2018-06-20 23:45:21",224
"2018-06-21 00:45:21",224
"2018-06-21 01:45:21",224
"2018-06-21 02:45:21",224
"2018-06-21 03:45:22",224
"2018-06-21 04:45:22",224
"2018-06-21 05:45:24",224
"2018-06-21 06:45:20",224
"2018-06-21 07:45:21",224
"2018-06-21 08:45:24",224
"2018-06-21 09:45:20",224
"2018-06-21 10:45:21",224
"2018-06-21 11:45:20",224
"2018-06-21 12:45:21",224
"2018-06-21 13:45:22",224
"2018-06-21 14:45:22",220
"2018-06-21 15:45:22",221
"2018-06-21 16:45:22",220
"2018-06-21 17:45:22",220
"2018-06-21 18:45:21",220
"2018-06-21 19:45:22",220
"2018-06-21 20:45:22",220
"2018-06-21 21:45:22",220
"2018-06-21 22:45:21",220
"2018-06-21 23:45:21",220
"2018-06-22 00:45:21",220
"2018-06-22 01:45:20",220
"2018-06-22 02:45:21",220
"2018-06-22 03:45:22",220
"2018-06-22 04:45:21",220
"2018-06-22 05:45:23",220
"2018-06-22 06:45:21",220
"2018-06-22 07:45:21",220
"2018-06-22 08:45:22",220
"2018-06-22 09:45:21",220
"2018-06-22 10:45:21",220
"2018-06-22 11:45:21",220
"2018-06-22 12:45:21",220
"2018-06-22 13:45:23",220
"2018-06-22 15:09:24",221
"2018-06-22 15:45:22",221
"2018-06-22 16:45:22",221
"2018-06-22 17:45:22",221
"2018-06-22 18:45:22",221
"2018-06-22 19:45:23",222
"2018-06-22 20:45:21",223
"2018-06-22 21:45:21",223
"2018-06-22 22:45:21",223
"2018-06-22 23:45:21",223
"2018-06-23 00:45:51",223
"2018-06-23 01:46:36",223
"2018-06-23 02:45:21",223
"2018-06-23 03:45:22",223
"2018-06-23 04:45:21",223
"2018-06-23 05:45:22",223
"2018-06-23 06:45:21",223
"2018-06-23 07:45:21",223
"2018-06-23 08:45:21",223
"2018-06-23 09:45:21",223
"2018-06-23 10:45:21",223
"2018-06-23 11:45:22",223
"2018-06-23 12:45:20",223
"2018-06-23 13:45:21",223
"2018-06-23 14:45:21",223
"2018-06-23 15:45:22",223
"2018-06-23 16:45:22",223
"2018-06-23 17:45:21",223
"2018-06-23 18:45:21",223
"2018-06-23 19:45:22",223
"2018-06-23 20:45:22",223
"2018-06-23 21:45:21",223
"2018-06-23 22:45:21",223
"2018-06-23 23:45:20",223
"2018-06-24 00:45:41",223
"2018-06-24 01:45:21",223
"2018-06-24 02:45:20",223
"2018-06-24 03:45:26",223
"2018-06-24 04:45:22",223
"2018-06-24 05:45:21",223
"2018-06-24 06:45:22",223
"2018-06-24 07:45:22",223
"2018-06-24 08:45:21",223
"2018-06-24 09:45:21",223
"2018-06-24 10:46:14",223
"2018-06-24 11:45:21",223
"2018-06-24 12:45:25",223
"2018-06-24 13:45:21",223
"2018-06-24 14:45:41",223
"2018-06-24 15:45:49",223
"2018-06-24 16:45:21",223
"2018-06-24 17:45:21",223
"2018-06-24 18:45:21",223
"2018-06-24 19:45:21",223
"2018-06-24 20:45:21",223
"2018-06-24 21:45:21",223
"2018-06-24 22:45:21",223
"2018-06-24 23:45:22",223
"2018-06-25 00:45:22",223
"2018-06-25 01:45:21",223
"2018-06-25 02:45:22",223
"2018-06-25 03:45:33",223
"2018-06-25 04:45:31",223
"2018-06-25 05:45:24",223
"2018-06-25 06:45:21",223
"2018-06-25 07:45:20",223
"2018-06-25 08:45:22",223
"2018-06-25 09:45:22",223
"2018-06-25 10:45:21",223
"2018-06-25 11:45:21",223
"2018-06-25 12:45:20",223
"2018-06-25 13:45:24",223
"2018-06-25 14:45:21",223
"2018-06-25 15:45:21",222
"2018-06-25 16:45:20",221
"2018-06-25 17:45:21",221
"2018-06-25 18:45:21",221
"2018-06-25 19:45:22",220
"2018-06-25 20:45:23",220
"2018-06-25 21:45:22",220
"2018-06-25 22:45:20",220
"2018-06-26 01:13:47",220
"2018-06-26 01:45:21",220
"2018-06-26 02:45:21",220
"2018-06-26 03:45:40",220
"2018-06-26 04:45:37",220
"2018-06-26 05:45:24",220
"2018-06-26 06:45:21",220
"2018-06-26 07:45:24",220
"2018-06-26 08:45:22",220
"2018-06-26 09:45:24",220
"2018-06-26 10:45:27",220
"2018-06-26 11:45:35",220
"2018-06-26 12:45:41",220
"2018-06-26 13:45:24",220
"2018-06-26 14:45:23",220
"2018-06-26 15:45:46",220
"2018-06-26 16:45:22",220
"2018-06-26 17:45:21",220
"2018-06-26 18:45:22",220
"2018-06-26 19:45:23",220
"2018-06-26 20:45:22",220
"2018-06-26 21:45:21",220
"2018-06-26 22:45:21",220
"2018-06-26 23:45:21",220
"2018-06-27 00:45:22",220
"2018-06-27 01:45:20",220
"2018-06-27 02:45:21",220
"2018-06-27 03:45:25",220
"2018-06-27 04:45:30",220
"2018-06-27 05:45:24",220
"2018-06-27 06:45:22",220
"2018-06-27 07:45:21",220
"2018-06-27 08:45:21",220
"2018-06-27 09:45:22",220
"2018-06-27 10:45:21",220
"2018-06-27 11:45:21",220
"2018-06-27 12:45:22",220
"2018-06-27 13:45:50",220
"2018-06-27 14:45:48",220
"2018-06-27 15:45:48",220
"2018-06-27 16:45:23",219
"2018-06-27 17:45:21",219
"2018-06-27 18:45:22",219
"2018-06-27 19:45:24",219
"2018-06-27 20:45:21",219
"2018-06-27 21:45:21",219
"2018-06-27 22:45:20",219
"2018-06-27 23:45:21",219
"2018-06-28 00:45:22",219
"2018-06-28 01:45:21",219
"2018-06-28 02:45:34",219
"2018-06-28 03:45:44",219
"2018-06-28 04:45:40",219
"2018-06-28 05:45:35",219
"2018-06-28 06:45:22",219
"2018-06-28 07:45:22",219
"2018-06-28 08:45:22",219
"2018-06-28 09:45:20",219
"2018-06-28 10:45:22",219
"2018-06-28 11:45:21",219
"2018-06-28 12:45:21",219
"2018-06-28 13:45:24",219
"2018-06-28 14:45:41",219
"2018-06-28 15:45:47",219
"2018-06-28 16:45:20",219
"2018-06-28 17:45:23",219
"2018-06-28 18:45:21",218
"2018-06-28 19:45:27",218
"2018-06-28 20:45:22",218
"2018-06-28 21:45:23",218
"2018-06-28 22:45:21",218
"2018-06-28 23:45:23",218
"2018-06-29 00:45:23",218
"2018-06-29 01:45:22",218
"2018-06-29 02:45:23",218
"2018-06-29 03:45:34",218
"2018-06-29 04:45:27",218
"2018-06-29 05:45:26",218
"2018-06-29 06:45:24",218
"2018-06-29 07:45:24",218
"2018-06-29 08:45:25",218
"2018-06-29 09:45:23",218
"2018-06-29 10:45:21",218
"2018-06-29 11:45:22",218
"2018-06-29 12:45:32",218
"2018-06-29 13:45:25",218
"2018-06-29 14:45:23",217
"2018-06-29 15:45:23",217
"2018-06-29 16:45:22",217
"2018-06-29 17:45:22",217
"2018-06-29 18:45:23",217
"2018-06-29 19:45:28",218
"2018-06-29 20:45:22",218
"2018-06-29 21:45:26",218
"2018-06-29 22:45:25",218
"2018-06-29 23:45:26",218
"2018-06-30 00:45:26",218
"2018-06-30 01:45:22",218
"2018-06-30 02:45:23",218
"2018-06-30 03:45:37",218
"2018-06-30 04:45:31",218
"2018-06-30 05:45:29",218
"2018-06-30 06:45:28",218
"2018-06-30 07:45:23",218
"2018-06-30 08:45:22",218
"2018-06-30 09:45:21",218
"2018-06-30 10:45:24",218
"2018-06-30 11:45:25",218
"2018-06-30 12:45:33",218
"2018-06-30 13:45:46",218
"2018-06-30 14:45:27",218
"2018-06-30 15:45:45",218
"2018-06-30 16:45:27",218
"2018-06-30 17:45:22",218
"2018-06-30 18:45:22",218
"2018-06-30 19:45:32",218
"2018-06-30 20:45:22",218
"2018-06-30 21:45:22",218
"2018-06-30 22:45:22",218
"2018-06-30 23:45:23",218
"2018-07-01 00:45:22",218
"2018-07-01 01:45:23",218
"2018-07-01 02:45:22",218
"2018-07-01 03:45:22",218
"2018-07-01 04:45:22",218
"2018-07-01 05:45:22",218
"2018-07-01 06:45:22",218
"2018-07-01 07:45:22",218
"2018-07-01 08:45:22",218
"2018-07-01 09:45:23",218
"2018-07-01 10:45:22",218
"2018-07-01 11:45:22",218
"2018-07-01 12:45:23",218
"2018-07-01 13:45:23",218
"2018-07-01 14:45:22",218
"2018-07-01 15:45:23",218
"2018-07-01 16:45:27",218
"2018-07-01 17:45:23",218
"2018-07-01 18:45:22",218
"2018-07-01 19:45:26",218
"2018-07-01 20:45:23",218
"2018-07-01 21:45:23",218
"2018-07-01 22:45:22",218
"2018-07-01 23:45:23",218
"2018-07-02 00:45:23",218
"2018-07-02 01:45:25",218
"2018-07-02 02:45:24",218
"2018-07-02 03:45:22",218
"2018-07-02 04:45:22",218
"2018-07-02 05:45:23",218
"2018-07-02 06:45:23",218
"2018-07-02 07:45:22",218
"2018-07-02 08:45:24",218
"2018-07-02 09:45:23",218
"2018-07-02 10:45:21",218
"2018-07-02 11:45:20",218
"2018-07-02 12:45:22",218
"2018-07-02 13:45:24",218
"2018-07-02 14:45:22",218
"2018-07-02 15:45:23",219
"2018-07-02 16:45:24",219
"2018-07-02 17:45:23",219
"2018-07-02 18:45:23",219
"2018-07-02 19:45:25",219
"2018-07-02 20:45:22",219
"2018-07-02 21:45:22",219
"2018-07-02 22:45:23",219
"2018-07-02 23:45:23",219
"2018-07-03 00:54:58",219
"2018-07-03 01:45:23",219
"2018-07-03 02:45:23",219
"2018-07-03 03:45:23",219
"2018-07-03 04:45:23",219
"2018-07-03 05:45:22",219
"2018-07-03 06:45:22",219
"2018-07-03 07:45:22",219
"2018-07-03 08:45:23",219
"2018-07-03 09:45:23",219
"2018-07-03 10:45:21",219
"2018-07-03 11:45:21",219
"2018-07-03 12:45:22",219
"2018-07-03 13:45:24",219
"2018-07-03 14:45:23",219
"2018-07-03 15:45:22",219
"2018-07-03 16:45:23",219
"2018-07-03 17:45:23",219
"2018-07-03 18:45:21",219
"2018-07-03 19:45:30",219
"2018-07-03 20:45:22",219
"2018-07-03 21:45:22",219
"2018-07-03 22:45:22",219
"2018-07-03 23:45:21",219
"2018-07-04 00:45:22",219
"2018-07-04 01:45:23",219
"2018-07-04 02:45:23",219
"2018-07-04 03:45:23",219
"2018-07-04 04:45:21",219
"2018-07-04 05:45:22",219
"2018-07-04 06:45:23",219
"2018-07-04 07:45:22",219
"2018-07-04 08:45:25",219
"2018-07-04 09:45:23",219
"2018-07-04 10:45:23",219
"2018-07-04 11:45:22",219
"2018-07-04 12:45:22",219
"2018-07-04 13:45:23",219
"2018-07-04 14:45:22",219
"2018-07-04 15:45:22",219
"2018-07-04 16:45:23",219
"2018-07-04 17:45:23",219
"2018-07-04 18:45:22",219
"2018-07-04 19:45:24",219
"2018-07-04 20:45:23",219
"2018-07-04 21:45:23",219
"2018-07-04 22:45:21",219
"2018-07-04 23:45:23",219
"2018-07-05 00:45:21",219
"2018-07-05 01:45:22",219
"2018-07-05 02:45:23",219
"2018-07-05 03:45:23",219
"2018-07-05 04:45:23",219
"2018-07-05 05:45:21",219
"2018-07-05 06:45:22",219
"2018-07-05 07:45:22",219
"2018-07-05 08:45:23",219
"2018-07-05 09:45:22",219
"2018-07-05 10:45:22",219
"2018-07-05 11:45:23",219
"2018-07-05 12:45:22",219
"2018-07-05 13:45:23",219
"2018-07-05 14:45:22",218
"2018-07-05 15:45:23",218
"2018-07-05 16:45:23",218
"2018-07-05 17:45:25",218
"2018-07-05 18:45:22",218
"2018-07-05 19:45:31",218
"2018-07-05 20:45:21",218
"2018-07-05 21:45:23",218
"2018-07-05 22:45:23",218
"2018-07-05 23:45:22",218
"2018-07-06 00:45:22",218
"2018-07-06 01:45:23",218
"2018-07-06 02:45:23",218
"2018-07-06 03:45:23",218
"2018-07-06 04:45:23",218
"2018-07-06 05:45:22",218
"2018-07-06 06:45:22",218
"2018-07-06 07:45:23",218
"2018-07-06 08:45:24",218
"2018-07-06 09:45:23",218
"2018-07-06 10:45:23",218
"2018-07-06 11:45:27",218
"2018-07-06 12:45:23",218
"2018-07-06 13:45:28",218
"2018-07-06 14:45:26",219
"2018-07-06 15:45:25",220
"2018-07-06 16:45:25",220
"2018-07-06 17:45:24",221
"2018-07-06 18:45:22",220
"2018-07-06 19:45:29",219
"2018-07-06 20:45:24",219
"2018-07-06 21:45:23",219
"2018-07-06 22:45:22",219
"2018-07-06 23:45:22",219
"2018-07-07 00:45:23",219
"2018-07-07 01:45:22",219
"2018-07-07 02:45:24",219
"2018-07-07 03:45:23",219
"2018-07-07 04:45:23",219
"2018-07-07 05:45:22",219
"2018-07-07 06:45:23",219
"2018-07-07 07:45:22",219
"2018-07-07 08:45:23",219
"2018-07-07 09:45:22",219
"2018-07-07 10:45:23",219
"2018-07-07 11:45:22",219
"2018-07-07 12:45:23",219
"2018-07-07 13:45:23",219
"2018-07-07 14:45:23",219
"2018-07-07 15:45:23",219
"2018-07-07 16:45:24",219
"2018-07-07 17:45:24",219
"2018-07-07 18:45:25",219
"2018-07-07 19:45:30",219
"2018-07-07 20:45:23",219
"2018-07-07 21:45:22",219
"2018-07-07 22:45:24",219
"2018-07-07 23:45:23",219
"2018-07-08 00:45:24",219
"2018-07-08 01:45:24",219
"2018-07-08 02:45:24",219
"2018-07-08 03:45:25",219
"2018-07-08 04:45:25",219
"2018-07-08 05:45:24",219
"2018-07-08 06:45:23",219
"2018-07-08 07:45:23",219
"2018-07-08 08:45:22",219
"2018-07-08 09:45:23",219
"2018-07-08 10:45:22",219
"2018-07-08 11:45:23",219
"2018-07-08 12:45:24",219
"2018-07-08 13:45:23",219
"2018-07-08 14:45:22",219
"2018-07-08 15:45:23",219
"2018-07-08 16:45:23",219
"2018-07-08 17:45:23",219
"2018-07-08 18:45:24",219
"2018-07-08 19:45:34",219
"2018-07-08 20:45:24",219
"2018-07-08 21:45:24",219
"2018-07-08 22:45:23",219
"2018-07-08 23:45:22",219
"2018-07-09 00:45:23",219
"2018-07-09 01:45:23",219
"2018-07-09 02:45:24",219
"2018-07-09 03:45:25",219
"2018-07-09 04:45:22",219
"2018-07-09 05:45:24",219
"2018-07-09 06:45:22",219
"2018-07-09 07:45:22",219
"2018-07-09 08:45:24",219
"2018-07-09 09:45:23",219
"2018-07-09 10:45:23",219
"2018-07-09 11:45:22",219
"2018-07-09 12:45:23",219
"2018-07-09 13:45:31",219
"2018-07-09 14:45:24",221
"2018-07-09 15:45:25",221
"2018-07-09 16:45:24",221
"2018-07-09 17:45:24",221
"2018-07-09 18:45:25",221
"2018-07-09 19:45:48",222
"2018-07-09 20:45:23",223
"2018-07-09 21:45:23",223
"2018-07-09 22:45:23",223
"2018-07-09 23:45:23",223
"2018-07-10 00:45:23",223
"2018-07-10 01:45:25",223
"2018-07-10 02:45:23",223
"2018-07-10 03:45:24",223
"2018-07-10 04:45:24",223
"2018-07-10 05:45:24",223
"2018-07-10 06:45:23",223
"2018-07-10 07:45:23",223
"2018-07-10 08:45:23",223
"2018-07-10 09:45:23",223
"2018-07-10 10:45:22",223
"2018-07-10 11:45:23",223
"2018-07-10 12:45:22",223
"2018-07-10 13:45:33",223
"2018-07-10 14:45:29",224
"2018-07-10 15:45:25",223
"2018-07-10 16:45:24",222
"2018-07-10 17:45:26",222
"2018-07-10 18:45:23",222
"2018-07-10 19:45:31",222
"2018-07-10 20:45:23",221
"2018-07-10 21:45:23",221
"2018-07-10 22:45:30",221
"2018-07-10 23:45:24",221
"2018-07-11 00:45:25",221
"2018-07-11 01:45:25",221
"2018-07-11 02:45:24",221
"2018-07-11 03:45:24",221
"2018-07-11 04:45:24",221
"2018-07-11 05:45:25",221
"2018-07-11 06:45:24",221
"2018-07-11 07:45:23",221
"2018-07-11 08:45:23",221
"2018-07-11 09:45:23",221
"2018-07-11 10:45:23",221
"2018-07-11 11:45:22",221
"2018-07-11 12:45:22",221
"2018-07-11 13:45:27",221
"2018-07-11 14:45:26",219
"2018-07-11 15:45:25",219
"2018-07-11 16:45:24",219
"2018-07-11 17:45:23",219
"2018-07-11 18:45:23",219
"2018-07-11 19:45:27",219
"2018-07-11 20:45:23",219
"2018-07-11 21:45:22",219
"2018-07-11 22:45:23",219
"2018-07-11 23:45:24",219
"2018-07-12 00:45:24",219
"2018-07-12 01:45:22",219
"2018-07-12 02:45:24",219
"2018-07-12 03:45:23",219
"2018-07-12 04:45:25",219
"2018-07-12 05:45:25",219
"2018-07-12 06:45:24",219
"2018-07-12 07:45:23",219
"2018-07-12 08:45:23",219
"2018-07-12 09:45:24",219
"2018-07-12 10:45:22",219
"2018-07-12 11:45:22",219
"2018-07-12 12:45:23",219
"2018-07-12 13:45:28",219
"2018-07-12 14:45:27",221
"2018-07-12 15:45:26",221
"2018-07-12 16:45:28",221
"2018-07-12 17:45:26",220
"2018-07-12 18:45:26",220
"2018-07-12 19:45:41",220
"2018-07-12 20:45:23",220
"2018-07-12 21:45:23",220
"2018-07-12 22:45:25",220
"2018-07-12 23:45:26",220
"2018-07-13 00:45:25",220
"2018-07-13 01:45:25",220
"2018-07-13 02:45:25",220
"2018-07-13 03:45:25",220
"2018-07-13 04:45:25",220
"2018-07-13 05:45:26",220
"2018-07-13 06:45:25",220
"2018-07-13 07:45:24",220
"2018-07-13 08:45:25",220
"2018-07-13 09:45:24",220
"2018-07-13 10:45:23",220
"2018-07-13 11:45:23",220
"2018-07-13 12:45:25",220
"2018-07-13 13:45:33",220
"2018-07-13 14:45:27",220
"2018-07-13 15:45:28",220
"2018-07-13 16:45:26",220
"2018-07-13 17:45:25",221
"2018-07-13 18:45:27",221
"2018-07-13 19:45:27",221
"2018-07-13 20:45:24",222
"2018-07-13 21:45:23",223
"2018-07-13 22:45:24",223
"2018-07-13 23:45:26",223
"2018-07-14 00:45:25",223
"2018-07-14 01:45:23",223
"2018-07-14 02:45:24",223
"2018-07-14 03:45:25",223
"2018-07-14 04:45:24",223
"2018-07-14 05:45:24",223
"2018-07-14 06:45:24",223
"2018-07-14 07:45:23",223
"2018-07-14 08:45:24",223
"2018-07-14 09:45:24",223
"2018-07-14 10:45:25",223
"2018-07-14 11:45:24",223
"2018-07-14 12:45:24",223
"2018-07-14 13:45:25",223
"2018-07-14 14:45:25",223
"2018-07-14 15:45:25",223
"2018-07-14 16:45:25",223
"2018-07-14 17:45:24",223
"2018-07-14 18:45:25",223
"2018-07-14 19:45:29",223
"2018-07-14 20:45:24",223
"2018-07-14 21:45:25",223
"2018-07-14 22:45:25",223
"2018-07-14 23:45:25",223
"2018-07-15 00:45:23",223
"2018-07-15 01:45:24",223
"2018-07-15 02:45:25",223
"2018-07-15 03:45:24",223
"2018-07-15 04:45:24",223
"2018-07-15 05:45:24",223
"2018-07-15 06:45:25",223
"2018-07-15 07:45:23",223
"2018-07-15 08:45:24",223
"2018-07-15 09:45:24",223
"2018-07-15 10:45:24",223
"2018-07-15 11:45:24",223
"2018-07-15 12:45:24",223
"2018-07-15 13:45:25",223
"2018-07-15 14:45:23",223
"2018-07-15 15:45:26",223
"2018-07-15 16:45:25",223
"2018-07-15 17:45:24",223
"2018-07-15 18:45:24",223
"2018-07-15 19:45:38",223
"2018-07-15 20:45:25",223
"2018-07-15 21:45:37",223
"2018-07-15 22:45:25",223
"2018-07-15 23:45:25",223
"2018-07-16 00:45:25",223
"2018-07-16 01:45:24",223
"2018-07-16 02:45:25",223
"2018-07-16 03:45:25",223
"2018-07-16 04:45:26",223
"2018-07-16 05:45:24",223
"2018-07-16 06:45:26",223
"2018-07-16 07:45:33",223
"2018-07-16 08:45:26",223
"2018-07-16 09:45:23",223
"2018-07-16 10:45:24",223
"2018-07-16 11:45:24",223
"2018-07-16 12:45:23",223
"2018-07-16 13:45:43",223
"2018-07-16 14:45:25",223
"2018-07-16 15:45:27",224
"2018-07-16 16:45:26",224
"2018-07-16 17:45:27",224
"2018-07-16 18:45:27",224
"2018-07-16 19:46:09",224
"2018-07-16 20:45:25",224
"2018-07-16 21:45:25",224
"2018-07-16 22:45:24",224
"2018-07-16 23:45:25",224
"2018-07-17 00:45:41",224
"2018-07-17 01:45:25",224
"2018-07-17 02:45:25",224
"2018-07-17 03:45:24",224
"2018-07-17 04:45:25",224
"2018-07-17 05:45:26",224
"2018-07-17 06:45:25",224
"2018-07-17 07:45:36",224
"2018-07-17 08:45:25",224
"2018-07-17 09:45:23",224
"2018-07-17 10:45:24",224
"2018-07-17 11:45:23",224
"2018-07-17 12:45:25",224
"2018-07-17 13:45:30",224
"2018-07-17 14:45:28",224
"2018-07-17 15:45:25",224
"2018-07-17 16:45:26",224
"2018-07-17 17:45:26",224
"2018-07-17 18:45:27",223
"2018-07-17 19:45:49",223
"2018-07-17 20:45:25",222
"2018-07-17 21:45:24",222
"2018-07-17 22:45:23",222
"2018-07-17 23:45:28",222
"2018-07-18 00:45:29",222
"2018-07-18 01:45:28",222
"2018-07-18 02:45:39",222
"2018-07-18 03:45:30",222
"2018-07-18 04:45:28",222
"2018-07-18 05:45:31",222
"2018-07-18 06:45:28",222
"2018-07-18 07:45:27",222
"2018-07-18 08:45:32",222
"2018-07-18 09:45:27",222
"2018-07-18 10:45:27",222
"2018-07-18 11:45:27",222
"2018-07-18 12:45:27",222
"2018-07-18 13:45:34",222
"2018-07-18 14:45:32",223
"2018-07-18 15:45:30",222
"2018-07-18 16:45:31",221
"2018-07-18 17:45:31",221
"2018-07-18 18:45:31",221
"2018-07-18 19:45:40",221
"2018-07-18 20:45:28",222
"2018-07-18 21:45:28",222
"2018-07-18 22:45:29",222
"2018-07-18 23:45:28",222
"2018-07-19 00:45:29",222
"2018-07-19 01:45:29",222
"2018-07-19 02:45:29",222
"2018-07-19 03:45:36",222
"2018-07-19 04:45:37",222
"2018-07-19 05:45:33",222
"2018-07-19 06:45:35",222
"2018-07-19 07:45:41",222
"2018-07-19 08:45:29",222
"2018-07-19 09:45:29",222
"2018-07-19 10:45:28",222
"2018-07-19 11:45:29",222
"2018-07-19 12:45:28",222
"2018-07-19 13:45:33",222
"2018-07-19 14:45:31",221
"2018-07-19 15:45:32",221
"2018-07-19 16:45:30",221
"2018-07-19 17:45:31",221
"2018-07-19 18:45:32",221
"2018-07-19 19:45:35",221
"2018-07-19 20:45:30",221
"2018-07-19 21:45:29",221
"2018-07-19 22:45:31",221
"2018-07-19 23:45:33",221
"2018-07-20 00:45:30",221
"2018-07-20 01:45:30",221
"2018-07-20 02:45:31",221
"2018-07-20 03:45:36",221
"2018-07-20 04:45:37",221
"2018-07-20 05:45:36",221
"2018-07-20 06:45:35",221
"2018-07-20 07:45:34",221
"2018-07-20 08:45:29",221
"2018-07-20 09:45:41",221
"2018-07-20 10:45:28",221
"2018-07-20 11:45:27",221
"2018-07-20 12:45:27",221
"2018-07-20 14:09:04",220
"2018-07-20 14:45:31",220
"2018-07-20 15:45:33",219
"2018-07-20 16:45:31",219
"2018-07-20 17:45:30",219
"2018-07-20 18:45:32",219
"2018-07-20 19:45:42",219
"2018-07-20 20:45:29",219
"2018-07-20 21:45:29",219
"2018-07-20 22:45:27",219
"2018-07-20 23:45:31",219
"2018-07-21 00:45:30",219
"2018-07-21 01:45:31",219
"2018-07-21 02:45:32",219
"2018-07-21 03:45:38",219
"2018-07-21 04:45:30",219
"2018-07-21 05:45:28",219
"2018-07-21 06:45:29",219
"2018-07-21 07:45:28",219
"2018-07-21 08:45:28",219
"2018-07-21 09:45:30",219
"2018-07-21 10:45:29",219
"2018-07-21 11:45:27",219
"2018-07-21 12:45:28",219
"2018-07-21 13:45:30",219
"2018-07-21 14:45:30",219
"2018-07-21 15:45:30",219
"2018-07-21 16:45:32",219
"2018-07-21 17:45:29",219
"2018-07-21 18:45:32",219
"2018-07-21 19:45:35",219
"2018-07-21 20:45:29",219
"2018-07-21 21:45:28",219
"2018-07-21 22:45:28",219
"2018-07-21 23:45:29",219
"2018-07-22 00:45:29",219
"2018-07-22 01:45:28",219
"2018-07-22 02:45:30",219
"2018-07-22 03:45:31",219
"2018-07-22 04:45:29",219
"2018-07-22 05:45:28",219
"2018-07-22 06:45:45",219
"2018-07-22 07:45:40",219
"2018-07-22 08:45:29",219
"2018-07-22 09:45:27",219
"2018-07-22 10:45:27",219
"2018-07-22 11:45:28",219
"2018-07-22 12:45:30",219
"2018-07-22 13:45:29",219
"2018-07-22 14:45:34",219
"2018-07-22 15:45:29",219
"2018-07-22 16:45:29",219
"2018-07-22 17:45:28",219
"2018-07-22 18:45:28",219
"2018-07-22 19:45:39",219
"2018-07-22 20:45:29",219
"2018-07-22 21:45:29",219
"2018-07-22 22:45:28",219
"2018-07-22 23:45:28",219
"2018-07-23 00:45:29",219
"2018-07-23 01:45:28",219
"2018-07-23 02:45:30",219
"2018-07-23 03:45:29",219
"2018-07-23 04:45:28",219
"2018-07-23 05:45:27",219
"2018-07-23 06:45:27",219
"2018-07-23 07:45:29",219
"2018-07-23 08:45:31",219
"2018-07-23 09:45:34",219
"2018-07-23 23:45:43",222
"2018-07-24 00:45:29",222
"2018-07-24 01:45:30",222
"2018-07-24 02:45:31",222
"2018-07-24 03:45:29",222
"2018-07-24 04:45:28",222
"2018-07-24 05:45:28",222
"2018-07-24 06:45:29",222
"2018-07-24 07:45:27",222
"2018-07-24 08:45:28",222
"2018-07-24 09:45:27",222
"2018-07-24 10:45:28",222
"2018-07-24 11:45:28",222
"2018-07-24 12:45:29",222
"2018-07-24 13:45:43",222
"2018-07-24 14:45:30",222
"2018-07-24 15:45:30",222
"2018-07-24 16:45:31",222
"2018-07-24 17:45:30",222
"2018-07-24 18:45:29",222
"2018-07-24 19:45:30",222
"2018-07-24 20:45:27",221
"2018-07-24 21:45:28",221
"2018-07-24 22:45:28",221
"2018-07-24 23:45:28",221
"2018-07-25 00:45:29",221
"2018-07-25 01:45:28",221
"2018-07-25 02:45:28",221
"2018-07-25 03:45:29",221
"2018-07-25 04:45:29",221
"2018-07-25 05:45:28",221
"2018-07-25 06:45:28",221
"2018-07-25 07:45:27",221
"2018-07-25 08:45:29",221
"2018-07-25 09:45:28",221
"2018-07-25 10:45:27",221
"2018-07-25 11:45:27",221
"2018-07-25 12:45:28",221
"2018-07-25 13:45:38",221
"2018-07-25 14:45:32",223
"2018-07-25 15:45:33",222
"2018-07-25 16:45:32",221
"2018-07-25 17:45:38",221
"2018-07-25 18:45:33",221
"2018-07-25 19:45:33",221
"2018-07-25 20:45:32",221
"2018-07-25 21:45:32",221
"2018-07-25 22:45:30",221
"2018-07-25 23:45:29",221
"2018-07-26 00:45:29",221
"2018-07-26 01:45:30",221
"2018-07-26 02:45:31",221
"2018-07-26 03:45:31",221
"2018-07-26 04:45:30",221
"2018-07-26 05:45:32",221
"2018-07-26 06:45:30",221
"2018-07-26 07:45:29",221
"2018-07-26 08:45:29",221
"2018-07-26 09:45:30",221
"2018-07-26 10:45:30",221
"2018-07-26 11:45:29",221
"2018-07-26 12:45:30",221
"2018-07-26 14:45:34",221
"2018-07-26 15:45:33",219
"2018-07-26 16:45:33",219
"2018-07-26 17:45:32",218
"2018-07-26 18:45:32",219
"2018-07-26 19:45:34",219
"2018-07-26 20:45:31",219
"2018-07-26 21:45:29",219
"2018-07-26 22:45:30",219
"2018-07-26 23:45:31",219
"2018-07-27 00:45:30",219
"2018-07-27 01:45:31",219
"2018-07-27 02:45:29",219
"2018-07-27 03:45:30",219
"2018-07-27 04:45:31",219
"2018-07-27 05:45:32",219
"2018-07-27 06:45:30",219
"2018-07-27 07:45:30",219
"2018-07-27 08:45:29",219
"2018-07-27 09:45:28",219
"2018-07-27 10:45:30",220
"2018-07-27 11:45:29",220
"2018-07-27 12:45:30",220
"2018-07-27 13:45:40",220
"2018-07-27 14:45:33",219
"2018-07-27 15:45:31",219
"2018-07-27 16:45:30",218
"2018-07-27 17:45:31",218
"2018-07-27 18:45:30",218
"2018-07-27 19:45:31",218
"2018-07-27 20:45:29",218
"2018-07-27 21:45:29",218
"2018-07-27 22:45:28",218
"2018-07-27 23:45:29",218
"2018-07-28 00:45:30",218
"2018-07-28 01:45:29",218
"2018-07-28 02:45:29",218
"2018-07-28 03:45:31",218
"2018-07-28 04:45:29",218
"2018-07-28 05:45:30",218
"2018-07-28 06:45:30",218
"2018-07-28 07:45:29",218
"2018-07-28 08:45:29",218
"2018-07-28 09:45:30",218
"2018-07-28 10:45:28",218
"2018-07-28 11:45:28",218
"2018-07-28 12:45:29",218
"2018-07-28 13:45:29",218
"2018-07-28 14:45:29",218
"2018-07-28 15:45:30",218
"2018-07-28 16:45:30",218
"2018-07-28 17:45:30",218
"2018-07-28 18:45:30",218
"2018-07-28 19:45:55",218
"2018-07-28 20:45:43",218
"2018-07-28 21:45:30",218
"2018-07-28 22:45:29",218
"2018-07-28 23:45:30",218
"2018-07-29 00:45:29",218
"2018-07-29 01:45:31",218
"2018-07-29 02:45:29",218
"2018-07-29 03:45:29",218
"2018-07-29 04:45:31",218
"2018-07-29 05:45:31",218
"2018-07-29 06:45:30",218
"2018-07-29 07:45:29",218
"2018-07-29 08:45:29",218
"2018-07-29 09:45:30",218
"2018-07-29 10:45:30",218
"2018-07-29 11:45:28",218
"2018-07-29 12:45:30",218
"2018-07-29 13:45:31",218
"2018-07-29 14:45:29",218
"2018-07-29 15:45:28",218
"2018-07-29 16:45:31",218
"2018-07-29 17:45:30",218
"2018-07-29 18:45:29",218
"2018-07-29 19:45:32",218
"2018-07-29 20:45:30",218
"2018-07-29 21:45:31",218
"2018-07-29 22:45:31",218
"2018-07-29 23:45:31",218
"2018-07-30 00:45:29",218
"2018-07-30 01:45:31",218
"2018-07-30 02:45:29",218
"2018-07-30 03:45:30",218
"2018-07-30 04:45:29",218
"2018-07-30 05:45:29",218
"2018-07-30 06:45:28",218
"2018-07-30 07:45:29",218
"2018-07-30 08:45:30",218
"2018-07-30 09:45:30",218
"2018-07-30 10:45:28",218
"2018-07-30 11:45:29",218
"2018-07-30 12:45:30",218
"2018-07-30 13:45:39",218
"2018-07-30 14:45:33",220
"2018-07-30 15:45:33",220
"2018-07-30 16:45:33",220
"2018-07-30 17:45:32",221
"2018-07-30 18:45:29",221
"2018-07-30 19:45:33",221
"2018-07-30 20:45:29",221
"2018-07-30 21:45:30",221
"2018-07-30 22:45:31",221
"2018-07-30 23:45:29",221
"2018-07-31 00:45:32",221
"2018-07-31 01:45:30",221
"2018-07-31 02:45:30",221
"2018-07-31 03:45:30",221
"2018-07-31 04:45:30",221
"2018-07-31 05:45:30",221
"2018-07-31 06:45:30",221
"2018-07-31 07:45:30",221
"2018-07-31 08:46:02",221
"2018-07-31 09:52:26",221
"2018-07-31 10:45:30",221
"2018-07-31 11:45:29",221
"2018-07-31 12:45:29",221
"2018-07-31 13:45:40",221
"2018-07-31 14:45:32",224
"2018-07-31 15:45:31",224
"2018-07-31 16:45:32",223
"2018-07-31 17:45:30",223
"2018-07-31 18:45:31",222
"2018-07-31 19:45:32",222
"2018-07-31 20:45:31",224
"2018-07-31 21:45:29",224
"2018-07-31 22:45:31",224
"2018-07-31 23:45:31",224
"2018-08-01 00:45:31",224
"2018-08-01 01:45:29",224
"2018-08-01 02:45:29",224
"2018-08-01 03:45:30",224
"2018-08-01 04:45:30",224
"2018-08-01 05:45:31",224
"2018-08-01 06:45:29",224
"2018-08-01 07:45:30",224
"2018-08-01 08:45:30",224
"2018-08-01 09:45:30",224
"2018-08-01 10:45:29",224
"2018-08-01 11:45:30",224
"2018-08-01 12:45:30",224
"2018-08-01 14:10:38",223
"2018-08-01 14:45:32",223
"2018-08-01 15:45:32",225
"2018-08-01 16:45:32",226
"2018-08-01 17:45:32",225
"2018-08-01 18:45:31",226
"2018-08-01 19:47:01",226
"2018-08-01 20:45:29",226
"2018-08-01 21:45:29",226
"2018-08-01 22:45:29",226
"2018-08-01 23:45:29",226
"2018-08-02 00:45:31",226
"2018-08-02 01:45:30",226
"2018-08-02 02:45:30",226
"2018-08-02 03:45:30",226
"2018-08-02 04:45:31",226
"2018-08-02 05:45:29",226
"2018-08-02 06:45:29",226
"2018-08-02 07:45:29",226
"2018-08-02 08:45:29",226
"2018-08-02 09:45:30",226
"2018-08-02 10:45:30",226
"2018-08-02 11:45:29",226
"2018-08-02 12:45:29",226
"2018-08-02 13:45:38",227
"2018-08-02 14:45:38",228
"2018-08-02 15:45:35",229
"2018-08-02 16:45:32",228
"2018-08-02 17:45:35",228
"2018-08-02 18:45:33",229
"2018-08-02 19:45:34",229
"2018-08-02 20:45:31",228
"2018-08-02 21:45:31",228
"2018-08-02 22:45:31",228
"2018-08-02 23:45:30",228
"2018-08-03 00:45:31",228
"2018-08-03 01:45:34",228
"2018-08-03 02:45:31",228
"2018-08-03 03:45:32",228
"2018-08-03 04:45:31",228
"2018-08-03 05:45:31",228
"2018-08-03 06:45:32",228
"2018-08-03 07:45:30",228
"2018-08-03 08:45:31",228
"2018-08-03 09:45:31",228
"2018-08-03 10:45:31",227
"2018-08-03 11:47:32",227
"2018-08-03 13:10:30",227
"2018-08-03 13:45:39",227
"2018-08-03 14:45:32",227
"2018-08-03 15:45:32",225
"2018-08-03 16:45:32",225
"2018-08-03 17:45:31",225
"2018-08-03 18:45:31",225
"2018-08-03 19:45:32",225
"2018-08-03 20:45:32",225
"2018-08-03 21:45:30",225
"2018-08-03 22:45:30",225
"2018-08-03 23:45:31",225
"2018-08-04 00:45:30",225
"2018-08-04 01:45:30",225
"2018-08-04 02:45:31",225
"2018-08-04 03:45:31",225
"2018-08-04 04:45:30",225
"2018-08-04 05:45:31",225
"2018-08-04 06:45:31",225
"2018-08-04 07:45:32",225
"2018-08-04 08:45:30",225
"2018-08-04 09:45:31",225
"2018-08-04 10:45:31",225
"2018-08-04 11:45:30",225
"2018-08-04 12:45:29",225
"2018-08-04 13:45:32",225
"2018-08-04 14:45:30",225
"2018-08-04 15:45:31",225
"2018-08-04 16:45:30",225
"2018-08-04 17:45:31",225
"2018-08-04 18:45:32",225
"2018-08-04 19:45:31",225
"2018-08-04 20:45:30",225
"2018-08-04 21:45:30",225
"2018-08-04 22:45:29",225
"2018-08-04 23:45:32",225
"2018-08-05 00:45:29",225
"2018-08-05 01:45:31",225
"2018-08-05 02:45:32",225
"2018-08-05 03:45:31",225
"2018-08-05 04:45:30",225
"2018-08-05 05:45:31",225
"2018-08-05 06:45:31",225
"2018-08-05 07:45:30",225
"2018-08-05 08:45:30",225
"2018-08-05 09:45:30",225
"2018-08-05 10:45:30",225
"2018-08-05 11:45:30",225
"2018-08-05 12:45:30",225
"2018-08-05 13:45:30",225
"2018-08-05 14:45:31",225
"2018-08-05 15:45:31",225
"2018-08-05 16:45:32",225
"2018-08-05 17:45:30",225
"2018-08-05 18:45:31",225
"2018-08-05 19:45:31",225
"2018-08-05 20:45:30",225
"2018-08-05 21:45:32",225
"2018-08-05 22:45:30",225
"2018-08-05 23:45:32",225
"2018-08-06 00:45:31",225
"2018-08-06 01:45:29",225
"2018-08-06 02:45:30",225
"2018-08-06 03:45:30",225
"2018-08-06 04:45:30",225
"2018-08-06 05:45:30",225
"2018-08-06 06:45:30",225
"2018-08-06 07:45:31",225
"2018-08-06 08:45:31",225
"2018-08-06 09:45:30",225
"2018-08-06 10:45:31",225
"2018-08-06 11:45:29",225
"2018-08-06 12:45:30",225
"2018-08-06 13:45:35",225
"2018-08-06 14:45:33",225
"2018-08-06 15:45:32",225
"2018-08-06 16:46:03",225
"2018-08-06 17:45:33",225
"2018-08-06 18:45:33",225
"2018-08-06 19:45:32",224
"2018-08-06 20:45:32",224
"2018-08-06 21:45:34",224
"2018-08-06 22:45:32",224
"2018-08-06 23:45:31",224
"2018-08-07 00:45:32",224
"2018-08-07 01:45:32",224
"2018-08-07 02:45:34",224
"2018-08-07 03:45:35",224
"2018-08-07 04:45:33",224
"2018-08-07 05:45:31",224
"2018-08-07 06:45:32",224
"2018-08-07 07:45:32",224
"2018-08-07 08:45:31",224
"2018-08-07 09:45:30",224
"2018-08-07 10:45:31",224
"2018-08-07 11:45:31",224
"2018-08-07 12:45:31",224
"2018-08-07 13:45:39",224
"2018-08-07 14:45:33",223
"2018-08-07 15:45:33",222
"2018-08-07 16:45:32",222
"2018-08-07 17:45:35",222
"2018-08-07 18:45:33",222
"2018-08-07 19:45:35",222
"2018-08-07 20:45:33",222
"2018-08-07 21:45:32",222
"2018-08-07 22:45:31",222
"2018-08-07 23:45:32",222
"2018-08-08 00:45:32",222
"2018-08-08 01:45:35",222
"2018-08-08 02:45:33",222
"2018-08-08 03:45:32",222
"2018-08-08 04:45:31",222
"2018-08-08 05:45:33",222
"2018-08-08 06:45:33",222
"2018-08-08 07:45:34",222
"2018-08-08 08:45:33",222
"2018-08-08 09:45:33",222
"2018-08-08 10:45:32",222
"2018-08-08 11:45:32",222
"2018-08-08 12:45:33",222
"2018-08-08 13:45:38",222
"2018-08-08 14:45:33",222
"2018-08-08 15:45:34",222
"2018-08-08 16:45:34",222
"2018-08-08 17:45:33",222
"2018-08-08 18:45:32",222
"2018-08-08 19:45:34",222
"2018-08-08 20:45:31",222
"2018-08-08 21:45:31",222
"2018-08-08 22:45:31",222
"2018-08-10 00:23:48",221
"2018-08-10 00:45:36",221
"2018-08-10 01:45:38",221
"2018-08-10 02:45:36",221
"2018-08-10 03:45:31",221
"2018-08-10 04:45:36",221
"2018-08-10 05:45:38",221
"2018-08-10 06:45:34",221
"2018-08-10 07:45:36",221
"2018-08-10 08:45:35",221
"2018-08-10 09:45:34",221
"2018-08-10 10:45:34",221
"2018-08-10 11:45:34",221
"2018-08-10 12:45:33",221
"2018-08-10 13:45:40",221
"2018-08-10 14:45:37",221
"2018-08-10 15:45:36",221
"2018-08-10 16:45:37",221
"2018-08-10 17:45:35",221
"2018-08-10 18:45:35",221
"2018-08-10 19:45:35",221
"2018-08-10 20:45:35",221
"2018-08-10 21:45:35",221
"2018-08-10 22:45:34",221
"2018-08-10 23:45:36",221
"2018-08-11 00:45:35",221
"2018-08-11 01:45:35",221
"2018-08-11 02:45:36",221
"2018-08-11 03:45:36",221
"2018-08-11 04:45:34",221
"2018-08-11 05:45:35",221
"2018-08-11 06:45:34",221
"2018-08-11 07:45:34",221
"2018-08-11 08:45:34",221
"2018-08-11 09:45:34",221
"2018-08-11 10:45:34",221
"2018-08-11 11:45:34",221
"2018-08-11 12:45:34",221
"2018-08-11 13:45:34",221
"2018-08-11 14:45:34",221
"2018-08-11 15:45:35",221
"2018-08-11 16:45:35",221
"2018-08-11 17:45:34",221
"2018-08-11 18:45:36",221
"2018-08-11 19:45:34",221
"2018-08-11 20:45:34",221
"2018-08-11 21:45:35",221
"2018-08-11 22:45:34",221
"2018-08-11 23:45:35",221
"2018-08-12 00:45:35",221
"2018-08-12 01:45:34",221
"2018-08-12 02:45:34",221
"2018-08-12 03:45:34",221
"2018-08-12 04:45:35",221
"2018-08-12 05:45:34",221
"2018-08-12 06:45:33",221
"2018-08-12 07:45:33",221
"2018-08-12 08:45:33",221
"2018-08-12 09:45:33",221
"2018-08-12 10:45:33",221
"2018-08-12 11:45:33",221
"2018-08-12 12:45:34",221
"2018-08-12 13:45:36",221
"2018-08-12 14:45:35",221
"2018-08-12 15:45:36",221
"2018-08-12 16:45:36",221
"2018-08-12 17:45:35",221
"2018-08-12 18:45:35",221
"2018-08-12 19:45:35",221
"2018-08-12 20:45:35",221
"2018-08-12 21:45:34",221
"2018-08-12 22:45:34",221
"2018-08-12 23:45:34",221
"2018-08-13 00:45:34",221
"2018-08-13 01:45:35",221
"2018-08-13 02:45:35",221
"2018-08-13 03:45:35",221
"2018-08-13 04:45:36",221
"2018-08-13 05:45:34",221
"2018-08-13 06:45:34",221
"2018-08-13 07:45:35",221
"2018-08-13 08:45:36",221
"2018-08-13 09:45:35",221
"2018-08-13 10:45:34",221
"2018-08-13 11:45:34",221
"2018-08-13 12:45:34",221
"2018-08-13 13:45:39",220
"2018-08-13 14:45:39",220
"2018-08-13 15:45:39",219
"2018-08-13 16:45:38",218
"2018-08-13 17:45:36",218
"2018-08-13 18:45:36",218
"2018-08-13 19:45:38",218
"2018-08-13 20:45:36",218
"2018-08-13 21:45:36",218
"2018-08-13 22:45:35",218
"2018-08-13 23:45:35",218
"2018-08-14 00:45:37",218
"2018-08-14 01:45:38",218
"2018-08-14 02:45:36",218
"2018-08-14 03:45:35",218
"2018-08-14 04:45:37",218
"2018-08-14 05:45:36",218
"2018-08-14 06:45:36",218
"2018-08-14 07:45:37",218
"2018-08-14 08:45:37",218
"2018-08-14 09:45:35",218
"2018-08-14 10:45:35",218
"2018-08-14 11:45:34",218
"2018-08-14 12:45:35",218
"2018-08-14 13:45:38",218
"2018-08-14 14:45:37",218
"2018-08-14 15:45:38",217
"2018-08-14 16:45:36",217
"2018-08-14 17:45:35",215
"2018-08-14 18:45:36",216
"2018-08-14 19:45:37",216
"2018-08-14 20:45:36",216
"2018-08-14 21:45:34",216
"2018-08-14 22:45:34",216
"2018-08-14 23:45:34",216
"2018-08-15 00:45:35",216
"2018-08-15 01:45:36",216
"2018-08-15 02:45:36",216
"2018-08-15 03:45:36",216
"2018-08-15 04:45:35",216
"2018-08-15 05:45:34",216
"2018-08-15 06:45:36",216
"2018-08-15 07:45:33",216
"2018-08-15 08:45:35",216
"2018-08-15 09:45:35",216
"2018-08-15 10:45:35",216
"2018-08-15 11:45:35",216
"2018-08-15 12:45:34",216
"2018-08-15 14:11:11",216
"2018-08-15 14:45:35",216
"2018-08-15 15:45:37",216
"2018-08-15 16:45:38",216
"2018-08-15 17:45:34",216
"2018-08-15 18:45:34",217
"2018-08-15 19:45:34",217
"2018-08-15 20:45:34",217
"2018-08-15 21:45:35",217
"2018-08-15 22:45:35",217
"2018-08-15 23:45:36",217
"2018-08-16 00:45:37",217
"2018-08-16 01:45:36",217
"2018-08-16 02:45:38",217
"2018-08-16 03:45:37",217
"2018-08-16 04:45:36",217
"2018-08-16 05:45:35",217
"2018-08-16 06:45:35",217
"2018-08-16 07:45:36",217
"2018-08-16 08:45:36",217
"2018-08-16 09:45:35",217
"2018-08-16 10:45:35",216
"2018-08-16 11:45:35",216
"2018-08-16 12:45:35",216
"2018-08-16 13:45:40",216
"2018-08-16 14:45:37",215
"2018-08-16 15:45:38",215
"2018-08-16 16:45:36",215
"2018-08-16 17:45:36",215
"2018-08-16 18:45:36",216
"2018-08-16 19:45:38",216
"2018-08-16 20:45:36",216
"2018-08-16 21:45:36",216
"2018-08-16 22:45:34",216
"2018-08-16 23:45:35",216
"2018-08-17 00:45:35",216
"2018-08-17 01:45:35",216
"2018-08-17 02:45:37",216
"2018-08-17 03:45:36",216
"2018-08-17 04:45:37",216
"2018-08-17 05:45:34",216
"2018-08-17 06:45:34",216
"2018-08-17 07:45:34",216
"2018-08-17 08:45:36",216
"2018-08-17 09:45:34",216
"2018-08-17 10:45:34",216
"2018-08-17 11:45:34",216
"2018-08-17 12:45:34",216
"2018-08-17 13:45:39",216
"2018-08-17 14:45:38",216
"2018-08-17 15:45:38",216
"2018-08-17 16:45:35",216
"2018-08-17 17:45:35",217
"2018-08-17 18:45:36",217
"2018-08-17 19:45:36",217
"2018-08-17 20:47:04",217
"2018-08-17 21:45:35",217
"2018-08-17 22:45:35",217
"2018-08-17 23:45:34",217
"2018-08-18 00:45:35",217
"2018-08-18 01:45:36",217
"2018-08-18 02:45:35",217
"2018-08-18 03:45:36",217
"2018-08-18 04:45:35",217
"2018-08-18 05:45:34",217
"2018-08-18 06:45:35",217
"2018-08-18 07:45:34",217
"2018-08-18 08:45:34",217
"2018-08-18 09:45:34",217
"2018-08-18 10:45:33",217
"2018-08-18 11:45:34",217
"2018-08-18 12:45:37",217
"2018-08-18 13:45:37",217
"2018-08-18 14:45:36",217
"2018-08-18 15:45:36",217
"2018-08-18 16:45:36",217
"2018-08-18 17:45:35",217
"2018-08-18 18:45:35",217
"2018-08-18 19:45:35",217
"2018-08-18 20:45:36",217
"2018-08-18 21:45:35",217
"2018-08-18 22:45:34",217
"2018-08-18 23:45:34",217
"2018-08-19 00:45:35",217
"2018-08-19 01:45:34",217
"2018-08-19 02:45:35",217
"2018-08-19 03:45:34",217
"2018-08-19 04:45:35",217
"2018-08-19 05:45:34",217
"2018-08-19 06:45:34",217
"2018-08-19 07:45:35",217
"2018-08-19 08:45:34",217
"2018-08-19 09:45:34",217
"2018-08-19 10:45:34",217
"2018-08-19 11:45:34",217
"2018-08-19 12:45:35",217
"2018-08-19 13:45:35",217
"2018-08-19 14:45:34",217
"2018-08-19 15:45:35",217
"2018-08-19 16:45:34",217
"2018-08-19 17:45:35",217
"2018-08-19 18:45:36",217
"2018-08-19 19:45:35",217
"2018-08-19 20:45:37",217
"2018-08-19 21:45:38",217
"2018-08-19 22:45:35",217
"2018-08-19 23:45:38",217
"2018-08-20 00:45:36",217
"2018-08-20 01:45:36",217
"2018-08-20 02:45:35",217
"2018-08-20 03:45:34",217
"2018-08-20 04:45:35",217
"2018-08-20 05:45:34",217
"2018-08-20 06:45:35",217
"2018-08-20 07:45:34",217
"2018-08-20 08:45:39",217
"2018-08-20 09:45:34",217
"2018-08-20 10:45:35",217
"2018-08-20 11:45:35",217
"2018-08-20 12:45:34",217
"2018-08-20 13:45:41",217
"2018-08-20 14:45:40",217
"2018-08-20 15:45:38",219
"2018-08-20 16:45:38",220
"2018-08-20 17:45:35",219
"2018-08-20 18:45:36",219
"2018-08-20 19:45:36",219
"2018-08-20 20:45:35",219
"2018-08-20 21:45:34",219
"2018-08-20 22:45:34",219
"2018-08-20 23:45:34",219
"2018-08-21 00:45:36",219
"2018-08-21 01:45:36",219
"2018-08-21 02:45:36",219
"2018-08-21 03:45:36",219
"2018-08-21 04:45:36",219
"2018-08-21 05:45:34",219
"2018-08-21 06:45:35",219
"2018-08-21 07:45:34",219
"2018-08-21 08:45:35",219
"2018-08-21 09:45:34",219
"2018-08-21 10:45:36",219
"2018-08-21 11:45:34",219
"2018-08-21 12:45:34",219
"2018-08-21 13:45:41",219
"2018-08-21 14:45:37",219
"2018-08-21 15:45:36",219
"2018-08-21 16:45:35",218
"2018-08-21 17:45:34",218
"2018-08-21 18:45:35",218
"2018-08-21 19:45:36",218
"2018-08-21 20:45:35",218
"2018-08-21 21:45:33",218
"2018-08-21 22:45:34",218
"2018-08-21 23:45:35",218
"2018-08-22 00:45:34",218
"2018-08-22 01:45:35",218
"2018-08-22 02:45:35",218
"2018-08-22 03:45:35",218
"2018-08-22 04:45:35",218
"2018-08-22 05:45:34",218
"2018-08-22 06:45:33",218
"2018-08-22 07:45:34",218
"2018-08-22 08:45:33",218
"2018-08-22 09:45:34",218
"2018-08-22 10:45:33",218
"2018-08-22 11:45:34",218
"2018-08-22 12:45:33",218
"2018-08-22 13:45:42",218
"2018-08-22 14:45:35",218
"2018-08-22 15:45:35",219
"2018-08-22 16:45:35",219
"2018-08-22 17:45:34",219
"2018-08-22 18:45:35",219
"2018-08-22 19:45:35",219
"2018-08-22 20:45:32",219
"2018-08-22 21:45:33",219
"2018-08-22 22:45:34",219
"2018-08-22 23:45:34",219
"2018-08-23 00:45:34",219
"2018-08-23 01:45:35",219
"2018-08-23 02:45:34",219
"2018-08-23 03:45:35",219
"2018-08-23 04:45:35",219
"2018-08-23 05:45:34",219
"2018-08-23 06:45:33",219
"2018-08-23 07:45:34",219
"2018-08-23 08:45:34",219
"2018-08-23 09:45:33",219
"2018-08-23 10:45:33",219
"2018-08-23 11:45:34",219
"2018-08-23 12:45:34",219
"2018-08-23 13:45:41",219
"2018-08-23 14:45:35",219
"2018-08-23 15:45:36",220
"2018-08-23 16:45:36",220
"2018-08-23 17:45:34",220
"2018-08-23 18:45:36",220
"2018-08-23 19:45:36",220
"2018-08-23 20:45:36",220
"2018-08-23 21:45:33",220
"2018-08-23 22:45:34",220
"2018-08-23 23:45:34",220
"2018-08-24 00:45:35",220
"2018-08-24 01:45:35",220
"2018-08-24 02:45:35",220
"2018-08-24 03:45:34",220
"2018-08-24 20:03:55",220
"2018-08-24 20:45:35",220
"2018-08-24 21:45:35",220
"2018-08-24 22:45:35",220
"2018-08-24 23:45:34",220
"2018-08-25 00:45:35",220
"2018-08-25 01:45:34",220
"2018-08-25 02:45:35",220
"2018-08-25 03:45:35",220
"2018-08-25 04:45:34",220
"2018-08-25 05:45:34",220
"2018-08-25 06:45:33",220
"2018-08-25 07:45:32",220
"2018-08-25 08:45:34",220
"2018-08-25 09:45:33",220
"2018-08-25 10:45:35",220
"2018-08-25 11:45:33",220
"2018-08-25 12:45:34",220
"2018-08-25 13:45:36",220
"2018-08-25 14:45:36",220
"2018-08-25 15:45:35",220
"2018-08-25 16:45:34",220
"2018-08-25 17:45:36",220
"2018-08-25 18:45:35",220
"2018-08-25 19:45:34",220
"2018-08-25 20:45:35",220
"2018-08-25 21:45:35",220
"2018-08-25 22:45:35",220
"2018-08-25 23:45:34",220
"2018-08-26 00:45:35",220
"2018-08-26 01:45:34",220
"2018-08-26 02:45:36",220
"2018-08-26 03:45:34",220
"2018-08-26 04:45:34",220
"2018-08-26 05:45:33",220
"2018-08-26 06:45:34",220
"2018-08-26 07:45:34",220
"2018-08-26 08:45:33",220
"2018-08-26 09:45:33",220
"2018-08-26 10:45:34",220
"2018-08-26 11:45:34",220
"2018-08-26 12:45:35",220
"2018-08-26 13:45:34",220
"2018-08-26 14:45:33",220
"2018-08-26 15:45:33",220
"2018-08-26 16:45:34",220
"2018-08-26 17:45:34",220
"2018-08-26 18:45:34",220
"2018-08-26 19:45:35",220
"2018-08-26 20:45:35",220
"2018-08-26 21:45:33",220
"2018-08-26 22:45:35",220
"2018-08-26 23:45:34",220
"2018-08-27 00:45:35",220
"2018-08-27 01:45:35",220
"2018-08-27 02:45:34",220
"2018-08-27 03:45:34",220
"2018-08-27 04:45:35",220
"2018-08-27 05:45:35",220
"2018-08-27 06:45:34",220
"2018-08-27 07:45:33",220
"2018-08-27 08:45:35",220
"2018-08-27 09:45:33",220
"2018-08-27 10:45:34",220
"2018-08-27 11:45:33",220
"2018-08-27 12:45:34",220
"2018-08-27 14:09:41",219
"2018-08-27 14:45:38",219
"2018-08-27 15:45:36",219
"2018-08-27 16:45:37",219
"2018-08-27 17:45:36",219
"2018-08-27 18:45:35",219
"2018-08-27 19:45:37",219
"2018-08-27 20:45:35",219
"2018-08-27 21:45:34",219
"2018-08-27 22:45:35",219
"2018-08-27 23:45:34",219
"2018-08-28 00:45:35",219
"2018-08-28 01:45:35",219
"2018-08-28 02:45:34",219
"2018-08-28 03:45:34",219
"2018-08-28 04:45:36",219
"2018-08-28 05:45:34",219
"2018-08-28 06:45:35",219
"2018-08-28 07:45:34",219
"2018-08-28 08:45:33",219
"2018-08-28 09:45:34",219
"2018-08-28 10:45:35",219
"2018-08-28 11:45:35",219
"2018-08-28 12:45:34",219
"2018-08-28 13:45:54",219
"2018-08-28 14:45:47",219
"2018-08-28 15:45:48",219
"2018-08-28 16:45:48",219
"2018-08-28 17:45:48",219
"2018-08-28 18:45:50",219
"2018-08-28 19:45:47",219
"2018-08-28 20:45:47",219
"2018-08-28 21:45:46",219
"2018-08-28 22:45:47",219
"2018-08-28 23:45:46",219
"2018-08-29 00:45:48",219
"2018-08-29 01:45:48",219
"2018-08-29 02:45:46",219
"2018-08-29 03:45:46",219
"2018-08-29 04:45:46",219
"2018-08-29 05:45:45",219
"2018-08-29 06:45:45",219
"2018-08-29 07:45:47",219
"2018-08-29 08:45:46",219
"2018-08-29 09:45:45",219
"2018-08-29 10:45:44",219
"2018-08-29 11:45:44",219
"2018-08-29 12:45:46",219
"2018-08-29 14:09:27",220
"2018-08-29 14:45:49",220
"2018-08-29 15:45:49",221
"2018-08-29 16:45:48",222
"2018-08-29 17:45:50",222
"2018-08-29 18:45:51",223
"2018-08-29 19:45:48",223
"2018-08-29 20:45:45",223
"2018-08-29 21:45:46",223
"2018-08-29 22:45:45",223
"2018-08-29 23:45:46",223
"2018-08-30 00:46:32",223
"2018-08-30 01:46:31",223
"2018-08-30 02:45:47",223
"2018-08-30 03:45:47",223
"2018-08-30 04:45:46",223
"2018-08-30 05:45:46",223
"2018-08-30 06:45:46",223
"2018-08-30 07:45:46",223
"2018-08-30 08:45:50",223
"2018-08-30 09:45:46",223
"2018-08-30 10:45:46",223
"2018-08-30 11:45:45",223
"2018-08-30 12:45:45",223
"2018-08-30 13:45:57",223
"2018-08-30 14:45:48",223
"2018-08-30 15:45:46",223
"2018-08-30 16:45:49",223
"2018-08-30 17:45:47",223
"2018-08-30 18:45:49",223
"2018-08-30 19:45:48",223
"2018-08-30 20:45:45",223
"2018-08-30 21:45:46",223
"2018-08-30 22:45:46",223
"2018-08-30 23:45:47",223
"2018-08-31 00:45:52",223
"2018-08-31 01:45:48",223
"2018-08-31 02:45:47",223
"2018-08-31 03:45:47",223
"2018-08-31 04:45:47",223
"2018-08-31 05:45:48",223
"2018-08-31 06:45:48",223
"2018-08-31 07:45:47",223
"2018-08-31 08:45:46",223
"2018-08-31 09:45:47",223
"2018-08-31 10:45:45",223
"2018-08-31 11:45:47",223
"2018-08-31 12:45:47",223
"2018-08-31 13:45:53",223
"2018-08-31 14:45:48",223
"2018-08-31 15:45:48",223
"2018-08-31 16:45:46",223
"2018-08-31 17:45:48",223
"2018-08-31 18:45:47",223
"2018-08-31 19:45:49",223
"2018-08-31 20:45:48",223
"2018-08-31 21:45:46",223
"2018-08-31 22:45:46",223
"2018-08-31 23:45:45",223
"2018-09-01 00:45:47",223
"2018-09-01 01:45:47",223
"2018-09-01 02:45:47",223
"2018-09-01 03:45:46",223
"2018-09-01 04:45:48",223
"2018-09-01 05:45:47",223
"2018-09-01 06:45:47",223
"2018-09-01 07:45:47",223
"2018-09-01 08:45:46",223
"2018-09-01 09:45:45",223
"2018-09-01 10:45:46",223
"2018-09-01 11:45:46",223
"2018-09-01 12:45:47",223
"2018-09-01 13:45:47",223
"2018-09-01 14:45:50",223
"2018-09-01 15:45:46",223
"2018-09-01 16:45:46",223
"2018-09-01 17:45:45",223
"2018-09-01 18:45:47",223
"2018-09-01 19:45:46",223
"2018-09-01 20:45:45",223
"2018-09-01 21:45:46",223
"2018-09-01 22:46:24",223
"2018-09-01 23:45:46",223
"2018-09-02 00:45:47",223
"2018-09-02 01:45:47",223
"2018-09-02 02:45:46",223
"2018-09-02 03:45:48",223
"2018-09-02 04:45:47",223
"2018-09-02 05:45:46",223
"2018-09-02 06:45:46",223
"2018-09-02 07:45:45",223
"2018-09-02 08:45:46",223
"2018-09-02 09:45:45",223
"2018-09-02 10:45:45",223
"2018-09-02 11:45:46",223
"2018-09-02 12:45:46",223
"2018-09-02 13:45:47",223
"2018-09-02 14:45:48",223
"2018-09-02 15:45:47",223
"2018-09-02 16:45:47",223
"2018-09-02 17:45:47",223
"2018-09-02 18:45:45",223
"2018-09-02 19:45:46",223
"2018-09-02 20:45:45",223
"2018-09-02 21:45:46",223
"2018-09-02 22:45:47",223
"2018-09-02 23:45:47",223
"2018-09-03 00:45:46",223
"2018-09-03 01:45:48",223
"2018-09-03 02:45:48",223
"2018-09-03 03:45:46",223
"2018-09-03 04:45:46",223
"2018-09-03 05:45:46",223
"2018-09-03 06:45:45",223
"2018-09-03 07:45:46",223
"2018-09-03 08:45:49",223
"2018-09-03 09:45:46",223
"2018-09-03 10:45:45",223
"2018-09-03 11:45:47",223
"2018-09-03 12:45:45",223
"2018-09-03 13:45:47",223
"2018-09-03 14:45:45",223
"2018-09-03 15:45:44",223
"2018-09-03 16:45:46",223
"2018-09-03 17:45:45",223
"2018-09-03 18:45:47",223
"2018-09-03 19:45:44",223
"2018-09-03 20:45:47",223
"2018-09-03 21:45:45",223
"2018-09-03 22:45:46",223
"2018-09-03 23:45:44",223
"2018-09-04 00:45:46",223
"2018-09-04 01:45:46",223
"2018-09-04 02:45:47",223
"2018-09-04 03:45:47",223
"2018-09-04 04:45:46",223
"2018-09-04 05:45:46",223
"2018-09-04 06:45:46",223
"2018-09-04 07:45:47",223
"2018-09-04 08:45:47",223
"2018-09-04 09:45:45",223
"2018-09-04 10:45:47",223
"2018-09-04 11:45:44",223
"2018-09-04 12:45:46",223
"2018-09-04 13:45:56",223
"2018-09-04 14:45:48",224
"2018-09-04 15:45:48",223
"2018-09-04 16:45:51",224
"2018-09-04 17:45:48",224
"2018-09-04 18:45:50",224
"2018-09-04 19:45:52",225
"2018-09-04 20:45:49",225
"2018-09-04 21:45:47",225
"2018-09-04 22:45:48",225
"2018-09-04 23:45:47",225
"2018-09-05 00:45:48",225
"2018-09-05 01:45:47",225
"2018-09-05 02:45:48",225
"2018-09-05 03:45:46",225
"2018-09-05 04:45:47",225
"2018-09-05 05:45:47",225
"2018-09-05 06:45:46",225
"2018-09-05 07:45:48",225
"2018-09-05 08:45:47",225
"2018-09-05 09:45:47",225
"2018-09-05 10:45:45",225
"2018-09-05 11:45:49",225
"2018-09-05 12:45:46",225
"2018-09-05 13:46:01",225
"2018-09-05 14:45:55",225
"2018-09-05 15:45:49",225
"2018-09-05 16:45:49",226
"2018-09-05 17:45:50",226
"2018-09-05 18:45:51",226
"2018-09-05 19:45:49",227
"2018-09-05 20:45:47",227
"2018-09-05 21:45:46",227
"2018-09-05 22:45:46",227
"2018-09-05 23:45:47",227
"2018-09-06 00:45:47",227
"2018-09-06 01:45:46",227
"2018-09-06 02:45:47",227
"2018-09-06 03:45:47",227
"2018-09-06 04:45:47",227
"2018-09-06 05:45:48",227
"2018-09-06 06:45:46",227
"2018-09-06 07:45:45",227
"2018-09-06 08:45:46",227
"2018-09-06 09:45:45",227
"2018-09-06 10:45:45",227
"2018-09-06 11:45:47",227
"2018-09-06 13:10:51",227
"2018-09-06 13:45:56",227
"2018-09-06 14:45:49",226
"2018-09-06 15:45:49",226
"2018-09-06 16:45:49",225
"2018-09-06 17:45:47",225
"2018-09-06 18:45:48",225
"2018-09-06 19:45:48",225
"2018-09-06 20:45:46",226
"2018-09-06 21:45:45",227
"2018-09-06 22:45:46",227
"2018-09-06 23:45:48",227
"2018-09-07 00:45:47",227
"2018-09-07 01:45:48",227
"2018-09-07 02:45:48",227
"2018-09-07 03:45:47",227
"2018-09-07 04:45:48",227
"2018-09-07 05:45:52",227
"2018-09-07 06:45:53",227
"2018-09-07 08:45:52",227
"2018-09-07 09:45:51",227
"2018-09-07 10:45:51",227
"2018-09-07 11:45:48",227
"2018-09-07 12:45:47",227
"2018-09-07 13:45:58",228
"2018-09-07 14:45:47",228
"2018-09-07 15:45:50",226
"2018-09-07 16:45:50",228
"2018-09-07 17:45:49",228
"2018-09-07 18:45:55",227
"2018-09-07 19:45:48",228
"2018-09-07 20:45:47",229
"2018-09-07 21:45:46",229
"2018-09-07 22:45:46",229
"2018-09-07 23:45:46",229
"2018-09-08 00:45:47",229
"2018-09-08 01:45:47",229
"2018-09-08 02:45:48",229
"2018-09-08 03:45:48",229
"2018-09-08 04:45:47",229
"2018-09-08 05:45:47",229
"2018-09-08 06:45:47",229
"2018-09-08 07:45:46",229
"2018-09-08 08:45:46",229
"2018-09-08 09:45:45",229
"2018-09-08 10:45:45",229
"2018-09-08 11:45:47",229
"2018-09-08 12:45:47",229
"2018-09-08 13:45:48",229
"2018-09-08 14:45:46",229
"2018-09-08 15:45:48",229
"2018-09-08 16:45:47",229
"2018-09-08 17:45:47",229
"2018-09-08 18:45:47",229
"2018-09-08 19:45:48",229
"2018-09-08 20:45:47",229
"2018-09-08 21:45:47",229
"2018-09-08 22:45:47",229
"2018-09-08 23:45:49",229
"2018-09-09 00:45:46",229
"2018-09-09 01:45:49",229
"2018-09-09 02:45:48",229
"2018-09-09 03:45:47",229
"2018-09-09 04:45:47",229
"2018-09-09 05:45:46",229
"2018-09-09 06:45:46",229
"2018-09-09 07:45:46",229
"2018-09-09 08:45:48",229
"2018-09-09 09:45:47",229
"2018-09-09 10:45:47",229
"2018-09-09 11:45:48",229
"2018-09-09 12:45:47",229
"2018-09-09 13:45:48",229
"2018-09-09 14:45:48",229
"2018-09-09 15:45:47",229
"2018-09-09 16:45:47",229
"2018-09-09 17:45:47",229
"2018-09-09 18:45:48",229
"2018-09-09 19:45:47",229
"2018-09-09 20:45:47",229
"2018-09-09 21:45:47",229
"2018-09-09 22:45:46",229
"2018-09-09 23:45:47",229
"2018-09-10 00:45:48",229
"2018-09-10 01:45:49",229
"2018-09-10 02:45:50",229
"2018-09-10 03:45:48",229
"2018-09-10 04:45:48",229
"2018-09-10 05:45:46",229
"2018-09-10 06:45:46",229
"2018-09-10 07:45:45",229
"2018-09-10 08:45:46",229
"2018-09-10 09:45:47",229
"2018-09-10 10:45:47",229
"2018-09-10 11:45:46",229
"2018-09-10 12:45:46",229
"2018-09-10 13:45:55",229
"2018-09-10 14:45:49",229
"2018-09-10 15:45:50",230
"2018-09-10 16:45:51",230
"2018-09-10 17:45:48",231
"2018-09-10 18:45:51",231
"2018-09-10 19:45:48",231
"2018-09-10 20:45:47",231
"2018-09-10 21:45:45",231
"2018-09-10 22:45:47",231
"2018-09-10 23:45:47",231
"2018-09-11 00:45:48",231
"2018-09-11 01:45:48",231
"2018-09-11 02:45:49",231
"2018-09-11 03:45:48",231
"2018-09-11 04:45:47",231
"2018-09-11 05:45:49",231
"2018-09-11 06:45:47",231
"2018-09-11 07:45:47",231
"2018-09-11 08:45:47",231
"2018-09-11 09:45:46",231
"2018-09-11 10:45:46",231
"2018-09-11 11:45:44",231
"2018-09-11 12:45:47",231
"2018-09-11 13:45:55",231
"2018-09-11 14:45:49",231
"2018-09-11 15:45:49",231
"2018-09-11 16:45:48",232
"2018-09-11 17:45:48",232
"2018-09-11 18:45:50",232
"2018-09-11 19:45:50",232
"2018-09-11 20:45:46",232
"2018-09-11 21:45:46",232
"2018-09-11 22:45:45",232
"2018-09-11 23:45:47",232
"2018-09-12 00:45:48",232
"2018-09-12 01:45:50",232
"2018-09-12 20:45:52",235
"2018-09-12 21:45:47",235
"2018-09-12 22:45:46",235
"2018-09-12 23:45:46",235
"2018-09-13 00:45:47",235
"2018-09-13 01:45:48",235
"2018-09-13 02:45:52",235
"2018-09-13 03:45:47",235
"2018-09-13 04:45:47",235
"2018-09-13 05:45:48",235
"2018-09-13 06:45:59",235
"2018-09-13 07:45:47",235
"2018-09-13 08:45:47",235
"2018-09-13 09:45:46",235
"2018-09-13 10:45:46",235
"2018-09-13 11:45:46",235
"2018-09-13 12:45:47",235
"2018-09-13 14:45:50",236
"2018-09-13 15:45:50",236
"2018-09-13 16:45:54",237
"2018-09-13 17:45:48",237
"2018-09-13 18:45:49",237
"2018-09-13 19:45:48",237
"2018-09-13 20:45:47",238
"2018-09-13 21:45:47",238
"2018-09-13 22:45:47",238
"2018-09-13 23:45:47",238
"2018-09-14 00:45:48",238
"2018-09-14 01:45:48",238
"2018-09-14 02:45:48",238
"2018-09-14 03:45:48",238
"2018-09-14 04:45:48",238
"2018-09-14 05:45:47",238
"2018-09-14 06:45:46",238
"2018-09-14 07:45:58",238
"2018-09-14 08:45:50",238
"2018-09-14 09:45:49",238
"2018-09-14 10:45:48",238
"2018-09-14 11:45:46",238
"2018-09-14 12:45:52",238
"2018-09-14 13:45:58",238
"2018-09-14 14:45:54",239
"2018-09-14 15:45:55",239
"2018-09-14 16:45:50",239
"2018-09-14 17:45:51",240
"2018-09-14 18:45:49",240
"2018-09-14 19:45:48",239
"2018-09-14 20:45:46",239
"2018-09-14 21:45:46",239
"2018-09-14 22:45:47",239
"2018-09-14 23:45:47",239
"2018-09-15 00:45:48",239
"2018-09-15 01:45:48",239
"2018-09-15 02:45:48",239
"2018-09-15 03:45:47",239
"2018-09-15 04:45:46",239
"2018-09-15 05:45:46",239
"2018-09-15 06:45:45",239
"2018-09-15 07:45:47",239
"2018-09-15 08:45:45",239
"2018-09-15 09:45:47",239
"2018-09-15 10:45:46",239
"2018-09-15 11:45:46",239
"2018-09-15 12:45:49",239
"2018-09-15 13:45:47",239
"2018-09-15 14:45:46",239
"2018-09-15 15:45:47",239
"2018-09-15 16:45:46",239
"2018-09-15 17:45:46",239
"2018-09-15 18:45:46",239
"2018-09-15 19:45:47",239
"2018-09-15 20:45:47",239
"2018-09-15 21:45:46",239
"2018-09-15 22:45:46",239
"2018-09-15 23:45:45",239
"2018-09-16 00:45:46",239
"2018-09-16 01:45:48",239
"2018-09-16 02:45:48",239
"2018-09-16 03:45:46",239
"2018-09-16 04:45:48",239
"2018-09-16 05:45:46",239
"2018-09-16 06:45:47",239
"2018-09-16 07:45:46",239
"2018-09-16 08:45:47",239
"2018-09-16 09:45:46",239
"2018-09-16 10:45:45",239
"2018-09-16 11:45:46",239
"2018-09-16 12:45:47",239
"2018-09-16 13:45:46",239
"2018-09-16 14:45:46",239
"2018-09-16 15:45:47",239
"2018-09-16 16:45:48",239
"2018-09-16 17:45:46",239
"2018-09-16 18:45:47",239
"2018-09-16 19:45:46",239
"2018-09-16 20:45:47",239
"2018-09-16 21:45:46",239
"2018-09-16 22:45:47",239
"2018-09-16 23:45:47",239
"2018-09-17 00:45:48",239
"2018-09-17 01:45:47",239
"2018-09-17 02:45:47",239
"2018-09-17 03:45:47",239
"2018-09-17 04:45:47",239
"2018-09-17 05:45:46",239
"2018-09-17 06:45:46",239
"2018-09-17 07:45:47",239
"2018-09-17 08:45:47",239
"2018-09-17 09:45:46",239
"2018-09-17 10:45:47",239
"2018-09-17 11:45:47",239
"2018-09-17 12:45:45",239
"2018-09-17 13:45:56",239
"2018-09-17 14:45:49",238
"2018-09-17 15:45:54",237
"2018-09-17 16:45:50",238
"2018-09-17 17:45:47",238
"2018-09-17 18:45:47",238
"2018-09-17 19:45:49",238
"2018-09-17 20:45:47",238
"2018-09-17 21:45:47",238
"2018-09-17 22:45:46",238
"2018-09-17 23:45:46",238
"2018-09-18 00:45:47",238
"2018-09-18 01:45:47",238
"2018-09-18 02:45:47",238
"2018-09-18 03:45:47",238
"2018-09-18 04:45:49",238
"2018-09-18 05:45:47",238
"2018-09-18 06:45:47",238
"2018-09-18 07:45:46",238
"2018-09-18 08:45:47",238
"2018-09-18 09:45:46",238
"2018-09-18 10:45:46",238
"2018-09-18 11:45:45",238
"2018-09-18 12:45:47",238
"2018-09-18 13:45:53",238
"2018-09-18 14:45:52",238
"2018-09-18 15:45:48",238
"2018-09-18 16:45:49",237
"2018-09-18 17:45:50",237
"2018-09-18 18:45:54",237
"2018-09-18 19:45:53",237
"2018-09-18 20:45:47",237
"2018-09-18 21:45:46",237
"2018-09-18 22:45:46",237
"2018-09-18 23:45:47",237
"2018-09-19 00:45:49",237
"2018-09-19 01:45:48",237
"2018-09-19 02:45:49",237
"2018-09-19 03:45:48",237
"2018-09-19 04:45:47",237
"2018-09-19 05:45:47",237
"2018-09-19 06:45:48",237
"2018-09-19 07:45:47",237
"2018-09-19 08:45:46",237
"2018-09-19 09:45:47",237
"2018-09-19 10:45:46",237
"2018-09-19 11:45:46",237
"2018-09-19 12:45:47",237
"2018-09-19 13:47:10",237
"2018-09-19 14:45:56",239
"2018-09-19 15:45:55",239
"2018-09-19 16:45:49",239
"2018-09-19 17:45:50",239
"2018-09-19 18:45:48",239
"2018-09-19 19:46:01",239
"2018-09-19 20:45:47",239
"2018-09-19 21:45:48",239
"2018-09-19 22:45:47",239
"2018-09-19 23:45:48",239
"2018-09-20 00:45:48",239
"2018-09-20 01:45:54",239
"2018-09-20 02:45:51",239
"2018-09-20 03:45:53",239
"2018-09-20 04:45:49",239
"2018-09-20 05:45:49",239
"2018-09-20 06:45:49",239
"2018-09-20 07:45:46",239
"2018-09-20 08:45:53",239
"2018-09-20 09:46:33",239
"2018-09-20 10:45:47",239
"2018-09-20 11:45:47",239
"2018-09-20 13:11:55",239
"2018-09-20 14:45:59",239
"2018-09-20 15:45:52",239
"2018-09-20 16:45:50",239
"2018-09-20 17:45:50",240
"2018-09-20 18:45:50",240
"2018-09-20 19:45:51",240
"2018-09-20 20:45:50",241
"2018-09-20 21:45:48",241
"2018-09-20 22:45:47",241
"2018-09-20 23:45:48",241
"2018-09-21 00:45:50",241
"2018-09-21 01:45:49",241
"2018-09-21 02:45:49",241
"2018-09-21 03:45:48",241
"2018-09-21 04:45:51",241
"2018-09-21 06:45:48",241
"2018-09-21 07:46:19",241
"2018-09-21 08:45:48",241
"2018-09-21 09:45:49",241
"2018-09-21 10:45:47",241
"2018-09-21 11:45:49",241
"2018-09-21 13:13:23",241
"2018-09-21 13:45:59",241
"2018-09-21 14:45:50",240
"2018-09-21 15:45:51",241
"2018-09-21 16:45:51",240
"2018-09-21 17:45:51",240
"2018-09-21 18:46:20",241
"2018-09-21 19:45:51",241
"2018-09-21 20:45:48",241
"2018-09-21 21:45:48",241
"2018-09-21 22:45:46",241
"2018-09-21 23:45:48",241
"2018-09-22 00:45:48",241
"2018-09-22 01:45:48",241
"2018-09-22 02:45:47",241
"2018-09-22 03:45:48",241
"2018-09-22 04:45:49",241
"2018-09-22 05:45:48",241
"2018-09-22 06:45:48",241
"2018-09-22 07:45:48",241
"2018-09-22 08:45:46",241
"2018-09-22 09:45:47",241
"2018-09-22 10:45:48",241
"2018-09-22 11:45:48",241
"2018-09-22 12:45:47",241
"2018-09-22 13:45:49",241
"2018-09-22 14:45:50",241
"2018-09-22 15:45:49",241
"2018-09-22 16:45:49",241
"2018-09-22 17:45:49",241
"2018-09-22 18:45:48",241
"2018-09-22 19:45:49",241
"2018-09-22 20:45:48",241
"2018-09-22 21:45:47",241
"2018-09-22 22:45:48",241
"2018-09-22 23:45:48",241
"2018-09-23 00:46:19",241
"2018-09-23 01:45:48",241
"2018-09-23 02:45:48",241
"2018-09-23 03:45:50",241
"2018-09-23 04:45:50",241
"2018-09-23 05:45:48",241
"2018-09-23 06:45:47",241
"2018-09-23 07:45:49",241
"2018-09-23 08:45:47",241
"2018-09-23 09:45:48",241
"2018-09-23 10:45:47",241
"2018-09-23 11:45:49",241
"2018-09-23 12:45:47",241
"2018-09-23 13:45:48",241
"2018-09-23 14:45:49",241
"2018-09-23 15:45:48",241
"2018-09-23 16:45:49",241
"2018-09-23 17:45:47",241
"2018-09-23 18:45:48",241
"2018-09-23 19:45:48",241
"2018-09-23 20:45:47",241
"2018-09-23 21:45:50",241
"2018-09-23 22:45:48",241
"2018-09-23 23:45:49",241
"2018-09-24 00:45:48",241
"2018-09-24 01:45:50",241
"2018-09-24 02:45:49",241
"2018-09-24 03:45:48",241
"2018-09-24 04:45:51",241
"2018-09-24 05:45:48",241
"2018-09-24 06:45:47",241
"2018-09-24 07:45:48",241
"2018-09-24 08:45:48",241
"2018-09-24 09:45:47",241
"2018-09-24 10:45:47",241
"2018-09-24 11:45:49",241
"2018-09-24 12:45:48",241
"2018-09-24 13:45:59",242
"2018-09-24 14:45:51",243
"2018-09-24 15:45:49",242
"2018-09-24 16:45:49",241
"2018-09-24 17:45:49",240
"2018-09-24 18:45:50",239
"2018-09-24 19:45:51",240
"2018-09-24 20:45:49",240
"2018-09-24 21:45:48",240
"2018-09-24 22:45:48",240
"2018-09-24 23:45:49",240
"2018-09-25 00:45:49",240
"2018-09-25 01:45:47",240
"2018-09-25 02:45:47",240
"2018-09-25 03:45:48",240
"2018-09-25 04:45:51",240
"2018-09-25 05:45:48",240
"2018-09-25 06:45:49",240
"2018-09-25 07:45:49",240
"2018-09-25 08:45:48",240
"2018-09-25 09:45:47",240
"2018-09-25 10:45:47",240
"2018-09-25 11:45:49",240
"2018-09-25 12:45:49",240
"2018-09-25 13:45:56",240
"2018-09-25 14:45:53",240
"2018-09-25 15:45:50",241
"2018-09-25 16:45:51",240
"2018-09-25 17:45:49",241
"2018-09-25 18:45:52",241
"2018-09-25 19:45:50",241
"2018-09-25 20:45:49",240
"2018-09-25 21:45:49",240
"2018-09-25 22:45:49",240
"2018-09-25 23:45:49",240
"2018-09-26 00:45:52",240
"2018-09-26 01:45:55",240
"2018-09-26 02:45:53",240
"2018-09-26 03:45:53",240
"2018-09-26 04:45:50",240
"2018-09-26 05:45:50",240
"2018-09-26 06:45:49",240
"2018-09-26 07:45:49",240
"2018-09-26 08:45:50",240
"2018-09-26 09:45:49",240
"2018-09-26 10:45:47",240
"2018-09-26 11:45:48",240
"2018-09-26 13:12:25",240
"2018-09-26 13:45:59",240
"2018-09-26 14:45:51",240
"2018-09-26 15:45:51",239
"2018-09-26 16:45:53",239
"2018-09-26 17:45:50",239
"2018-09-26 18:45:52",239
"2018-09-26 19:45:50",239
"2018-09-26 20:45:49",238
"2018-09-26 21:45:49",238
"2018-09-26 22:45:48",238
"2018-09-26 23:45:50",238
"2018-09-27 00:45:51",238
"2018-09-27 01:45:49",238
"2018-09-27 02:45:51",238
"2018-09-27 03:45:49",238
"2018-09-27 04:45:49",238
"2018-09-27 05:45:49",238
"2018-09-27 06:45:49",238
"2018-09-27 07:45:48",238
"2018-09-27 08:45:48",238
"2018-09-27 09:45:50",238
"2018-09-27 10:45:48",239
"2018-09-27 11:45:48",239
"2018-09-27 12:45:49",239
"2018-09-27 13:45:55",239
"2018-09-27 14:45:51",239
"2018-09-27 15:45:51",239
"2018-09-27 17:11:34",240
"2018-09-27 17:45:52",240
"2018-09-27 18:45:56",240
"2018-09-27 19:45:54",240
"2018-09-27 20:45:52",240
"2018-09-27 21:45:50",240
"2018-09-27 22:45:49",240
"2018-09-27 23:45:51",240
"2018-09-28 00:45:53",240
"2018-09-28 01:45:50",240
"2018-09-28 02:45:49",240
"2018-09-28 03:45:51",240
"2018-09-28 04:45:49",240
"2018-09-28 05:45:49",240
"2018-09-28 06:45:51",240
"2018-09-28 07:45:51",240
"2018-09-28 08:45:49",240
"2018-09-28 09:45:52",240
"2018-09-28 10:45:51",240
"2018-09-28 11:45:50",240
"2018-09-28 12:45:50",240
"2018-09-28 13:45:57",240
"2018-09-28 14:45:53",241
"2018-09-28 15:45:58",241
"2018-09-28 16:45:55",242
"2018-09-28 17:45:55",242
"2018-09-28 18:45:55",242
"2018-09-28 19:45:55",242
"2018-09-28 20:45:52",242
"2018-09-28 21:45:51",242
"2018-09-28 22:45:51",242
"2018-09-28 23:45:48",242
"2018-09-29 00:45:49",242
"2018-09-29 01:45:56",242
"2018-09-29 02:45:57",242
"2018-09-29 03:45:51",242
"2018-09-29 04:45:49",242
"2018-09-29 05:45:49",242
"2018-09-29 06:45:48",242
"2018-09-29 07:45:50",242
"2018-09-29 08:45:50",242
"2018-09-29 09:45:49",242
"2018-09-29 10:45:50",242
"2018-09-29 11:45:51",242
"2018-09-29 12:45:50",242
"2018-09-29 13:45:51",242
"2018-09-29 14:45:51",242
"2018-09-29 15:45:52",242
"2018-09-29 16:45:49",242
"2018-09-29 17:45:50",242
"2018-09-29 18:45:51",242
"2018-09-29 19:45:50",242
"2018-09-29 20:45:51",242
"2018-09-29 21:45:51",242
"2018-09-29 22:45:49",242
"2018-09-29 23:45:49",242
"2018-09-30 00:45:50",242
"2018-09-30 01:45:50",242
"2018-09-30 02:45:47",242
"2018-09-30 03:45:50",242
"2018-09-30 04:45:49",242
"2018-09-30 05:45:47",242
"2018-09-30 06:45:48",242
"2018-09-30 07:45:47",242
"2018-09-30 08:45:48",242
"2018-09-30 09:45:47",242
"2018-09-30 10:45:48",242
"2018-09-30 11:45:48",242
"2018-09-30 12:45:49",242
"2018-09-30 13:45:49",242
"2018-09-30 14:45:47",242
"2018-09-30 15:45:48",242
"2018-09-30 16:45:49",242
"2018-09-30 17:45:47",242
"2018-09-30 18:45:48",242
"2018-09-30 19:45:49",242
"2018-09-30 20:45:48",242
"2018-09-30 21:45:47",242
"2018-09-30 22:45:50",242
"2018-09-30 23:45:51",242
"2018-10-01 00:45:52",242
"2018-10-01 01:45:50",242
"2018-10-01 02:45:52",242
"2018-10-01 03:45:51",242
"2018-10-01 04:45:51",242
"2018-10-01 05:45:51",242
"2018-10-01 06:45:50",242
"2018-10-01 07:45:50",242
"2018-10-01 08:45:51",242
"2018-10-01 09:45:48",242
"2018-10-01 10:45:48",242
"2018-10-01 11:45:49",242
"2018-10-01 12:45:49",242
"2018-10-01 14:11:08",242
"2018-10-01 14:45:54",242
"2018-10-01 15:45:50",243
"2018-10-01 16:45:51",243
"2018-10-01 17:45:56",243
"2018-10-01 18:45:50",243
"2018-10-01 19:45:54",243
"2018-10-01 20:45:49",243
"2018-10-01 21:45:49",243
"2018-10-01 22:45:48",243
"2018-10-01 23:45:52",243
"2018-10-02 00:45:55",243
"2018-10-02 01:45:51",243
"2018-10-02 02:45:50",243
"2018-10-02 03:45:50",243
"2018-10-02 04:45:51",243
"2018-10-02 05:45:48",243
"2018-10-02 06:45:49",243
"2018-10-02 07:45:50",243
"2018-10-02 08:45:48",243
"2018-10-02 09:45:49",243
"2018-10-02 10:45:48",243
"2018-10-02 11:45:50",243
"2018-10-02 12:45:49",243
"2018-10-02 13:45:56",243
"2018-10-02 14:46:23",244
"2018-10-02 15:45:53",244
"2018-10-02 16:45:52",244
"2018-10-02 17:45:51",244
"2018-10-02 18:45:51",244
"2018-10-02 19:45:51",244
"2018-10-02 20:45:50",244
"2018-10-02 21:45:50",245
"2018-10-02 22:45:48",245
"2018-10-02 23:45:50",245
"2018-10-03 00:45:49",245
"2018-10-03 01:45:48",245
"2018-10-03 02:46:21",245
"2018-10-03 03:45:51",245
"2018-10-03 04:45:54",245
"2018-10-03 05:45:52",245
"2018-10-03 06:45:49",245
"2018-10-03 07:45:52",245
"2018-10-03 08:45:51",245
"2018-10-03 09:45:52",245
"2018-10-03 10:45:51",245
"2018-10-03 11:45:52",245
"2018-10-03 12:45:51",245
"2018-10-03 13:47:07",245
"2018-10-03 15:11:01",245
"2018-10-03 15:45:53",245
"2018-10-03 16:45:55",245
"2018-10-03 17:45:54",246
"2018-10-03 18:45:53",246
"2018-10-03 19:45:51",246
"2018-10-03 20:45:49",246
"2018-10-03 21:45:50",246
"2018-10-03 22:45:50",246
"2018-10-03 23:45:49",246
"2018-10-04 00:47:10",246
"2018-10-04 01:45:51",246
"2018-10-04 02:45:49",246
"2018-10-04 03:45:47",246
"2018-10-04 04:45:48",246
"2018-10-04 05:45:49",246
"2018-10-04 06:45:47",246
"2018-10-04 07:45:48",246
"2018-10-04 08:45:47",246
"2018-10-04 09:45:47",246
"2018-10-04 10:45:48",246
"2018-10-04 11:45:47",246
"2018-10-04 12:45:49",246
"2018-10-04 14:12:02",246
"2018-10-04 14:45:52",246
"2018-10-04 15:45:51",245
"2018-10-04 16:45:54",246
"2018-10-04 17:45:54",245
"2018-10-04 18:45:52",245
"2018-10-04 19:45:54",245
"2018-10-04 20:45:50",245
"2018-10-04 21:45:51",245
"2018-10-04 22:45:50",245
"2018-10-04 23:45:49",245
"2018-10-05 00:45:50",245
"2018-10-05 01:45:51",245
"2018-10-05 02:45:50",245
"2018-10-05 03:45:51",245
"2018-10-05 04:45:51",245
"2018-10-05 05:45:52",245
"2018-10-05 06:45:50",245
"2018-10-05 07:45:50",245
"2018-10-05 08:45:49",245
"2018-10-05 09:45:50",245
"2018-10-05 10:45:50",245
"2018-10-05 11:45:50",245
"2018-10-05 12:45:50",245
"2018-10-05 13:45:59",245
"2018-10-05 14:45:52",245
"2018-10-05 15:45:54",245
"2018-10-05 16:45:57",243
"2018-10-05 17:45:57",242
"2018-10-05 18:45:55",241
"2018-10-05 19:45:52",241
"2018-10-05 20:45:50",240
"2018-10-05 21:45:49",240
"2018-10-05 22:45:50",240
"2018-10-05 23:45:49",240
"2018-10-06 00:45:51",240
"2018-10-06 01:45:51",240
"2018-10-06 02:45:52",240
"2018-10-06 03:45:51",240
"2018-10-06 04:45:51",240
"2018-10-06 05:45:50",240
"2018-10-06 06:45:52",240
"2018-10-06 07:45:51",240
"2018-10-06 08:45:49",240
"2018-10-06 09:45:50",240
"2018-10-06 10:45:51",240
"2018-10-06 11:45:49",240
"2018-10-06 12:45:50",240
"2018-10-06 13:45:50",240
"2018-10-06 14:45:51",240
"2018-10-06 15:45:51",240
"2018-10-06 16:45:51",240
"2018-10-06 17:45:50",240
"2018-10-06 18:45:50",240
"2018-10-06 19:45:52",240
"2018-10-06 20:45:50",240
"2018-10-06 21:46:21",240
"2018-10-06 22:45:50",240
"2018-10-06 23:45:50",240
"2018-10-07 00:45:49",240
"2018-10-07 01:45:50",240
"2018-10-07 02:45:51",240
"2018-10-07 03:45:51",240
"2018-10-07 04:45:50",240
"2018-10-07 05:45:51",240
"2018-10-07 06:45:51",240
"2018-10-07 07:45:52",240
"2018-10-07 08:45:49",240
"2018-10-07 09:45:49",240
"2018-10-07 10:45:50",240
"2018-10-07 11:45:49",240
"2018-10-07 12:45:50",240
"2018-10-07 13:45:51",240
"2018-10-07 14:45:52",240
"2018-10-07 15:45:51",240
"2018-10-07 16:45:51",240
"2018-10-07 17:45:51",240
"2018-10-07 18:45:51",240
"2018-10-07 19:45:51",240
"2018-10-07 20:45:51",240
"2018-10-07 21:45:51",240
"2018-10-07 22:45:51",240
"2018-10-07 23:45:51",240
"2018-10-08 00:45:49",240
"2018-10-08 01:45:49",240
"2018-10-08 02:45:52",240
"2018-10-08 03:45:49",240
"2018-10-08 04:45:49",240
"2018-10-08 05:45:49",240
"2018-10-08 06:45:51",240
"2018-10-08 07:45:49",240
"2018-10-08 08:45:48",240
"2018-10-08 09:45:49",240
"2018-10-08 10:45:49",240
"2018-10-08 11:45:49",240
"2018-10-08 12:45:49",240
"2018-10-08 13:46:04",240
"2018-10-08 14:45:56",241
"2018-10-08 15:46:24",241
"2018-10-08 16:45:55",240
"2018-10-08 17:45:53",240
"2018-10-08 18:45:53",240
"2018-10-08 19:45:53",240
"2018-10-08 20:45:49",240
"2018-10-08 21:45:50",240
"2018-10-08 22:45:48",240
"2018-10-08 23:45:52",240
"2018-10-09 00:45:49",240
"2018-10-09 01:46:20",240
"2018-10-09 02:45:49",240
"2018-10-09 03:45:54",240
"2018-10-09 04:45:48",240
"2018-10-09 05:45:49",240
"2018-10-09 06:45:48",240
"2018-10-09 07:45:48",240
"2018-10-09 08:45:47",240
"2018-10-09 09:45:47",240
"2018-10-09 10:45:48",240
"2018-10-09 11:45:49",240
"2018-10-09 12:45:49",240
"2018-10-09 13:45:59",240
"2018-10-09 14:45:55",240
"2018-10-09 15:45:53",240
"2018-10-09 16:45:49",240
"2018-10-09 17:45:50",240
"2018-10-09 18:45:50",240
"2018-10-09 19:45:48",240
"2018-10-09 21:45:47",240
"2018-10-09 22:45:50",240
"2018-10-09 23:45:48",240
"2018-10-10 00:45:48",240
"2018-10-10 01:45:49",240
"2018-10-10 02:45:50",240
"2018-10-10 03:45:58",240
"2018-10-10 04:45:50",240
"2018-10-10 05:45:49",240
"2018-10-10 06:45:48",240
"2018-10-10 07:45:49",240
"2018-10-10 08:45:50",240
"2018-10-10 09:45:49",240
"2018-10-10 10:45:49",240
"2018-10-10 11:45:48",240
"2018-10-10 12:45:48",240
"2018-10-10 13:45:57",240
"2018-10-10 14:45:54",239
"2018-10-10 15:45:55",239
"2018-10-10 16:45:50",240
"2018-10-10 17:45:50",239
"2018-10-10 18:45:57",239
"2018-10-10 19:45:58",239
"2018-10-10 20:45:52",240
"2018-10-10 21:45:49",240
"2018-10-10 22:45:50",240
"2018-10-10 23:45:50",240
"2018-10-11 00:45:52",240
"2018-10-11 01:45:50",240
"2018-10-11 02:45:48",240
"2018-10-11 03:45:48",240
"2018-10-11 04:45:47",240
"2018-10-11 05:45:47",240
"2018-10-11 06:45:48",240
"2018-10-11 07:45:47",240
"2018-10-11 08:45:49",240
"2018-10-11 09:45:49",240
"2018-10-11 10:45:51",240
"2018-10-11 11:45:48",240
"2018-10-11 12:45:48",240
"2018-10-11 13:45:58",240
"2018-10-11 14:45:49",239
"2018-10-11 15:45:52",238
"2018-10-11 16:45:54",238
"2018-10-11 17:45:51",238
"2018-10-11 18:45:56",238
"2018-10-11 19:45:52",239
"2018-10-11 20:45:50",241
"2018-10-11 21:45:50",241
"2018-10-11 22:45:48",241
"2018-10-11 23:45:51",241
"2018-10-12 00:45:48",241
"2018-10-12 01:45:48",241
"2018-10-12 02:45:51",241
"2018-10-12 03:45:48",241
"2018-10-12 04:45:49",241
"2018-10-12 05:45:47",241
"2018-10-12 06:45:47",241
"2018-10-12 07:45:48",241
"2018-10-12 08:45:48",241
"2018-10-12 09:45:49",241
"2018-10-12 10:45:48",241
"2018-10-12 11:45:49",241
"2018-10-12 12:45:50",241
"2018-10-12 13:45:59",241
"2018-10-12 14:45:51",240
"2018-10-12 15:45:53",241
"2018-10-12 16:45:54",242
"2018-10-12 17:45:50",244
"2018-10-12 18:45:48",244
"2018-10-12 19:45:51",244
"2018-10-12 20:45:48",244
"2018-10-12 21:45:49",244
"2018-10-12 22:45:48",245
"2018-10-12 23:45:48",245
"2018-10-13 00:45:49",245
"2018-10-13 01:45:50",245
"2018-10-13 02:45:50",245
"2018-10-13 03:45:50",245
"2018-10-13 04:45:50",245
"2018-10-13 05:45:48",245
"2018-10-13 06:45:48",245
"2018-10-13 07:45:50",245
"2018-10-13 08:45:51",245
"2018-10-13 09:45:49",245
"2018-10-13 10:45:49",245
"2018-10-13 11:45:47",245
"2018-10-13 12:45:49",245
"2018-10-13 13:45:48",245
"2018-10-13 14:45:49",245
"2018-10-13 15:45:49",245
"2018-10-13 16:45:48",245
"2018-10-13 17:45:49",245
"2018-10-13 18:45:49",245
"2018-10-13 19:45:49",245
"2018-10-13 20:45:50",245
"2018-10-13 21:45:49",245
"2018-10-13 22:45:52",245
"2018-10-13 23:45:49",245
"2018-10-14 00:45:52",245
"2018-10-14 01:45:49",245
"2018-10-14 02:45:49",245
"2018-10-14 03:45:49",245
"2018-10-14 04:45:50",245
"2018-10-14 05:45:48",245
"2018-10-14 06:45:48",245
"2018-10-14 07:45:48",245
"2018-10-14 08:45:47",245
"2018-10-14 09:45:48",245
"2018-10-14 10:45:48",245
"2018-10-14 11:45:49",245
"2018-10-14 12:45:50",245
"2018-10-14 13:45:47",245
"2018-10-14 14:45:48",245
"2018-10-14 15:45:49",245
"2018-10-14 16:45:47",245
"2018-10-14 17:45:48",245
"2018-10-14 18:45:49",245
"2018-10-14 19:45:49",245
"2018-10-14 20:45:48",245
"2018-10-14 21:45:50",245
"2018-10-14 22:45:48",245
"2018-10-14 23:45:48",245
"2018-10-15 00:45:51",245
"2018-10-15 01:45:48",245
"2018-10-15 02:45:48",245
"2018-10-15 03:45:49",245
"2018-10-15 04:45:48",245
"2018-10-15 05:45:49",245
"2018-10-15 06:45:51",245
"2018-10-15 07:45:49",245
"2018-10-15 08:46:01",245
"2018-10-15 09:45:48",245
"2018-10-15 10:45:48",245
"2018-10-15 11:45:47",245
"2018-10-15 12:45:48",245
"2018-10-15 13:45:56",245
"2018-10-15 14:45:52",245
"2018-10-15 15:45:52",245
"2018-10-15 16:45:53",246
"2018-10-15 17:45:53",245
"2018-10-15 18:45:50",245
"2018-10-15 19:45:53",245
"2018-10-15 20:45:53",246
"2018-10-15 21:45:53",246
"2018-10-15 22:45:50",246
"2018-10-15 23:45:51",246
"2018-10-16 00:45:53",246
"2018-10-16 01:45:54",246
"2018-10-16 02:45:51",246
"2018-10-16 03:45:50",246
"2018-10-16 04:45:52",246
"2018-10-16 09:45:48",246
"2018-10-16 10:45:49",246
"2018-10-16 11:45:47",246
"2018-10-16 12:45:49",246
"2018-10-16 13:45:58",246
"2018-10-16 14:45:53",246
"2018-10-16 15:45:56",246
"2018-10-16 16:45:50",246
"2018-10-16 17:45:56",246
"2018-10-16 18:45:55",246
"2018-10-16 19:45:56",246
"2018-10-16 20:45:51",246
"2018-10-16 21:45:50",246
"2018-10-16 22:45:52",246
"2018-10-16 23:45:51",246
"2018-10-17 00:45:51",246
"2018-10-17 01:45:51",246
"2018-10-17 02:45:51",246
"2018-10-17 03:45:51",246
"2018-10-17 04:45:50",246
"2018-10-17 05:45:51",246
"2018-10-17 06:45:50",246
"2018-10-17 07:45:50",246
"2018-10-17 08:45:49",246
"2018-10-17 09:45:50",246
"2018-10-17 10:45:49",246
"2018-10-17 11:45:49",246
"2018-10-17 12:45:50",246
"2018-10-17 14:11:56",246
"2018-10-17 14:45:51",246
"2018-10-17 15:45:55",246
"2018-10-17 16:45:53",246
"2018-10-17 17:45:55",247
"2018-10-17 18:45:54",247
"2018-10-17 19:45:53",248
"2018-10-17 20:45:53",248
"2018-10-17 21:45:51",248
"2018-10-17 22:45:50",248
"2018-10-17 23:45:49",248
"2018-10-18 00:45:52",248
"2018-10-18 01:45:51",248
"2018-10-18 02:45:51",248
"2018-10-18 03:45:52",248
"2018-10-18 04:45:47",248
"2018-10-18 05:45:48",248
"2018-10-18 06:45:47",248
"2018-10-18 07:45:48",248
"2018-10-18 08:45:48",248
"2018-10-18 09:45:47",248
"2018-10-18 10:45:49",248
"2018-10-18 11:45:46",248
"2018-10-18 13:10:51",248
"2018-10-18 13:45:55",248
"2018-10-18 14:45:54",247
"2018-10-18 15:45:56",247
"2018-10-18 16:45:51",246
"2018-10-18 17:45:51",246
"2018-10-18 18:45:50",246
"2018-10-18 19:45:50",246
"2018-10-18 20:45:51",246
"2018-10-18 21:45:51",246
"2018-10-18 22:45:49",246
"2018-10-18 23:45:49",246
"2018-10-19 00:45:51",246
"2018-10-19 01:45:52",246
"2018-10-19 02:45:50",246
"2018-10-19 03:45:51",246
"2018-10-19 04:45:50",246
"2018-10-19 05:45:48",246
"2018-10-19 06:45:50",246
"2018-10-19 07:45:51",246
"2018-10-19 08:45:48",246
"2018-10-19 09:45:49",246
"2018-10-19 10:45:49",246
"2018-10-19 11:45:49",246
"2018-10-19 13:10:25",246
"2018-10-19 13:45:57",246
"2018-10-19 14:45:52",246
"2018-10-19 15:45:53",246
"2018-10-19 16:45:51",247
"2018-10-19 17:45:50",247
"2018-10-19 18:45:51",246
"2018-10-19 19:45:52",246
"2018-10-19 20:45:52",246
"2018-10-19 21:45:49",246
"2018-10-19 22:45:50",246
"2018-10-19 23:46:19",246
"2018-10-20 00:45:50",246
"2018-10-20 01:45:52",246
"2018-10-20 02:45:49",246
"2018-10-20 03:45:48",246
"2018-10-20 04:45:49",246
"2018-10-20 05:45:51",246
"2018-10-20 06:45:50",246
"2018-10-20 07:45:48",246
"2018-10-20 08:45:49",246
"2018-10-20 09:45:49",246
"2018-10-20 10:45:50",246
"2018-10-20 11:45:49",246
"2018-10-20 12:45:49",246
"2018-10-20 13:45:51",246
"2018-10-20 14:45:53",246
"2018-10-20 15:45:51",246
"2018-10-20 16:45:50",246
"2018-10-20 17:45:50",246
"2018-10-20 18:45:50",246
"2018-10-20 19:45:50",246
"2018-10-20 20:45:51",246
"2018-10-20 21:45:52",246
"2018-10-20 22:45:50",246
"2018-10-20 23:45:50",246
"2018-10-21 00:45:50",246
"2018-10-21 01:45:51",246
"2018-10-21 02:45:49",246
"2018-10-21 03:45:51",246
"2018-10-21 04:45:49",246
"2018-10-21 05:45:50",246
"2018-10-21 06:45:49",246
"2018-10-21 07:45:54",246
"2018-10-21 08:45:49",246
"2018-10-21 09:45:49",246
"2018-10-21 10:45:47",246
"2018-10-21 11:45:48",246
"2018-10-21 12:45:48",246
"2018-10-21 13:45:56",246
"2018-10-21 14:45:52",246
"2018-10-21 15:45:51",246
"2018-10-21 16:45:49",246
"2018-10-21 17:45:50",246
"2018-10-21 18:45:51",246
"2018-10-21 19:45:49",246
"2018-10-21 20:45:50",246
"2018-10-21 21:45:49",246
"2018-10-21 22:45:51",246
"2018-10-21 23:45:50",246
"2018-10-22 00:45:54",246
"2018-10-22 01:45:55",246
"2018-10-22 02:45:54",246
"2018-10-22 03:45:54",246
"2018-10-22 04:45:54",246
"2018-10-22 05:45:51",246
"2018-10-22 06:45:51",246
"2018-10-22 07:45:55",246
"2018-10-22 08:45:49",246
"2018-10-22 09:45:50",246
"2018-10-22 10:45:52",246
"2018-10-22 11:45:51",246
"2018-10-22 12:45:52",246
"2018-10-22 13:45:56",246
"2018-10-22 14:45:56",246
"2018-10-22 15:45:53",246
"2018-10-22 16:45:51",246
"2018-10-22 17:45:52",246
"2018-10-22 18:45:49",247
"2018-10-22 19:45:52",246
"2018-10-22 20:45:51",246
"2018-10-22 21:45:51",246
"2018-10-22 22:45:51",246
"2018-10-22 23:45:51",246
"2018-10-23 00:45:53",246
"2018-10-23 01:45:51",246
"2018-10-23 02:45:51",246
"2018-10-23 03:45:50",246
"2018-10-23 04:45:49",246
"2018-10-23 05:45:49",246
"2018-10-23 06:45:49",246
"2018-10-23 07:45:52",246
"2018-10-23 08:45:48",246
"2018-10-23 09:45:50",246
"2018-10-23 10:45:49",246
"2018-10-23 11:45:49",246
"2018-10-23 12:45:49",246
"2018-10-23 13:45:56",246
"2018-10-23 14:45:52",246
"2018-10-23 15:45:50",244
"2018-10-23 16:45:52",244
"2018-10-23 17:45:50",244
"2018-10-23 18:45:51",244
"2018-10-23 19:45:51",244
"2018-10-23 20:45:50",243
"2018-10-23 21:45:52",243
"2018-10-23 22:45:50",243
"2018-10-23 23:45:50",243
"2018-10-24 00:45:50",243
"2018-10-24 01:45:51",243
"2018-10-24 02:45:53",243
"2018-10-24 03:45:51",243
"2018-10-24 04:45:52",243
"2018-10-24 05:45:52",243
"2018-10-24 06:45:54",243
"2018-10-24 07:45:52",243
"2018-10-24 08:45:51",243
"2018-10-24 09:45:49",243
"2018-10-24 10:45:50",243
"2018-10-24 11:45:49",243
"2018-10-24 12:45:48",243
"2018-10-24 13:45:54",243
"2018-10-24 14:45:54",243
"2018-10-24 15:45:53",243
"2018-10-24 16:45:51",242
"2018-10-24 17:45:50",242
"2018-10-24 18:45:51",242
"2018-10-24 19:45:51",242
"2018-10-24 20:45:55",243
"2018-10-24 21:45:52",243
"2018-10-24 22:45:51",243
"2018-10-24 23:45:48",243
"2018-10-25 00:45:50",243
"2018-10-25 01:45:50",243
"2018-10-25 02:45:51",243
"2018-10-25 03:45:49",243
"2018-10-25 04:45:51",243
"2018-10-25 05:45:51",243
"2018-10-25 06:45:51",243
"2018-10-25 07:45:51",243
"2018-10-25 08:45:52",243
"2018-10-25 09:45:50",243
"2018-10-25 10:45:51",243
"2018-10-25 11:45:52",243
"2018-10-25 14:12:03",244
"2018-10-25 14:45:55",244
"2018-10-25 15:45:55",244
"2018-10-25 16:45:51",244
"2018-10-25 17:45:53",244
"2018-10-25 18:45:54",244
"2018-10-25 19:45:51",244
"2018-10-25 20:45:51",244
"2018-10-25 21:45:52",244
"2018-10-25 22:45:51",244
"2018-10-25 23:45:53",244
"2018-10-26 00:45:51",244
"2018-10-26 01:45:52",244
"2018-10-26 02:45:53",244
"2018-10-26 03:45:55",244
"2018-10-26 04:45:54",244
"2018-10-26 05:45:50",244
"2018-10-26 06:45:49",244
"2018-10-26 07:45:49",244
"2018-10-26 08:45:49",244
"2018-10-26 09:45:50",244
"2018-10-26 10:45:49",244
"2018-10-26 11:45:49",244
"2018-10-26 12:45:50",244
"2018-10-26 13:45:53",244
"2018-10-26 14:45:54",244
"2018-10-26 15:45:52",244
"2018-10-26 16:45:52",246
"2018-10-26 17:45:51",246
"2018-10-26 18:45:50",246
"2018-10-26 19:45:50",246
"2018-10-26 20:45:51",246
"2018-10-26 21:45:50",246
"2018-10-26 22:45:50",246
"2018-10-26 23:45:50",246
"2018-10-27 00:45:50",246
"2018-10-27 01:45:51",246
"2018-10-27 02:45:50",246
"2018-10-27 03:45:49",246
"2018-10-27 04:45:49",246
"2018-10-27 05:45:50",246
"2018-10-27 06:45:50",246
"2018-10-27 07:45:51",246
"2018-10-27 08:45:51",246
"2018-10-27 09:45:50",246
"2018-10-27 10:45:51",246
"2018-10-27 11:45:50",246
"2018-10-27 12:45:50",246
"2018-10-27 13:45:49",246
"2018-10-27 14:45:50",246
"2018-10-27 15:45:51",246
"2018-10-27 16:45:50",246
"2018-10-27 17:45:51",246
"2018-10-27 18:45:50",246
"2018-10-27 19:45:50",246
"2018-10-27 20:45:50",246
"2018-10-27 21:45:50",246
"2018-10-27 22:45:49",246
"2018-10-27 23:45:50",246
"2018-10-28 00:45:50",246
"2018-10-28 01:45:50",246
"2018-10-28 02:45:50",246
"2018-10-28 03:45:50",246
"2018-10-28 04:45:49",246
"2018-10-28 05:45:51",246
"2018-10-28 06:45:50",246
"2018-10-28 07:45:49",246
"2018-10-28 08:45:49",246
"2018-10-28 09:45:51",246
"2018-10-28 10:45:50",246
"2018-10-28 11:45:49",246
"2018-10-28 12:45:48",246
"2018-10-28 13:45:50",246
"2018-10-28 14:45:49",246
"2018-10-28 15:45:49",246
"2018-10-28 16:45:50",246
"2018-10-28 17:45:49",246
"2018-10-28 18:45:49",246
"2018-10-28 19:45:48",246
"2018-10-28 20:45:50",246
"2018-10-28 21:45:49",246
"2018-10-28 22:45:49",246
"2018-10-28 23:45:49",246
"2018-10-29 00:45:50",246
"2018-10-29 01:45:50",246
"2018-10-29 02:45:50",246
"2018-10-29 03:45:48",246
"2018-10-29 04:45:51",246
"2018-10-29 05:45:49",246
"2018-10-29 06:45:50",246
"2018-10-29 07:45:49",246
"2018-10-29 08:45:50",246
"2018-10-29 09:45:50",246
"2018-10-29 10:45:50",246
"2018-10-29 11:45:49",246
"2018-10-29 12:45:50",246
"2018-10-29 13:45:55",246
"2018-10-29 14:45:54",246
"2018-10-29 15:45:49",246
"2018-10-29 16:45:52",246
"2018-10-29 17:45:51",246
"2018-10-29 18:45:51",246
"2018-10-29 19:45:53",246
"2018-10-29 20:45:51",246
"2018-10-29 21:45:51",247
"2018-10-29 22:45:51",247
"2018-10-29 23:45:50",247
"2018-10-30 00:45:50",247
"2018-10-30 01:45:50",247
"2018-10-30 02:45:51",247
"2018-10-30 03:45:51",247
"2018-10-30 04:45:51",247
"2018-10-30 05:45:49",247
"2018-10-30 06:45:49",247
"2018-10-30 07:45:48",247
"2018-10-30 08:45:48",247
"2018-10-30 09:45:49",247
"2018-10-30 10:45:49",247
"2018-10-30 11:45:49",247
"2018-10-30 12:45:50",247
"2018-10-30 13:45:56",247
"2018-10-30 14:45:56",247
"2018-10-30 15:45:55",246
"2018-10-30 16:45:52",247
"2018-10-30 17:45:50",247
"2018-10-30 18:45:51",247
"2018-10-30 19:45:51",247
"2018-10-30 20:45:50",247
"2018-10-30 21:45:51",247
"2018-10-30 22:45:50",247
"2018-10-30 23:45:49",247
"2018-10-31 00:45:50",247
"2018-10-31 01:45:52",247
"2018-10-31 02:45:52",247
"2018-10-31 03:45:49",247
"2018-10-31 04:45:50",247
"2018-10-31 05:45:50",247
"2018-10-31 06:45:49",247
"2018-10-31 07:45:48",247
"2018-10-31 08:45:50",247
"2018-10-31 09:45:50",247
"2018-10-31 10:45:49",247
"2018-10-31 11:45:50",247
"2018-10-31 12:45:51",247
"2018-10-31 14:12:26",247
"2018-10-31 14:45:52",247
"2018-10-31 15:45:51",249
"2018-10-31 16:45:51",249
"2018-10-31 17:45:50",249
"2018-10-31 18:45:51",249
"2018-10-31 19:45:50",249
"2018-10-31 20:45:49",249
"2018-10-31 21:45:49",249
"2018-10-31 22:45:49",249
"2018-10-31 23:45:50",249
"2018-11-01 00:45:50",249
"2018-11-01 01:45:50",249
"2018-11-01 02:45:49",249
"2018-11-01 03:45:49",249
"2018-11-01 04:45:50",249
"2018-11-01 05:45:49",249
"2018-11-01 06:45:50",249
"2018-11-01 07:45:49",249
"2018-11-01 08:45:50",249
"2018-11-01 09:45:51",249
"2018-11-01 10:45:51",249
"2018-11-01 11:45:50",249
"2018-11-01 12:45:50",249
"2018-11-01 13:45:52",249
"2018-11-01 14:45:56",249
"2018-11-01 15:45:56",249
"2018-11-01 16:45:54",248
"2018-11-01 17:45:52",248
"2018-11-01 18:45:56",248
"2018-11-01 19:45:56",248
"2018-11-01 20:45:57",248
"2018-11-01 21:45:53",248
"2018-11-01 22:45:52",248
"2018-11-01 23:45:51",248
"2018-11-02 00:45:50",248
"2018-11-02 01:45:50",248
"2018-11-02 02:45:51",248
"2018-11-02 03:45:54",248
"2018-11-02 04:45:51",248
"2018-11-02 05:45:50",248
"2018-11-02 06:45:49",248
"2018-11-02 07:45:50",248
"2018-11-02 08:45:50",248
"2018-11-02 09:45:51",248
"2018-11-02 10:45:49",248
"2018-11-02 11:45:48",248
"2018-11-02 12:45:50",248
"2018-11-02 14:10:28",248
"2018-11-02 14:45:56",248
"2018-11-02 15:45:55",248
"2018-11-02 16:45:54",248
"2018-11-02 17:45:57",248
"2018-11-02 18:45:51",248
"2018-11-02 19:45:52",248
"2018-11-02 20:45:53",248
"2018-11-02 21:45:52",248
"2018-11-02 22:45:51",248
"2018-11-02 23:45:51",248
"2018-11-03 00:45:53",248
"2018-11-03 01:45:51",248
"2018-11-03 02:45:54",248
"2018-11-03 03:45:51",248
"2018-11-03 04:45:50",248
"2018-11-03 05:45:51",248
"2018-11-03 06:45:50",248
"2018-11-03 07:45:49",248
"2018-11-03 08:45:51",248
"2018-11-03 09:45:52",248
"2018-11-03 10:45:50",248
"2018-11-03 11:45:51",248
"2018-11-03 12:45:51",248
"2018-11-03 13:45:49",248
"2018-11-03 14:45:51",248
"2018-11-03 15:45:50",248
"2018-11-03 16:45:50",248
"2018-11-03 17:46:00",248
"2018-11-03 18:45:57",248
"2018-11-03 19:45:51",248
"2018-11-03 20:46:07",248
"2018-11-03 21:46:54",248
"2018-11-03 22:45:51",248
"2018-11-03 23:45:52",248
"2018-11-04 00:45:52",248
"2018-11-04 01:45:51",248
"2018-11-04 02:45:51",248
"2018-11-04 03:45:52",248
"2018-11-04 04:45:53",248
"2018-11-04 05:45:50",248
"2018-11-04 06:45:51",248
"2018-11-04 07:45:50",248
"2018-11-04 08:45:52",248
"2018-11-04 09:45:50",248
"2018-11-04 10:45:50",248
"2018-11-04 11:45:50",248
"2018-11-04 12:45:50",248
"2018-11-04 13:45:50",248
"2018-11-04 14:45:50",248
"2018-11-04 15:45:50",248
"2018-11-04 16:45:51",248
"2018-11-04 17:45:51",248
"2018-11-04 18:45:51",248
"2018-11-04 19:45:51",248
"2018-11-04 20:45:50",248
"2018-11-04 21:45:50",248
"2018-11-04 22:45:52",248
"2018-11-04 23:45:52",248
"2018-11-05 00:45:51",248
"2018-11-05 01:45:51",248
"2018-11-05 02:45:50",248
"2018-11-05 03:46:38",248
"2018-11-05 04:45:53",248
"2018-11-05 05:45:53",248
"2018-11-05 06:45:50",248
"2018-11-05 07:45:53",248
"2018-11-05 08:45:50",248
"2018-11-05 09:45:50",248
"2018-11-05 10:45:50",248
"2018-11-05 11:45:50",248
"2018-11-05 12:45:50",248
"2018-11-05 13:45:50",248
"2018-11-05 14:46:00",248
"2018-11-05 15:45:53",248
"2018-11-05 16:45:59",248
"2018-11-05 17:45:51",249
"2018-11-05 18:45:50",249
"2018-11-05 19:45:51",250
"2018-11-05 20:45:53",250
"2018-11-05 21:45:54",250
"2018-11-05 22:45:54",250
"2018-11-05 23:45:50",250
"2018-11-06 00:45:49",250
"2018-11-06 01:45:50",250
"2018-11-06 02:45:50",250
"2018-11-06 03:45:52",250
"2018-11-06 04:45:51",250
"2018-11-06 05:45:51",250
"2018-11-06 06:45:51",250
"2018-11-06 07:45:52",250
"2018-11-06 08:45:52",250
"2018-11-06 09:45:51",250
"2018-11-06 10:45:53",250
"2018-11-06 11:45:51",250
"2018-11-06 12:45:51",250
"2018-11-06 13:45:52",250
"2018-11-06 14:45:59",250
"2018-11-06 15:46:01",250
"2018-11-06 16:45:56",250
"2018-11-06 17:46:04",249
"2018-11-06 18:45:56",249
"2018-11-06 19:45:52",250
"2018-11-06 20:45:55",250
"2018-11-06 21:45:52",250
"2018-11-06 22:45:54",250
"2018-11-06 23:45:52",250
"2018-11-07 00:45:54",250
"2018-11-07 01:45:52",250
"2018-11-07 02:45:53",250
"2018-11-07 03:45:52",250
"2018-11-07 04:45:51",250
"2018-11-07 05:45:52",250
"2018-11-07 06:45:51",250
"2018-11-07 07:45:52",250
"2018-11-07 08:45:51",250
"2018-11-07 09:45:51",250
"2018-11-07 10:45:52",250
"2018-11-07 11:45:52",250
"2018-11-07 12:45:52",250
"2018-11-07 13:45:51",250
"2018-11-07 14:46:00",250
"2018-11-07 15:45:54",252
"2018-11-07 16:45:53",252
"2018-11-07 17:45:58",253
"2018-11-07 18:45:57",253
"2018-11-07 19:45:57",253
"2018-11-07 20:45:56",253
"2018-11-07 21:45:52",253
"2018-11-07 22:45:54",253
"2018-11-07 23:45:52",253
"2018-11-08 00:45:51",253
"2018-11-08 01:45:53",253
"2018-11-08 02:45:52",253
"2018-11-08 03:45:52",253
"2018-11-08 04:45:52",253
"2018-11-08 05:45:52",253
"2018-11-08 06:46:05",253
"2018-11-08 07:45:52",253
"2018-11-08 08:45:53",253
"2018-11-08 09:45:52",253
"2018-11-08 10:45:52",253
"2018-11-08 11:45:51",253
"2018-11-08 12:45:52",253
"2018-11-08 13:45:51",253
"2018-11-08 14:45:57",253
"2018-11-08 15:45:57",252
"2018-11-08 16:45:57",252
"2018-11-08 17:45:53",251
"2018-11-08 18:45:52",251
"2018-11-08 19:45:53",252
"2018-11-08 20:45:58",253
"2018-11-08 21:45:55",253
"2018-11-08 22:45:52",253
"2018-11-08 23:45:52",253
"2018-11-09 00:45:53",253
"2018-11-09 01:45:52",253
"2018-11-09 02:45:53",253
"2018-11-09 03:45:53",253
"2018-11-09 04:45:54",253
"2018-11-09 05:45:54",253
"2018-11-09 06:45:51",253
"2018-11-09 07:45:52",253
"2018-11-09 08:45:52",253
"2018-11-09 09:45:52",253
"2018-11-09 10:45:51",253
"2018-11-09 11:45:52",253
"2018-11-09 12:45:52",253
"2018-11-09 13:45:50",253
"2018-11-09 15:09:58",253
"2018-11-09 15:45:57",253
"2018-11-09 16:45:56",252
"2018-11-09 17:45:55",252
"2018-11-09 18:45:54",252
"2018-11-09 19:46:25",252
"2018-11-09 20:45:57",252
"2018-11-09 21:45:54",252
"2018-11-09 22:45:54",252
"2018-11-09 23:45:52",252
"2018-11-10 00:45:52",252
"2018-11-10 01:45:54",252
"2018-11-10 02:45:52",252
"2018-11-10 03:45:52",252
"2018-11-10 04:45:53",252
"2018-11-10 05:45:51",252
"2018-11-10 06:45:52",252
"2018-11-10 07:45:51",252
"2018-11-10 08:45:52",252
"2018-11-10 09:45:52",252
"2018-11-10 10:45:51",252
"2018-11-10 11:45:52",252
"2018-11-10 12:45:51",252
"2018-11-10 13:45:52",252
"2018-11-10 14:45:52",252
"2018-11-10 15:45:56",252
"2018-11-10 16:45:53",252
"2018-11-10 17:45:53",252
"2018-11-10 18:45:56",252
"2018-11-10 19:45:55",252
"2018-11-10 20:45:52",252
"2018-11-10 21:45:53",252
"2018-11-10 22:45:54",252
"2018-11-10 23:45:53",252
"2018-11-11 00:45:54",252
"2018-11-11 01:45:53",252
"2018-11-11 02:45:51",252
"2018-11-11 03:45:54",252
"2018-11-11 04:45:52",252
"2018-11-11 05:45:53",252
"2018-11-11 06:45:51",252
"2018-11-11 07:45:54",252
"2018-11-11 08:45:52",252
"2018-11-11 09:45:54",252
"2018-11-11 10:45:53",252
"2018-11-11 11:45:52",252
"2018-11-11 12:45:53",252
"2018-11-11 13:45:52",252
"2018-11-11 14:45:54",252
"2018-11-11 15:45:54",252
"2018-11-11 16:45:52",252
"2018-11-11 17:45:53",252
"2018-11-11 18:45:52",252
"2018-11-11 19:45:51",252
"2018-11-11 20:45:53",252
"2018-11-11 21:45:51",252
"2018-11-11 22:45:53",252
"2018-11-11 23:45:51",252
"2018-11-12 00:45:54",252
"2018-11-12 01:45:51",252
"2018-11-12 02:45:53",252
"2018-11-12 03:45:54",252
"2018-11-12 04:45:53",252
"2018-11-12 05:45:54",252
"2018-11-12 06:45:54",252
"2018-11-12 07:45:52",252
"2018-11-12 08:45:53",252
"2018-11-12 09:45:52",252
"2018-11-12 10:45:53",252
"2018-11-12 11:45:54",252
"2018-11-12 12:45:51",252
"2018-11-12 13:45:52",252
"2018-11-12 14:45:57",252
"2018-11-12 15:45:53",251
"2018-11-12 16:45:55",251
"2018-11-12 17:45:51",251
"2018-11-12 18:45:52",250
"2018-11-12 19:45:55",250
"2018-11-12 20:45:54",250
"2018-11-12 21:45:52",250
"2018-11-12 22:46:37",250
"2018-11-12 23:45:52",250
"2018-11-13 00:45:54",250
"2018-11-13 01:45:52",250
"2018-11-13 02:45:54",250
"2018-11-13 03:45:53",250
"2018-11-13 04:45:53",250
"2018-11-13 05:45:52",250
"2018-11-13 06:45:52",250
"2018-11-13 07:45:54",250
"2018-11-13 08:45:55",250
"2018-11-13 09:45:54",250
"2018-11-13 10:45:54",250
"2018-11-13 11:45:53",250
"2018-11-13 12:45:52",250
"2018-11-13 13:45:52",250
"2018-11-13 14:45:58",250
"2018-11-13 15:45:54",249
"2018-11-13 16:45:54",250
"2018-11-13 17:45:54",250
"2018-11-13 18:45:51",249
"2018-11-13 19:45:52",249
"2018-11-13 20:45:52",249
"2018-11-13 21:45:52",249
"2018-11-13 22:45:52",249
"2018-11-13 23:45:53",249
"2018-11-14 00:45:52",249
"2018-11-14 01:45:52",249
"2018-11-14 02:45:51",249
"2018-11-14 03:45:52",249
"2018-11-14 04:45:52",249
"2018-11-14 05:45:53",249
"2018-11-14 06:45:53",249
"2018-11-14 07:45:52",249
"2018-11-14 08:45:52",249
"2018-11-14 09:45:53",249
"2018-11-14 10:45:52",249
"2018-11-14 11:45:55",249
"2018-11-14 12:45:52",249
"2018-11-14 13:45:52",249
"2018-11-14 14:45:56",249
"2018-11-14 15:45:56",249
"2018-11-14 16:45:57",249
"2018-11-14 17:45:55",249
"2018-11-14 18:45:59",250
"2018-11-14 19:45:55",250
"2018-11-14 20:45:55",250
"2018-11-14 21:45:57",250
"2018-11-14 22:45:56",250
"2018-11-14 23:45:54",250
"2018-11-15 00:45:53",250
"2018-11-15 01:45:53",250
"2018-11-15 02:45:53",250
"2018-11-15 03:45:52",250
"2018-11-15 04:45:53",250
"2018-11-15 05:45:53",250
"2018-11-15 06:45:52",250
"2018-11-15 07:45:51",250
"2018-11-15 08:45:52",250
"2018-11-15 09:45:52",250
"2018-11-15 10:45:53",250
"2018-11-15 11:45:52",250
"2018-11-15 12:45:52",250
"2018-11-15 13:45:53",250
"2018-11-15 14:45:56",250
"2018-11-15 15:45:55",250
"2018-11-15 16:45:53",249
"2018-11-15 17:45:58",249
"2018-11-15 18:45:53",249
"2018-11-15 19:45:52",249
"2018-11-15 20:45:57",249
"2018-11-15 21:45:59",249
"2018-11-15 22:45:56",249
"2018-11-15 23:45:53",249
"2018-11-16 00:45:52",249
"2018-11-16 01:45:52",249
"2018-11-16 02:45:52",249
"2018-11-16 03:45:52",249
"2018-11-16 04:45:52",249
"2018-11-16 05:45:52",249
"2018-11-16 06:45:53",249
"2018-11-16 07:45:53",249
"2018-11-16 08:45:52",249
"2018-11-16 09:45:53",249
"2018-11-16 10:45:52",249
"2018-11-16 11:45:51",249
"2018-11-16 12:45:51",249
"2018-11-16 13:45:52",249
"2018-11-16 14:45:58",249
"2018-11-16 15:45:54",249
"2018-11-16 16:45:54",249
"2018-11-16 17:45:53",249
"2018-11-16 18:45:52",249
"2018-11-16 19:45:52",248
"2018-11-16 20:46:05",248
"2018-11-16 21:45:55",248
"2018-11-16 22:45:56",248
"2018-11-16 23:45:54",248
"2018-11-17 00:45:55",248
"2018-11-17 01:45:53",248
"2018-11-17 02:45:51",248
"2018-11-17 03:45:56",248
"2018-11-17 04:45:52",248
"2018-11-17 05:45:54",248
"2018-11-17 06:45:54",248
"2018-11-17 07:45:51",248
"2018-11-17 08:45:52",248
"2018-11-17 09:45:52",248
"2018-11-17 10:45:53",248
"2018-11-17 11:45:52",248
"2018-11-17 12:45:53",248
"2018-11-17 13:45:53",248
"2018-11-17 14:45:56",248
"2018-11-17 15:45:54",248
"2018-11-17 16:45:51",248
"2018-11-17 17:45:55",248
"2018-11-17 18:45:52",248
"2018-11-17 19:45:53",248
"2018-11-17 20:45:52",248
"2018-11-17 21:45:52",248
"2018-11-17 22:45:52",248
"2018-11-17 23:45:52",248
"2018-11-18 00:45:52",248
"2018-11-18 01:45:52",248
"2018-11-18 02:45:52",248
"2018-11-18 03:45:54",248
"2018-11-18 04:45:52",248
"2018-11-18 05:45:52",248
"2018-11-18 06:45:53",248
"2018-11-18 07:45:52",248
"2018-11-18 08:45:51",248
"2018-11-18 09:45:52",248
"2018-11-18 10:45:51",248
"2018-11-18 11:45:52",248
"2018-11-18 12:45:51",248
"2018-11-18 13:45:51",248
"2018-11-18 14:45:53",248
"2018-11-18 15:45:53",248
"2018-11-18 16:45:52",248
"2018-11-18 17:45:52",248
"2018-11-18 18:45:53",248
"2018-11-18 19:45:52",248
"2018-11-18 20:45:52",248
"2018-11-18 21:45:52",248
"2018-11-18 22:45:52",248
"2018-11-18 23:45:53",248
"2018-11-19 00:45:52",248
"2018-11-19 01:45:52",248
"2018-11-19 02:45:52",248
"2018-11-19 03:45:52",248
"2018-11-19 04:45:52",248
"2018-11-19 05:45:52",248
"2018-11-19 06:45:52",248
"2018-11-19 07:45:52",248
"2018-11-19 08:45:52",248
"2018-11-19 09:45:52",248
"2018-11-19 10:45:53",248
"2018-11-19 12:45:53",248
"2018-11-19 13:45:53",248
"2018-11-19 14:45:57",248
"2018-11-19 15:45:52",248
"2018-11-19 16:45:58",248
"2018-11-19 17:45:57",248
"2018-11-19 18:45:55",247
"2018-11-19 19:45:54",248
"2018-11-19 20:45:54",248
"2018-11-19 21:45:53",248
"2018-11-19 22:45:54",248
"2018-11-19 23:45:54",248
"2018-11-20 00:45:53",248
"2018-11-20 01:45:53",248
"2018-11-20 02:45:55",248
"2018-11-20 03:45:54",248
"2018-11-20 04:45:52",248
"2018-11-20 05:45:52",248
"2018-11-20 06:45:53",248
"2018-11-20 07:45:52",248
"2018-11-20 08:45:53",248
"2018-11-20 09:45:53",248
"2018-11-20 10:45:52",248
"2018-11-20 11:45:52",248
"2018-11-20 12:45:52",248
"2018-11-20 13:45:55",248
"2018-11-20 14:45:58",248
"2018-11-20 15:46:01",247
"2018-11-20 16:45:53",247
"2018-11-20 17:45:53",247
"2018-11-20 18:45:58",248
"2018-11-20 19:45:54",248
"2018-11-20 20:45:55",248
"2018-11-20 21:45:59",248
"2018-11-20 22:45:53",248
"2018-11-20 23:45:52",248
"2018-11-21 00:45:50",248
"2018-11-21 01:45:51",248
"2018-11-21 02:45:51",248
"2018-11-21 03:45:52",248
"2018-11-21 04:45:52",248
"2018-11-21 05:45:54",248
"2018-11-21 06:45:54",248
"2018-11-21 07:45:54",248
"2018-11-21 08:45:53",248
"2018-11-21 09:45:52",248
"2018-11-21 10:45:52",248
"2018-11-21 11:45:51",248
"2018-11-21 12:45:51",248
"2018-11-21 13:45:50",248
"2018-11-21 14:45:56",248
"2018-11-21 16:45:57",248
"2018-11-21 17:45:58",248
"2018-11-21 18:45:52",248
"2018-11-21 19:45:54",248
"2018-11-21 20:45:55",248
"2018-11-21 21:45:54",248
"2018-11-21 22:45:54",248
"2018-11-21 23:45:51",248
"2018-11-22 00:45:51",248
"2018-11-22 01:45:52",248
"2018-11-22 02:45:53",248
"2018-11-22 03:45:52",248
"2018-11-22 04:45:54",248
"2018-11-22 05:45:52",248
"2018-11-22 06:45:52",248
"2018-11-22 07:45:52",248
"2018-11-22 08:45:51",248
"2018-11-22 09:45:51",248
"2018-11-22 10:45:52",248
"2018-11-22 11:45:53",248
"2018-11-22 12:45:52",248
"2018-11-22 13:45:52",248
"2018-11-22 14:45:51",248
"2018-11-22 15:45:52",248
"2018-11-22 16:45:51",248
"2018-11-22 17:45:53",248
"2018-11-22 18:45:51",248
"2018-11-22 19:45:51",248
"2018-11-22 20:45:52",248
"2018-11-22 21:45:52",248
"2018-11-22 22:45:52",248
"2018-11-22 23:45:52",248
"2018-11-23 00:45:51",248
"2018-11-23 01:45:51",248
"2018-11-23 02:45:51",248
"2018-11-23 03:45:53",248
"2018-11-23 04:45:52",248
"2018-11-23 05:45:52",248
"2018-11-23 06:45:52",248
"2018-11-23 07:45:52",248
"2018-11-23 08:45:52",248
"2018-11-23 09:45:52",248
"2018-11-23 10:45:52",248
"2018-11-23 11:45:54",248
"2018-11-23 12:45:52",248
"2018-11-23 13:45:52",248
"2018-11-23 14:45:54",248
"2018-11-23 15:45:53",247
"2018-11-23 16:45:51",246
"2018-11-23 17:45:51",246
"2018-11-23 18:45:51",246
"2018-11-23 19:45:52",246
"2018-11-23 20:45:53",246
"2018-11-23 21:45:54",246
"2018-11-23 22:45:52",246
"2018-11-23 23:45:53",246
"2018-11-24 00:45:52",246
"2018-11-24 01:45:53",246
"2018-11-24 02:45:55",246
"2018-11-24 03:45:53",246
"2018-11-24 04:45:54",246
"2018-11-24 05:45:54",246
"2018-11-24 06:45:53",246
"2018-11-24 07:45:52",246
"2018-11-24 08:45:53",246
"2018-11-24 09:45:52",246
"2018-11-24 10:45:52",246
"2018-11-24 11:45:53",246
"2018-11-24 12:45:52",246
"2018-11-24 13:45:51",246
"2018-11-24 14:45:53",246
"2018-11-24 15:45:53",246
"2018-11-24 16:45:52",246
"2018-11-24 17:45:54",246
"2018-11-24 18:45:53",246
"2018-11-24 19:45:51",246
"2018-11-24 20:45:53",246
"2018-11-24 21:45:53",246
"2018-11-24 22:45:52",246
"2018-11-24 23:45:53",246
"2018-11-25 00:45:53",246
"2018-11-25 01:45:52",246
"2018-11-25 02:45:53",246
"2018-11-25 03:45:52",246
"2018-11-25 04:45:53",246
"2018-11-25 05:45:52",246
"2018-11-25 06:45:53",246
"2018-11-25 07:45:52",246
"2018-11-25 08:45:51",246
"2018-11-25 09:45:52",246
"2018-11-25 10:45:52",246
"2018-11-25 11:45:53",246
"2018-11-25 12:45:51",246
"2018-11-25 13:45:52",246
"2018-11-25 14:45:53",246
"2018-11-25 15:45:52",246
"2018-11-25 16:45:53",246
"2018-11-25 17:45:53",246
"2018-11-25 18:45:53",246
"2018-11-25 19:45:55",246
"2018-11-25 20:45:53",246
"2018-11-25 21:45:52",246
"2018-11-25 22:45:53",246
"2018-11-25 23:45:53",246
"2018-11-26 00:45:51",246
"2018-11-26 01:45:53",246
"2018-11-26 02:45:54",246
"2018-11-26 03:45:52",246
"2018-11-26 04:45:52",246
"2018-11-26 05:45:52",246
"2018-11-26 06:45:51",246
"2018-11-26 07:45:52",246
"2018-11-26 08:45:52",246
"2018-11-26 09:45:53",246
"2018-11-26 10:45:53",246
"2018-11-26 11:45:52",246
"2018-11-26 12:45:52",246
"2018-11-26 13:45:52",246
"2018-11-26 14:45:59",246
"2018-11-26 15:45:54",246
"2018-11-26 16:45:53",247
"2018-11-26 17:45:53",247
"2018-11-26 18:45:54",248
"2018-11-26 19:45:52",248
"2018-11-26 20:45:54",248
"2018-11-26 21:45:51",250
"2018-11-26 22:45:58",250
"2018-11-26 23:45:57",250
"2018-11-27 00:45:55",250
"2018-11-27 01:45:54",250
"2018-11-27 02:45:55",250
"2018-11-27 03:45:52",250
"2018-11-27 04:45:53",250
"2018-11-27 05:45:53",250
"2018-11-27 06:45:52",250
"2018-11-27 07:45:52",250
"2018-11-27 08:45:51",250
"2018-11-27 09:45:52",250
"2018-11-27 11:45:51",250
"2018-11-27 12:45:51",250
"2018-11-27 13:45:53",250
"2018-11-27 14:45:59",250
"2018-11-27 15:45:54",250
"2018-11-27 16:45:58",250
"2018-11-27 17:45:56",250
"2018-11-27 18:45:55",250
"2018-11-27 19:45:55",250
"2018-11-27 20:45:54",250
"2018-11-27 21:45:57",250
"2018-11-27 22:45:56",250
"2018-11-27 23:45:55",250
"2018-11-28 00:45:54",250
"2018-11-28 01:45:55",250
"2018-11-28 02:45:54",250
"2018-11-28 03:45:56",250
"2018-11-28 04:45:57",250
"2018-11-28 05:45:54",250
"2018-11-28 06:45:53",250
"2018-11-28 07:45:52",250
"2018-11-28 08:45:55",250
"2018-11-28 09:45:56",250
"2018-11-28 10:45:54",250
"2018-11-28 11:45:52",250
"2018-11-28 12:45:53",250
"2018-11-28 14:10:56",250
"2018-11-28 14:45:56",250
"2018-11-28 15:46:02",249
"2018-11-28 16:45:57",249
"2018-11-28 17:46:00",249
"2018-11-28 18:45:59",249
"2018-11-28 19:45:55",249
"2018-11-28 20:45:58",249
"2018-11-28 21:45:53",248
"2018-11-28 22:45:52",248
"2018-11-28 23:45:51",248
"2018-11-29 00:45:52",248
"2018-11-29 01:45:54",248
"2018-11-29 02:45:53",248
"2018-11-29 03:45:52",248
"2018-11-29 04:45:52",248
"2018-11-29 05:45:53",248
"2018-11-29 06:45:52",248
"2018-11-29 07:45:51",248
"2018-11-29 08:45:51",248
"2018-11-29 09:45:52",248
"2018-11-29 10:45:52",248
"2018-11-29 11:45:51",248
"2018-11-29 12:45:52",248
"2018-11-29 13:45:54",248
"2018-11-29 15:11:05",248
"2018-11-29 15:45:54",248
"2018-11-29 16:45:55",248
"2018-11-29 17:46:00",248
"2018-11-29 18:46:00",248
"2018-11-29 19:45:56",248
"2018-11-29 20:45:53",248
"2018-11-29 21:45:55",248
"2018-11-29 22:45:55",248
"2018-11-29 23:45:55",248
"2018-11-30 00:45:56",248
"2018-11-30 01:45:56",248
"2018-11-30 02:45:53",248
"2018-11-30 03:45:56",248
"2018-11-30 04:45:53",248
"2018-11-30 05:45:57",248
"2018-11-30 06:45:55",248
"2018-11-30 07:45:53",248
"2018-11-30 08:45:52",248
"2018-11-30 09:45:55",248
"2018-11-30 10:45:54",248
"2018-11-30 11:45:52",248
"2018-11-30 12:45:53",248
"2018-11-30 13:45:53",248
"2018-11-30 14:45:59",248
"2018-11-30 15:45:56",248
"2018-11-30 16:45:56",248
"2018-11-30 17:45:56",249
"2018-11-30 18:45:54",249
"2018-11-30 19:45:54",250
"2018-11-30 20:45:55",250
"2018-11-30 21:45:54",250
"2018-11-30 22:45:58",250
"2018-11-30 23:45:55",250
"2018-12-01 00:45:53",250
"2018-12-01 01:45:54",250
"2018-12-01 02:45:53",250
"2018-12-01 03:45:53",250
"2018-12-01 04:45:52",250
"2018-12-01 05:45:55",250
"2018-12-01 06:45:53",250
"2018-12-01 07:45:52",250
"2018-12-01 08:45:52",250
"2018-12-01 09:45:53",250
"2018-12-01 10:45:53",250
"2018-12-01 11:45:53",250
"2018-12-01 12:45:53",250
"2018-12-01 13:45:53",250
"2018-12-01 14:45:53",250
"2018-12-01 15:45:53",250
"2018-12-01 16:45:53",250
"2018-12-01 17:45:52",250
"2018-12-01 18:45:53",250
"2018-12-01 19:45:52",250
"2018-12-01 20:45:54",250
"2018-12-01 21:45:52",250
"2018-12-01 22:45:58",250
"2018-12-01 23:45:54",250
"2018-12-02 00:45:51",250
"2018-12-02 01:45:53",250
"2018-12-02 02:45:53",250
"2018-12-02 03:45:53",250
"2018-12-02 04:45:53",250
"2018-12-02 05:45:53",250
"2018-12-02 06:45:53",250
"2018-12-02 07:45:56",250
"2018-12-02 08:45:56",250
"2018-12-02 09:45:53",250
"2018-12-02 10:45:54",250
"2018-12-02 11:45:53",250
"2018-12-02 12:45:52",250
"2018-12-02 13:45:53",250
"2018-12-02 14:45:52",250
"2018-12-02 15:45:53",250
"2018-12-02 16:45:52",250
"2018-12-02 17:45:52",250
"2018-12-02 18:45:52",250
"2018-12-02 19:45:52",250
"2018-12-02 20:45:52",250
"2018-12-02 21:45:52",250
"2018-12-02 22:45:52",250
"2018-12-02 23:45:53",250
"2018-12-03 00:45:53",250
"2018-12-03 01:45:52",250
"2018-12-03 02:45:53",250
"2018-12-03 03:45:53",250
"2018-12-03 04:45:55",250
"2018-12-03 05:45:52",250
"2018-12-03 06:45:55",250
"2018-12-03 07:45:54",250
"2018-12-03 08:45:52",250
"2018-12-03 09:45:55",250
"2018-12-03 10:45:53",250
"2018-12-03 11:45:53",250
"2018-12-03 12:45:52",250
"2018-12-03 13:45:52",250
"2018-12-03 14:46:01",250
"2018-12-03 15:45:54",248
"2018-12-03 16:45:58",248
"2018-12-03 17:45:57",248
"2018-12-03 18:45:55",248
"2018-12-03 19:45:52",248
"2018-12-03 20:45:54",248
"2018-12-03 21:45:53",248
"2018-12-03 22:45:56",248
"2018-12-03 23:45:59",248
"2018-12-04 00:45:55",248
"2018-12-04 01:45:53",248
"2018-12-04 02:45:54",248
"2018-12-04 03:45:54",248
"2018-12-04 04:45:53",248
"2018-12-04 05:45:58",248
"2018-12-04 06:45:56",248
"2018-12-04 07:45:54",248
"2018-12-04 08:45:54",248
"2018-12-04 09:45:53",248
"2018-12-04 10:45:51",248
"2018-12-04 11:45:52",248
"2018-12-04 12:45:53",248
"2018-12-04 13:45:53",248
"2018-12-04 15:12:28",249
"2018-12-04 15:45:57",249
"2018-12-04 16:45:54",249
"2018-12-04 17:45:55",249
"2018-12-04 18:45:55",249
"2018-12-04 19:45:56",249
"2018-12-04 20:45:56",249
"2018-12-04 21:45:56",248
"2018-12-04 22:45:59",248
"2018-12-04 23:45:58",248
"2018-12-05 00:45:57",248
"2018-12-05 01:45:57",248
"2018-12-05 02:45:56",248
"2018-12-05 03:45:56",248
"2018-12-05 04:46:01",248
"2018-12-05 05:46:00",248
"2018-12-05 06:45:55",248
"2018-12-05 07:45:53",248
"2018-12-05 08:45:53",248
"2018-12-05 09:45:52",248
"2018-12-05 10:45:55",248
"2018-12-05 11:45:53",248
"2018-12-05 12:45:52",248
"2018-12-05 13:45:53",248
"2018-12-05 14:45:52",248
"2018-12-05 15:45:56",248
"2018-12-05 16:45:53",248
"2018-12-05 17:45:54",248
"2018-12-05 18:45:53",248
"2018-12-05 19:45:57",248
"2018-12-05 20:45:56",248
"2018-12-05 21:45:56",248
"2018-12-05 22:45:57",248
"2018-12-05 23:45:57",248
"2018-12-06 00:45:56",248
"2018-12-06 01:45:55",248
"2018-12-06 02:45:54",248
"2018-12-06 03:45:54",248
"2018-12-06 04:45:52",248
"2018-12-06 05:45:53",248
"2018-12-06 06:45:53",248
"2018-12-06 07:45:51",248
"2018-12-06 08:45:56",248
"2018-12-06 09:45:55",248
"2018-12-06 10:45:52",248
"2018-12-06 11:45:54",248
"2018-12-06 12:45:55",248
"2018-12-06 13:45:55",248
"2018-12-06 14:45:58",248
"2018-12-06 15:45:56",248
"2018-12-06 16:45:55",247
"2018-12-06 17:45:57",247
"2018-12-06 18:45:54",248
"2018-12-06 19:45:54",248
"2018-12-06 20:45:54",249
"2018-12-06 21:45:54",249
"2018-12-06 22:45:53",249
"2018-12-06 23:46:00",249
"2018-12-07 00:46:03",249
"2018-12-07 01:46:01",249
"2018-12-07 02:45:59",249
"2018-12-07 03:46:01",249
"2018-12-07 04:46:03",249
"2018-12-07 05:46:00",249
"2018-12-07 06:46:01",249
"2018-12-07 07:46:02",249
"2018-12-07 08:45:58",249
"2018-12-07 09:45:59",249
"2018-12-07 10:45:59",249
"2018-12-07 11:45:59",249
"2018-12-07 12:46:00",249
"2018-12-07 14:11:00",249
"2018-12-07 14:46:06",249
"2018-12-07 16:11:06",249
"2018-12-07 16:45:59",249
"2018-12-07 17:46:01",249
"2018-12-07 18:46:00",249
"2018-12-07 19:46:03",249
"2018-12-07 20:46:02",249
"2018-12-07 21:46:00",249
"2018-12-07 22:46:02",249
"2018-12-07 23:46:04",248
"2018-12-08 00:46:00",248
"2018-12-08 01:45:59",248
"2018-12-08 03:46:03",248
"2018-12-08 04:46:00",248
"2018-12-08 05:46:02",248
"2018-12-08 06:45:58",248
"2018-12-08 07:46:00",248
"2018-12-08 08:45:59",248
"2018-12-08 09:45:58",248
"2018-12-08 10:46:00",248
"2018-12-08 11:45:59",248
"2018-12-08 12:46:00",248
"2018-12-08 13:45:58",248
"2018-12-08 14:45:59",248
"2018-12-08 15:45:59",248
"2018-12-08 16:46:00",248
"2018-12-08 17:46:00",248
"2018-12-08 18:45:58",248
"2018-12-08 19:45:59",248
"2018-12-08 20:46:06",248
"2018-12-08 21:46:04",248
"2018-12-08 22:45:59",248
"2018-12-08 23:46:02",248
"2018-12-09 00:46:00",248
"2018-12-09 01:46:02",248
"2018-12-09 02:46:01",248
"2018-12-09 03:45:59",248
"2018-12-09 04:45:58",248
"2018-12-09 05:45:58",248
"2018-12-09 06:46:00",248
"2018-12-09 07:46:02",248
"2018-12-09 08:46:00",248
"2018-12-09 09:46:04",248
"2018-12-09 10:45:59",248
"2018-12-09 11:46:02",248
"2018-12-09 12:45:59",248
"2018-12-09 13:45:59",248
"2018-12-09 14:45:58",248
"2018-12-09 15:46:00",248
"2018-12-09 16:45:59",248
"2018-12-09 17:45:59",248
"2018-12-09 18:45:59",248
"2018-12-09 19:45:58",248
"2018-12-09 20:46:00",248
"2018-12-09 21:45:58",248
"2018-12-09 22:46:05",248
"2018-12-09 23:46:01",248
"2018-12-10 00:46:01",248
"2018-12-10 01:45:59",248
"2018-12-10 02:45:59",248
"2018-12-10 03:46:00",248
"2018-12-10 04:46:03",248
"2018-12-10 05:45:59",248
"2018-12-10 06:46:05",248
"2018-12-10 07:46:04",248
"2018-12-10 08:46:00",248
"2018-12-10 09:46:00",248
"2018-12-10 10:46:00",248
"2018-12-10 11:45:58",248
"2018-12-10 12:46:00",248
"2018-12-10 13:46:05",248
"2018-12-10 15:09:38",249
"2018-12-10 15:45:59",249
"2018-12-10 16:46:01",249
"2018-12-10 17:46:03",249
"2018-12-10 18:46:01",249
"2018-12-10 19:46:01",249
"2018-12-10 20:45:58",249
"2018-12-10 21:46:01",249
"2018-12-10 22:45:59",249
"2018-12-10 23:46:02",249
"2018-12-11 00:46:00",249
"2018-12-11 01:45:58",249
"2018-12-11 02:46:00",249
"2018-12-11 03:46:00",249
"2018-12-11 04:45:58",249
"2018-12-11 05:46:02",249
"2018-12-11 06:46:01",249
"2018-12-11 07:46:00",249
"2018-12-11 08:46:00",249
"2018-12-11 09:45:59",249
"2018-12-11 10:46:00",249
"2018-12-11 11:46:00",249
"2018-12-11 12:46:00",249
"2018-12-11 13:45:59",249
"2018-12-11 15:10:34",250
"2018-12-11 15:46:01",250
"2018-12-11 16:46:01",250
"2018-12-11 17:46:00",250
"2018-12-11 18:46:00",250
"2018-12-11 19:46:01",249
"2018-12-11 20:46:00",249
"2018-12-11 21:46:04",249
"2018-12-11 22:46:01",249
"2018-12-11 23:46:01",249
"2018-12-12 00:45:58",249
"2018-12-12 01:45:59",249
"2018-12-12 02:46:00",249
"2018-12-12 03:46:00",249
"2018-12-12 04:45:59",249
"2018-12-12 05:45:58",249
"2018-12-12 06:45:59",249
"2018-12-12 07:45:59",249
"2018-12-12 08:46:00",249
"2018-12-12 09:46:00",249
"2018-12-12 10:46:00",249
"2018-12-12 11:46:03",249
"2018-12-12 12:46:05",249
"2018-12-12 14:11:39",249
"2018-12-12 14:46:05",249
"2018-12-12 15:46:02",249
"2018-12-12 16:46:02",250
"2018-12-12 17:46:03",249
"2018-12-12 18:46:00",249
"2018-12-12 19:46:01",249
"2018-12-12 20:46:00",249
"2018-12-12 21:46:01",249
"2018-12-12 22:46:02",249
"2018-12-12 23:46:02",249
"2018-12-13 00:45:59",249
"2018-12-13 01:46:01",249
"2018-12-13 02:46:02",249
"2018-12-13 03:46:00",249
"2018-12-13 04:46:08",249
"2018-12-13 05:46:04",249
"2018-12-13 06:46:03",249
"2018-12-13 07:46:01",249
"2018-12-13 08:45:59",249
"2018-12-13 09:46:00",249
"2018-12-13 10:45:59",249
"2018-12-13 11:45:59",249
"2018-12-13 12:45:59",249
"2018-12-13 14:10:04",249
"2018-12-13 14:46:03",249
"2018-12-13 15:46:03",249
"2018-12-13 16:46:00",249
"2018-12-13 17:46:04",249
"2018-12-13 18:46:03",249
"2018-12-13 19:46:03",249
"2018-12-13 20:46:02",249
"2018-12-13 21:46:00",250
"2018-12-13 22:46:02",250
"2018-12-13 23:46:01",250
"2018-12-14 00:46:00",250
"2018-12-14 01:46:00",250
"2018-12-14 02:45:59",250
"2018-12-14 03:45:59",250
"2018-12-14 04:46:04",250
"2018-12-14 05:46:00",250
"2018-12-14 06:46:01",250
"2018-12-14 07:46:01",250
"2018-12-14 08:46:00",250
"2018-12-14 09:46:00",250
"2018-12-14 10:46:00",250
"2018-12-14 11:46:01",250
"2018-12-14 12:46:00",250
"2018-12-14 14:10:03",250
"2018-12-14 14:46:05",250
"2018-12-14 15:46:02",251
"2018-12-14 16:46:00",251
"2018-12-14 17:46:02",251
"2018-12-14 18:46:06",253
"2018-12-14 19:46:05",253
"2018-12-14 20:46:06",253
"2018-12-14 21:46:00",252
"2018-12-14 22:46:04",252
"2018-12-14 23:46:02",252
"2018-12-15 00:46:01",252
"2018-12-15 01:46:03",252
"2018-12-15 02:45:59",252
"2018-12-15 03:46:01",252
"2018-12-15 04:46:00",252
"2018-12-15 05:46:03",252
"2018-12-15 06:46:01",252
"2018-12-15 07:46:00",252
"2018-12-15 08:46:00",252
"2018-12-15 09:45:59",252
"2018-12-15 10:46:00",252
"2018-12-15 11:46:00",252
"2018-12-15 12:46:01",252
"2018-12-15 13:46:00",252
"2018-12-15 14:46:00",252
"2018-12-15 15:46:01",252
"2018-12-15 16:46:01",252
"2018-12-15 17:46:03",252
"2018-12-15 18:46:01",252
"2018-12-15 19:46:00",252
"2018-12-15 20:46:00",252
"2018-12-15 21:45:59",252
"2018-12-15 22:46:00",252
"2018-12-15 23:45:59",252
"2018-12-16 00:46:00",252
"2018-12-16 01:46:00",252
"2018-12-16 02:45:59",252
"2018-12-16 03:46:01",252
"2018-12-16 04:46:05",252
"2018-12-16 05:45:59",252
"2018-12-16 06:46:03",252
"2018-12-16 07:46:02",252
"2018-12-16 08:45:59",252
"2018-12-16 09:46:03",252
"2018-12-16 10:46:00",252
"2018-12-16 11:46:01",252
"2018-12-16 12:45:59",252
"2018-12-16 13:45:59",252
"2018-12-16 14:46:00",252
"2018-12-16 15:45:59",252
"2018-12-16 16:45:59",252
"2018-12-16 17:46:05",252
"2018-12-16 18:45:59",252
"2018-12-16 19:46:01",252
"2018-12-16 20:46:01",252
"2018-12-16 21:45:59",252
"2018-12-16 22:46:04",252
"2018-12-16 23:46:03",252
"2018-12-17 00:46:02",252
"2018-12-17 01:46:00",252
"2018-12-17 02:46:01",252
"2018-12-17 03:45:59",252
"2018-12-17 04:46:07",252
"2018-12-17 05:46:00",252
"2018-12-17 06:46:02",252
"2018-12-17 07:46:01",252
"2018-12-17 08:45:59",252
"2018-12-17 09:46:00",252
"2018-12-17 10:46:00",252
"2018-12-17 11:46:00",252
"2018-12-17 12:46:00",252
"2018-12-17 13:46:05",252
"2018-12-17 14:46:08",252
"2018-12-17 15:46:03",252
"2018-12-17 16:46:03",252
"2018-12-17 17:46:00",252
"2018-12-17 18:46:02",252
"2018-12-17 20:11:35",251
"2018-12-17 20:46:02",251
"2018-12-17 21:46:03",251
"2018-12-17 22:46:03",251
"2018-12-17 23:46:00",251
"2018-12-18 00:46:00",251
"2018-12-18 01:46:02",251
"2018-12-18 02:45:59",251
"2018-12-18 03:46:00",251
"2018-12-18 04:45:59",251
"2018-12-18 05:46:00",251
"2018-12-18 06:45:59",251
"2018-12-18 07:45:59",251
"2018-12-18 08:45:59",251
"2018-12-18 09:45:59",251
"2018-12-18 10:46:00",251
"2018-12-18 11:45:58",251
"2018-12-18 12:46:00",251
"2018-12-18 13:46:00",251
"2018-12-18 14:46:02",251
"2018-12-18 15:46:00",251
"2018-12-18 16:46:00",252
"2018-12-18 17:46:00",253
"2018-12-18 18:45:59",253
"2018-12-18 19:45:59",253
"2018-12-18 20:46:04",253
"2018-12-18 21:46:03",252
"2018-12-18 22:46:08",252
"2018-12-18 23:46:03",252
"2018-12-19 00:46:00",252
"2018-12-19 01:46:01",252
"2018-12-19 02:46:01",252
"2018-12-19 03:46:04",252
"2018-12-19 04:46:03",252
"2018-12-19 05:46:04",252
"2018-12-19 06:46:02",252
"2018-12-19 07:46:01",252
"2018-12-19 08:45:59",252
"2018-12-19 09:46:02",252
"2018-12-19 11:46:00",252
"2018-12-19 12:46:00",252
"2018-12-19 13:45:59",252
"2018-12-19 14:46:02",252
"2018-12-19 15:46:01",252
"2018-12-19 16:46:01",253
"2018-12-19 17:45:58",253
"2018-12-19 18:46:03",253
"2018-12-19 19:46:00",253
"2018-12-19 20:46:01",253
"2018-12-19 21:46:09",252
"2018-12-19 22:46:07",252
"2018-12-19 23:46:07",252
"2018-12-20 00:46:07",252
"2018-12-20 01:46:06",252
"2018-12-20 02:46:04",252
"2018-12-20 03:46:04",252
"2018-12-20 04:46:06",252
"2018-12-20 05:46:00",252
"2018-12-20 06:46:01",252
"2018-12-20 07:46:07",252
"2018-12-20 08:46:04",251
"2018-12-20 09:45:59",251
"2018-12-20 10:46:01",251
"2018-12-20 11:46:00",251
"2018-12-20 12:45:59",251
"2018-12-20 13:46:01",251
"2018-12-20 14:46:05",251
"2018-12-20 15:46:03",249
"2018-12-20 16:46:09",249
"2018-12-20 17:46:03",249
"2018-12-20 18:46:01",249
"2018-12-20 19:46:00",249
"2018-12-20 20:46:05",249
"2018-12-20 21:46:04",250
"2018-12-20 22:46:05",250
"2018-12-20 23:46:05",250
"2018-12-21 00:46:02",250
"2018-12-21 01:46:03",250
"2018-12-21 02:46:04",250
"2018-12-21 03:46:02",250
"2018-12-21 04:46:06",250
"2018-12-21 05:46:00",250
"2018-12-21 06:46:03",250
"2018-12-21 07:45:59",250
"2018-12-21 08:45:59",250
"2018-12-21 09:46:00",250
"2018-12-21 10:45:58",250
"2018-12-21 11:46:00",250
"2018-12-21 12:46:00",250
"2018-12-21 13:46:00",250
"2018-12-21 14:46:04",250
"2018-12-21 15:46:03",250
"2018-12-21 16:46:05",250
"2018-12-21 17:46:06",250
"2018-12-21 18:46:09",250
"2018-12-21 19:46:02",250
"2018-12-21 20:46:10",250
"2018-12-21 21:46:05",249
"2018-12-21 22:46:06",249
"2018-12-21 23:46:04",249
"2018-12-22 00:46:08",249
"2018-12-22 01:46:06",249
"2018-12-22 02:46:09",249
"2018-12-22 03:46:01",249
"2018-12-22 04:46:07",249
"2018-12-22 05:46:01",249
"2018-12-22 06:46:06",249
"2018-12-22 07:46:05",249
"2018-12-22 08:46:00",249
"2018-12-22 09:46:00",249
"2018-12-22 10:46:02",249
"2018-12-22 11:46:00",249
"2018-12-22 12:46:00",249
"2018-12-22 13:46:00",249
"2018-12-22 14:46:01",249
"2018-12-22 15:46:02",249
"2018-12-22 16:46:00",249
"2018-12-22 17:46:02",249
"2018-12-22 18:46:00",249
"2018-12-22 19:46:06",249
"2018-12-22 20:46:04",249
"2018-12-22 21:46:04",249
"2018-12-22 22:46:05",249
"2018-12-22 23:46:02",249
"2018-12-23 00:46:01",249
"2018-12-23 01:46:03",249
"2018-12-23 02:46:01",249
"2018-12-23 03:46:35",249
"2018-12-23 04:46:03",249
"2018-12-23 05:46:01",249
"2018-12-23 06:46:07",249
"2018-12-23 07:46:02",249
"2018-12-23 08:46:04",249
"2018-12-23 09:46:01",249
"2018-12-23 10:46:09",249
"2018-12-23 11:46:05",249
"2018-12-23 12:46:01",249
"2018-12-23 13:46:03",249
"2018-12-23 14:46:04",249
"2018-12-23 15:46:06",249
"2018-12-23 16:46:07",249
"2018-12-23 17:46:08",249
"2018-12-23 18:46:06",249
"2018-12-23 19:46:04",249
"2018-12-23 20:46:08",249
"2018-12-23 21:46:06",249
"2018-12-23 22:46:04",249
"2018-12-23 23:46:01",249
"2018-12-24 00:46:03",249
"2018-12-24 01:46:07",249
"2018-12-24 02:46:08",249
"2018-12-24 03:46:07",249
"2018-12-24 04:46:00",249
"2018-12-24 05:46:03",249
"2018-12-24 06:46:02",249
"2018-12-24 07:46:07",249
"2018-12-24 08:46:01",249
"2018-12-24 09:46:08",249
"2018-12-24 10:46:02",249
"2018-12-24 11:46:04",249
"2018-12-24 12:46:01",249
"2018-12-24 13:46:05",249
"2018-12-24 15:09:45",248
"2018-12-24 15:46:07",248
"2018-12-24 16:46:05",246
"2018-12-24 17:46:06",247
"2018-12-24 18:46:08",247
"2018-12-24 19:46:08",247
"2018-12-24 20:46:08",247
"2018-12-24 21:46:01",247
"2018-12-24 22:46:02",247
"2018-12-24 23:46:00",247
"2018-12-25 00:46:03",247
"2018-12-25 01:46:00",247
"2018-12-25 02:46:06",247
"2018-12-25 03:46:04",247
"2018-12-25 04:46:02",247
"2018-12-25 05:46:03",247
"2018-12-25 06:46:05",247
"2018-12-25 07:46:02",247
"2018-12-25 08:46:03",247
"2018-12-25 09:46:00",247
"2018-12-25 10:46:00",247
"2018-12-25 11:46:00",247
"2018-12-25 12:46:01",247
"2018-12-25 13:46:01",247
"2018-12-25 14:46:01",247
"2018-12-25 15:46:01",247
"2018-12-25 16:46:00",247
"2018-12-25 17:46:05",247
"2018-12-25 18:46:02",247
"2018-12-25 19:46:02",247
"2018-12-25 20:46:02",247
"2018-12-25 21:46:01",247
"2018-12-25 22:46:02",247
"2018-12-25 23:46:02",247
"2018-12-26 00:46:03",247
"2018-12-26 01:46:01",247
"2018-12-26 02:46:02",247
"2018-12-26 03:46:01",247
"2018-12-26 04:46:01",247
"2018-12-26 05:46:00",247
"2018-12-26 06:46:07",247
"2018-12-26 07:46:04",247
"2018-12-26 08:46:05",247
"2018-12-26 09:46:00",247
"2018-12-26 10:46:03",247
"2018-12-26 11:46:00",247
"2018-12-26 12:46:01",247
"2018-12-26 13:46:10",247
"2018-12-26 15:11:14",248
"2018-12-26 15:46:05",248
"2018-12-26 16:46:04",248
"2018-12-26 17:46:06",248
"2018-12-26 18:46:02",248
"2018-12-26 19:46:05",248
"2018-12-26 20:46:08",249
"2018-12-26 21:46:06",250
"2018-12-26 22:46:08",250
"2018-12-26 23:46:06",250
"2018-12-27 00:46:06",250
"2018-12-27 01:46:07",250
"2018-12-27 02:46:07",250
"2018-12-27 03:46:08",250
"2018-12-27 04:46:02",250
"2018-12-27 05:46:05",250
"2018-12-27 06:46:03",250
"2018-12-27 07:46:05",250
"2018-12-27 08:46:01",250
"2018-12-27 09:46:02",250
"2018-12-27 10:46:04",250
"2018-12-27 11:46:01",250
"2018-12-27 12:46:01",250
"2018-12-27 13:46:00",250
"2018-12-27 14:46:04",250
"2018-12-27 15:46:01",250
"2018-12-27 16:46:01",250
"2018-12-27 17:46:07",250
"2018-12-27 18:46:09",250
"2018-12-27 19:46:07",249
"2018-12-27 20:46:04",249
"2018-12-27 21:46:05",249
"2018-12-27 22:46:13",249
"2018-12-27 23:46:15",249
"2018-12-28 00:46:13",249
"2018-12-28 01:46:09",249
"2018-12-28 02:46:10",249
"2018-12-28 03:46:04",249
"2018-12-28 04:46:05",249
"2018-12-28 05:46:02",249
"2018-12-28 06:46:14",249
"2018-12-28 07:46:12",249
"2018-12-28 08:46:08",249
"2018-12-28 09:46:08",249
"2018-12-28 10:46:03",249
"2018-12-28 11:46:04",249
"2018-12-28 12:46:01",249
"2018-12-28 13:46:02",249
"2018-12-28 14:46:04",249
"2018-12-28 16:11:40",250
"2018-12-28 16:46:03",250
"2018-12-28 17:46:10",250
"2018-12-28 18:46:07",250
"2018-12-28 19:46:03",250
"2018-12-28 20:46:06",250
"2018-12-28 21:46:09",250
"2018-12-28 22:46:02",250
"2018-12-28 23:46:04",250
"2018-12-29 00:46:04",250
"2018-12-29 01:46:01",250
"2018-12-29 02:46:03",250
"2018-12-29 03:46:01",250
"2018-12-29 04:46:02",250
"2018-12-29 05:46:03",250
"2018-12-29 06:46:00",250
"2018-12-29 07:46:12",250
"2018-12-29 08:46:09",250
"2018-12-29 09:46:05",250
"2018-12-29 10:46:03",250
"2018-12-29 11:46:03",250
"2018-12-29 12:46:01",250
"2018-12-29 13:46:03",250
"2018-12-29 14:46:00",250
"2018-12-29 15:46:01",250
"2018-12-29 16:46:05",250
"2018-12-29 17:46:01",250
"2018-12-29 18:46:07",250
"2018-12-29 19:46:09",250
"2018-12-29 20:46:02",250
"2018-12-29 21:46:08",250
"2018-12-29 22:46:03",250
"2018-12-29 23:46:09",250
"2018-12-30 00:46:02",250
"2018-12-30 01:46:04",250
"2018-12-30 02:46:00",250
"2018-12-30 03:46:03",250
"2018-12-30 04:46:01",250
"2018-12-30 05:46:01",250
"2018-12-30 06:46:00",250
"2018-12-30 07:46:00",250
"2018-12-30 08:46:00",250
"2018-12-30 09:46:00",250
"2018-12-30 10:45:59",250
"2018-12-30 11:46:01",250
"2018-12-30 12:46:01",250
"2018-12-30 13:46:01",250
"2018-12-30 14:46:00",250
"2018-12-30 15:46:00",250
"2018-12-30 16:46:00",250
"2018-12-30 17:46:02",250
"2018-12-30 18:46:00",250
"2018-12-30 19:46:01",250
"2018-12-30 20:46:01",250
"2018-12-30 21:46:02",250
"2018-12-30 22:46:05",250
"2018-12-30 23:46:03",250
"2018-12-31 00:46:03",250
"2018-12-31 01:46:01",250
"2018-12-31 02:45:59",250
"2018-12-31 03:46:05",250
"2018-12-31 04:46:03",250
"2018-12-31 05:46:05",250
"2018-12-31 06:46:02",250
"2018-12-31 07:46:02",250
"2018-12-31 08:46:01",250
"2018-12-31 09:46:05",250
"2018-12-31 10:46:04",250
"2018-12-31 11:46:01",250
"2018-12-31 12:46:00",250
"2018-12-31 13:46:00",250
"2018-12-31 14:46:11",250
"2018-12-31 15:46:01",251
"2018-12-31 16:46:02",251
"2018-12-31 17:46:04",251
"2018-12-31 18:46:03",251
"2018-12-31 19:46:04",250
"2018-12-31 20:46:04",250
"2018-12-31 21:46:03",250
"2018-12-31 22:46:03",250
"2018-12-31 23:46:00",250
"2019-01-01 00:46:01",250
"2019-01-01 01:46:04",250
"2019-01-01 02:46:02",250
"2019-01-01 03:46:01",250
"2019-01-01 04:46:02",250
"2019-01-01 05:46:01",250
"2019-01-01 06:46:01",250
"2019-01-01 07:46:00",250
"2019-01-01 08:46:01",250
"2019-01-01 09:45:59",250
"2019-01-01 10:46:00",250
"2019-01-01 11:46:00",250
"2019-01-01 12:46:00",250
"2019-01-01 13:46:01",250
"2019-01-01 14:46:01",250
"2019-01-01 15:46:01",250
"2019-01-01 16:46:00",250
"2019-01-01 17:46:02",250
"2019-01-01 18:46:00",250
"2019-01-01 19:46:00",250
"2019-01-01 20:45:59",250
"2019-01-01 21:46:02",250
"2019-01-01 22:46:05",250
"2019-01-01 23:46:00",250
"2019-01-02 00:46:02",250
"2019-01-02 01:46:00",250
"2019-01-02 02:46:03",250
"2019-01-02 03:46:01",250
"2019-01-02 04:46:01",250
"2019-01-02 05:46:05",250
"2019-01-02 06:46:01",250
"2019-01-02 07:46:02",250
"2019-01-02 08:46:01",250
"2019-01-02 09:46:01",250
"2019-01-02 10:46:05",250
"2019-01-02 11:46:00",250
"2019-01-02 12:45:59",250
"2019-01-02 13:46:01",250
"2019-01-02 15:11:10",250
"2019-01-02 15:46:04",250
"2019-01-02 16:46:00",250
"2019-01-02 17:46:00",250
"2019-01-02 18:46:04",250
"2019-01-02 19:46:06",250
"2019-01-02 20:46:04",250
"2019-01-02 21:46:00",250
"2019-01-02 22:46:02",250
"2019-01-02 23:46:08",250
"2019-01-03 00:46:03",250
"2019-01-03 01:46:00",250
"2019-01-03 02:46:02",250
"2019-01-03 03:46:00",250
"2019-01-03 05:46:05",250
"2019-01-03 06:46:01",250
"2019-01-03 07:46:03",250
"2019-01-03 08:46:01",250
"2019-01-03 09:46:01",250
"2019-01-03 10:46:01",250
"2019-01-03 11:46:01",250
"2019-01-03 12:46:01",250
"2019-01-03 13:45:59",250
"2019-01-03 14:46:07",250
"2019-01-03 15:46:08",249
"2019-01-03 16:46:07",248
"2019-01-03 17:46:09",248
"2019-01-03 18:46:04",247
"2019-01-03 19:46:06",247
"2019-01-03 20:46:02",247
"2019-01-03 21:46:05",247
"2019-01-03 22:46:09",247
"2019-01-03 23:46:01",247
"2019-01-04 00:46:05",247
"2019-01-04 01:46:03",247
"2019-01-04 02:46:09",247
"2019-01-04 03:46:02",247
"2019-01-04 04:46:02",247
"2019-01-04 05:46:05",247
"2019-01-04 06:46:07",247
"2019-01-04 07:46:01",247
"2019-01-04 08:46:04",247
"2019-01-04 09:46:05",247
"2019-01-04 10:46:01",247
"2019-01-04 11:46:02",247
"2019-01-04 12:46:01",247
"2019-01-04 13:46:01",247
"2019-01-04 15:10:58",246
"2019-01-04 15:46:08",246
"2019-01-04 16:46:05",246
"2019-01-04 17:46:03",246
"2019-01-04 18:46:06",246
"2019-01-04 19:46:09",246
"2019-01-04 20:46:05",246
"2019-01-04 21:46:06",247
"2019-01-04 22:46:01",247
"2019-01-04 23:46:04",247
"2019-01-05 00:46:07",247
"2019-01-05 01:46:03",247
"2019-01-05 02:46:05",247
"2019-01-05 03:46:02",247
"2019-01-05 04:46:03",247
"2019-01-05 05:46:02",247
"2019-01-05 06:46:01",247
"2019-01-05 07:46:02",247
"2019-01-05 08:46:06",247
"2019-01-05 09:46:05",247
"2019-01-05 10:46:02",247
"2019-01-05 11:46:01",247
"2019-01-05 12:46:01",247
"2019-01-05 13:46:02",247
"2019-01-05 14:46:01",247
"2019-01-05 15:46:02",247
"2019-01-05 16:46:01",247
"2019-01-05 17:46:02",247
"2019-01-05 18:46:02",247
"2019-01-05 19:46:10",247
"2019-01-05 20:46:04",247
"2019-01-05 21:46:04",247
"2019-01-05 22:46:02",247
"2019-01-05 23:46:01",247
"2019-01-06 00:46:02",247
"2019-01-06 01:46:02",247
"2019-01-06 02:46:02",247
"2019-01-06 03:46:02",247
"2019-01-06 04:46:02",247
"2019-01-06 05:46:02",247
"2019-01-06 06:46:00",247
"2019-01-06 07:46:03",247
"2019-01-06 08:46:00",247
"2019-01-06 09:46:00",247
"2019-01-06 10:46:01",247
"2019-01-06 11:46:01",247
"2019-01-06 12:46:02",247
"2019-01-06 13:46:01",247
"2019-01-06 14:46:01",247
"2019-01-06 15:46:02",247
"2019-01-06 16:46:01",247
"2019-01-06 17:46:02",247
"2019-01-06 18:46:01",247
"2019-01-06 19:46:01",247
"2019-01-06 20:46:01",247
"2019-01-06 21:46:01",247
"2019-01-06 22:46:01",247
"2019-01-06 23:46:02",247
"2019-01-07 00:46:01",247
"2019-01-07 01:46:01",247
"2019-01-07 02:46:04",247
"2019-01-07 03:46:03",247
"2019-01-07 04:46:02",247
"2019-01-07 05:46:01",247
"2019-01-07 06:46:02",247
"2019-01-07 07:46:01",247
"2019-01-07 08:46:01",247
"2019-01-07 09:46:03",247
"2019-01-07 10:46:06",247
"2019-01-07 11:46:03",247
"2019-01-07 12:46:03",247
"2019-01-07 14:11:34",247
"2019-01-07 14:46:05",247
"2019-01-07 15:46:07",248
"2019-01-07 16:46:08",248
"2019-01-07 17:46:08",248
"2019-01-07 18:46:05",248
"2019-01-07 19:46:02",250
"2019-01-07 20:46:08",250
"2019-01-07 21:46:05",250
"2019-01-07 22:46:03",250
"2019-01-07 23:46:09",250
"2019-01-08 00:46:00",250
"2019-01-08 01:46:03",250
"2019-01-08 02:46:07",250
"2019-01-08 03:46:05",250
"2019-01-08 04:46:03",250
"2019-01-08 05:46:04",250
"2019-01-08 06:46:02",250
"2019-01-08 07:46:02",250
"2019-01-08 08:46:03",250
"2019-01-08 09:46:02",250
"2019-01-08 10:46:04",250
"2019-01-08 11:46:05",250
"2019-01-08 12:46:04",250
"2019-01-08 13:46:06",250
"2019-01-08 14:46:09",250
"2019-01-08 15:46:08",250
"2019-01-08 16:46:05",250
"2019-01-08 17:46:04",250
"2019-01-08 18:46:04",250
"2019-01-08 19:46:03",252
"2019-01-08 20:46:01",251
"2019-01-08 21:46:05",251
"2019-01-08 22:46:02",251
"2019-01-08 23:46:05",251
"2019-01-09 00:46:06",251
"2019-01-09 01:46:03",251
"2019-01-09 02:46:57",251
"2019-01-09 04:46:06",251
"2019-01-09 05:46:06",251
"2019-01-09 06:46:03",251
"2019-01-09 07:46:12",251
"2019-01-09 08:46:11",251
"2019-01-09 09:46:04",251
"2019-01-09 10:46:04",251
"2019-01-09 11:46:01",251
"2019-01-09 12:46:01",251
"2019-01-09 14:11:35",251
"2019-01-09 14:46:09",251
"2019-01-09 15:46:06",252
"2019-01-09 16:46:08",252
"2019-01-09 17:46:05",252
"2019-01-09 18:46:05",252
"2019-01-09 19:46:05",252
"2019-01-09 20:46:12",252
"2019-01-09 21:46:05",252
"2019-01-09 22:46:04",252
"2019-01-09 23:46:03",252
"2019-01-10 00:46:00",252
"2019-01-10 01:46:01",252
"2019-01-10 02:46:02",252
"2019-01-10 03:46:01",252
"2019-01-10 04:46:01",252
"2019-01-10 05:46:02",252
"2019-01-10 06:46:00",252
"2019-01-10 07:46:03",252
"2019-01-10 08:46:02",252
"2019-01-10 09:46:01",252
"2019-01-10 10:46:01",252
"2019-01-10 11:46:00",252
"2019-01-10 12:46:00",252
"2019-01-10 13:46:03",252
"2019-01-10 15:10:41",251
"2019-01-10 15:46:07",251
"2019-01-10 16:46:05",251
"2019-01-10 17:46:05",251
"2019-01-10 18:46:02",251
"2019-01-10 19:46:02",252
"2019-01-10 20:46:08",252
"2019-01-10 21:46:05",252
"2019-01-10 22:46:02",252
"2019-01-10 23:46:04",252
"2019-01-11 00:46:04",252
"2019-01-11 01:46:02",252
"2019-01-11 02:46:04",252
"2019-01-11 03:46:03",252
"2019-01-11 04:46:04",252
"2019-01-11 05:46:04",252
"2019-01-11 06:46:01",252
"2019-01-11 07:46:08",252
"2019-01-11 08:46:03",252
"2019-01-11 09:46:03",252
"2019-01-11 10:46:02",252
"2019-01-11 11:46:02",252
"2019-01-11 12:46:03",252
"2019-01-11 13:46:02",252
"2019-01-11 14:46:08",252
"2019-01-11 15:46:07",253
"2019-01-11 16:46:02",254
"2019-01-11 17:46:04",255
"2019-01-11 18:46:02",255
"2019-01-11 19:46:08",255
"2019-01-11 20:46:06",255
"2019-01-11 21:46:00",255
"2019-01-11 22:46:03",255
"2019-01-11 23:46:01",255
"2019-01-12 00:46:02",255
"2019-01-12 01:46:05",255
"2019-01-12 02:46:01",255
"2019-01-12 03:46:03",255
"2019-01-12 04:46:00",255
"2019-01-12 05:45:59",255
"2019-01-12 06:46:02",255
"2019-01-12 07:45:59",255
"2019-01-12 08:46:00",255
"2019-01-12 09:46:02",255
"2019-01-12 10:46:01",255
"2019-01-12 11:46:00",255
"2019-01-12 12:46:00",255
"2019-01-12 13:46:00",255
"2019-01-12 14:46:00",255
"2019-01-12 15:46:00",255
"2019-01-12 16:46:03",255
"2019-01-12 17:46:02",255
"2019-01-12 18:45:59",255
"2019-01-12 19:46:05",255
"2019-01-12 20:46:02",255
"2019-01-12 21:46:00",255
"2019-01-12 22:46:01",255
"2019-01-12 23:46:08",255
"2019-01-13 00:46:01",255
"2019-01-13 01:46:00",255
"2019-01-13 02:46:01",255
"2019-01-13 03:46:01",255
"2019-01-13 04:46:03",255
"2019-01-13 05:46:01",255
"2019-01-13 06:46:01",255
"2019-01-13 07:46:01",255
"2019-01-13 08:46:00",255
"2019-01-13 09:46:03",255
"2019-01-13 10:46:11",255
"2019-01-13 11:46:05",255
"2019-01-13 12:46:00",255
"2019-01-13 13:46:01",255
"2019-01-13 14:46:00",255
"2019-01-13 15:46:01",255
"2019-01-13 16:46:00",255
"2019-01-13 17:46:01",255
"2019-01-13 18:46:01",255
"2019-01-13 19:46:01",255
"2019-01-13 20:46:03",255
"2019-01-13 21:46:01",255
"2019-01-13 22:46:02",255
"2019-01-13 23:46:01",255
"2019-01-14 00:46:01",255
"2019-01-14 01:46:02",255
"2019-01-14 02:46:01",255
"2019-01-14 03:46:00",255
"2019-01-14 04:46:02",255
"2019-01-14 05:46:02",255
"2019-01-14 06:46:00",255
"2019-01-14 07:46:00",255
"2019-01-14 08:46:00",255
"2019-01-14 09:46:01",255
"2019-01-14 10:46:02",255
"2019-01-14 11:46:01",255
"2019-01-14 12:46:00",255
"2019-01-14 13:46:02",255
"2019-01-14 14:46:03",255
"2019-01-14 15:46:07",255
"2019-01-14 16:46:03",255
"2019-01-14 17:46:02",255
"2019-01-14 18:46:03",255
"2019-01-14 19:46:06",255
"2019-01-14 20:46:00",255
"2019-01-14 21:46:01",255
"2019-01-14 22:46:01",255
"2019-01-14 23:46:00",255
"2019-01-15 00:46:01",255
"2019-01-15 01:46:00",255
"2019-01-15 02:46:01",255
"2019-01-15 03:46:01",255
"2019-01-15 04:46:07",255
"2019-01-15 05:46:00",255
"2019-01-15 06:46:00",255
"2019-01-15 07:46:00",255
"2019-01-15 08:46:00",255
"2019-01-15 09:45:59",255
"2019-01-15 10:46:00",255
"2019-01-15 11:46:00",255
"2019-01-15 12:46:01",255
"2019-01-15 13:45:59",255
"2019-01-15 14:46:08",255
"2019-01-15 15:46:05",256
"2019-01-15 16:46:06",257
"2019-01-15 17:46:01",257
"2019-01-15 18:46:02",257
"2019-01-15 19:46:01",257
"2019-01-15 20:46:03",257
"2019-01-15 21:46:03",257
"2019-01-15 22:46:03",257
"2019-01-15 23:46:04",257
"2019-01-16 00:46:01",257
"2019-01-16 01:46:11",257
"2019-01-16 02:46:01",257
"2019-01-16 03:45:59",257
"2019-01-16 04:46:00",257
"2019-01-16 05:45:59",257
"2019-01-16 06:46:00",257
"2019-01-16 07:46:00",257
"2019-01-16 08:45:59",257
"2019-01-16 09:46:00",257
"2019-01-16 10:45:59",257
"2019-01-16 11:45:58",257
"2019-01-16 12:45:59",257
"2019-01-16 14:12:34",257
"2019-01-16 15:11:36",258
"2019-01-16 15:46:03",258
"2019-01-16 16:46:02",258
"2019-01-16 17:46:01",258
"2019-01-16 18:46:08",258
"2019-01-16 19:46:03",258
"2019-01-16 20:46:00",258
"2019-01-16 21:46:01",258
"2019-01-16 22:45:59",258
"2019-01-16 23:45:58",258
"2019-01-17 00:46:00",258
"2019-01-17 01:46:01",258
"2019-01-17 02:46:05",258
"2019-01-17 03:46:01",258
"2019-01-17 04:46:02",258
"2019-01-17 05:46:00",258
"2019-01-17 06:46:00",258
"2019-01-17 07:45:59",258
"2019-01-17 08:45:59",258
"2019-01-17 09:46:01",258
"2019-01-17 10:46:00",258
"2019-01-17 11:46:00",258
"2019-01-17 12:45:59",258
"2019-01-17 13:45:59",258
"2019-01-17 15:12:08",257
"2019-01-17 15:46:06",257
"2019-01-17 16:46:01",257
"2019-01-17 17:46:01",257
"2019-01-17 18:46:02",256
"2019-01-17 19:46:07",256
"2019-01-17 20:46:04",257
"2019-01-17 21:46:00",258
"2019-01-17 22:46:01",258
"2019-01-17 23:46:00",258
"2019-01-18 00:46:02",258
"2019-01-18 01:46:02",258
"2019-01-18 02:46:00",258
"2019-01-18 03:46:05",258
"2019-01-18 04:46:02",258
"2019-01-18 05:46:01",258
"2019-01-18 06:46:01",258
"2019-01-18 07:46:01",258
"2019-01-18 08:46:00",258
"2019-01-18 09:46:01",258
"2019-01-18 10:46:01",258
"2019-01-18 11:46:00",258
"2019-01-18 12:46:01",258
"2019-01-18 13:46:01",258
"2019-01-18 14:46:06",258
"2019-01-18 15:46:06",258
"2019-01-18 16:46:05",258
"2019-01-18 17:46:04",258
"2019-01-18 18:46:03",257
"2019-01-18 19:46:00",257
"2019-01-18 20:46:05",257
"2019-01-18 21:46:01",255
"2019-01-18 22:46:00",255
"2019-01-18 23:46:01",254
"2019-01-19 00:46:01",254
"2019-01-19 01:46:01",254
"2019-01-19 02:46:01",254
"2019-01-19 03:46:01",254
"2019-01-19 04:46:02",254
"2019-01-19 05:46:01",254
"2019-01-19 06:46:00",254
"2019-01-19 07:46:00",254
"2019-01-19 08:46:00",254
"2019-01-19 09:46:01",254
"2019-01-19 10:46:01",254
"2019-01-19 11:46:00",254
"2019-01-19 12:45:59",254
"2019-01-19 13:46:01",254
"2019-01-19 14:46:00",254
"2019-01-19 15:46:02",254
"2019-01-19 16:46:01",254
"2019-01-19 17:46:01",254
"2019-01-19 18:45:59",254
"2019-01-19 19:46:00",254
"2019-01-19 20:46:00",254
"2019-01-19 21:46:00",254
"2019-01-19 22:46:00",254
"2019-01-19 23:46:01",254
"2019-01-20 00:46:02",254
"2019-01-20 01:46:00",254
"2019-01-20 02:46:01",254
"2019-01-20 03:46:01",254
"2019-01-20 04:46:04",254
"2019-01-20 05:46:01",254
"2019-01-20 06:46:01",254
"2019-01-20 07:46:00",254
"2019-01-20 08:46:00",254
"2019-01-20 09:46:00",254
"2019-01-20 10:45:59",254
"2019-01-20 11:46:00",254
"2019-01-20 12:46:00",254
"2019-01-20 13:46:00",254
"2019-01-20 14:46:00",254
"2019-01-20 15:46:01",254
"2019-01-20 16:46:02",254
"2019-01-20 17:46:01",254
"2019-01-20 18:46:00",254
"2019-01-20 19:46:01",254
"2019-01-20 20:46:01",254
"2019-01-20 21:46:00",254
"2019-01-20 22:46:00",254
"2019-01-20 23:46:01",254
"2019-01-21 00:46:01",254
"2019-01-21 01:46:01",254
"2019-01-21 02:46:01",254
"2019-01-21 03:46:01",254
"2019-01-21 04:46:02",254
"2019-01-21 05:46:01",254
"2019-01-21 06:46:00",254
"2019-01-21 07:46:00",254
"2019-01-21 08:46:00",254
"2019-01-21 09:46:02",254
"2019-01-21 10:46:01",254
"2019-01-21 11:46:00",254
"2019-01-21 12:46:00",254
"2019-01-21 13:45:59",254
"2019-01-21 14:46:00",254
"2019-01-21 15:45:59",254
"2019-01-21 16:46:00",254
"2019-01-21 17:46:00",254
"2019-01-21 18:46:00",254
"2019-01-21 19:45:59",254
"2019-01-21 20:46:01",254
"2019-01-21 21:45:59",254
"2019-01-21 22:46:01",254
"2019-01-21 23:46:00",254
"2019-01-22 00:46:01",254
"2019-01-22 01:45:59",254
"2019-01-22 02:46:01",254
"2019-01-22 03:46:00",254
"2019-01-22 04:46:04",254
"2019-01-22 05:46:02",254
"2019-01-22 06:46:00",254
"2019-01-22 07:46:00",254
"2019-01-22 08:46:00",254
"2019-01-22 09:46:00",254
"2019-01-22 10:46:00",254
"2019-01-22 11:45:59",254
"2019-01-22 12:46:00",254
"2019-01-22 13:46:00",254
"2019-01-22 14:46:00",254
"2019-01-22 15:46:00",254
"2019-01-22 16:46:00",255
"2019-01-22 17:46:00",255
"2019-01-22 18:46:00",255
"2019-01-22 19:46:04",255
"2019-01-22 20:46:02",255
"2019-01-22 21:46:02",255
"2019-01-22 22:45:59",255
"2019-01-22 23:46:00",255
"2019-01-23 00:46:01",255
"2019-01-23 01:46:01",255
"2019-01-23 02:46:00",255
"2019-01-23 03:46:02",255
"2019-01-23 04:46:01",255
"2019-01-23 05:46:01",255
"2019-01-23 06:46:03",255
"2019-01-23 07:46:03",255
"2019-01-23 08:46:02",255
"2019-01-23 09:46:04",255
"2019-01-23 10:46:02",255
"2019-01-23 11:46:00",255
"2019-01-23 12:46:00",255
"2019-01-23 13:46:00",255
"2019-01-23 15:10:04",255
"2019-01-23 15:46:01",255
"2019-01-23 16:46:00",255
"2019-01-23 17:46:01",254
"2019-01-23 18:46:00",254
"2019-01-23 19:46:00",254
"2019-01-23 20:46:00",254
"2019-01-23 21:46:00",255
"2019-01-23 22:46:00",255
"2019-01-23 23:46:00",255
"2019-01-30 08:24:07",258
"2019-01-30 08:52:10",258
"2019-01-30 08:52:13",258
"2019-01-30 09:52:02",258
"2019-01-30 09:52:14",258
"2019-01-30 10:52:09",258
"2019-01-30 10:52:10",258
"2019-01-30 11:52:03",258
"2019-01-30 11:52:15",258
"2019-01-30 12:52:10",258
"2019-01-30 12:52:13",258
"2019-01-30 13:52:06",258
"2019-01-30 13:52:09",258
"2019-01-30 14:52:03",258
"2019-01-30 14:52:15",258
"2019-01-30 15:52:11",258
"2019-01-30 15:52:14",258
"2019-01-30 16:52:07",258
"2019-01-30 16:52:10",258
"2019-01-30 17:52:05",258
"2019-01-30 17:52:16",258
"2019-01-30 18:52:03",258
"2019-01-30 18:52:12",258
"2019-01-30 19:52:15",257
"2019-01-30 19:52:18",257
"2019-01-30 20:47:11",257
"2019-01-30 21:52:09",257
"2019-01-30 21:52:12",257
"2019-01-30 22:52:09",257
"2019-01-30 22:52:13",257
"2019-01-30 23:52:12",257
"2019-01-30 23:52:16",257
"2019-01-31 00:52:13",257
"2019-01-31 00:52:16",257
"2019-01-31 01:52:09",257
"2019-01-31 01:52:12",257
"2019-01-31 02:52:10",257
"2019-01-31 02:52:13",257
"2019-01-31 03:52:10",257
"2019-01-31 03:52:14",257
"2019-01-31 04:52:08",257
"2019-01-31 04:52:12",257
"2019-01-31 05:52:10",257
"2019-01-31 05:52:13",257
"2019-01-31 06:52:10",257
"2019-01-31 06:52:13",257
"2019-01-31 08:19:32",257
"2019-01-31 08:46:07",257
"2019-01-31 10:09:40",257
"2019-01-31 10:46:07",257
"2019-01-31 11:46:06",257
"2019-01-31 12:46:05",257
"2019-01-31 13:46:07",257
"2019-01-31 15:46:08",256
"2019-01-31 16:46:12",256
"2019-01-31 17:46:10",256
"2019-01-31 18:46:10",256
"2019-01-31 19:46:11",258
"2019-01-31 20:46:10",258
"2019-01-31 21:46:08",258
"2019-01-31 22:46:06",258
"2019-01-31 23:46:05",258
"2019-02-01 00:46:06",258
"2019-02-01 01:46:08",258
"2019-02-01 02:46:11",258
"2019-02-01 03:46:09",258
"2019-02-01 04:46:07",258
"2019-02-01 05:46:07",258
"2019-02-01 06:46:08",258
"2019-02-01 07:46:10",258
"2019-02-01 08:46:07",258
"2019-02-01 09:46:07",258
"2019-02-01 10:46:06",258
"2019-02-01 11:46:08",258
"2019-02-01 12:46:06",258
"2019-02-01 13:46:08",258
"2019-02-01 14:46:09",258
"2019-02-01 15:46:08",257
"2019-02-01 16:46:10",258
"2019-02-01 17:46:07",259
"2019-02-01 18:46:15",259
"2019-02-01 19:46:11",259
"2019-02-01 20:46:08",259
"2019-02-01 21:46:12",259
"2019-02-01 22:46:10",259
"2019-02-02 00:11:12",259
"2019-02-02 00:46:08",259
"2019-02-02 01:46:08",259
"2019-02-02 02:46:07",259
"2019-02-02 03:46:06",259
"2019-02-02 04:46:07",259
"2019-02-02 05:46:07",259
"2019-02-02 06:46:07",259
"2019-02-02 07:46:07",259
"2019-02-02 08:46:06",259
"2019-02-02 09:46:06",259
"2019-02-02 10:46:05",259
"2019-02-02 11:46:05",259
"2019-02-02 12:46:07",259
"2019-02-02 13:46:08",259
"2019-02-02 14:46:09",259
"2019-02-02 15:46:06",259
"2019-02-02 16:46:13",259
"2019-02-02 17:46:10",259
"2019-02-02 18:46:09",259
"2019-02-02 19:46:07",259
"2019-02-02 20:46:10",259
"2019-02-02 21:46:07",259
"2019-02-02 22:46:08",259
"2019-02-02 23:46:08",259
"2019-02-03 00:46:08",259
"2019-02-03 01:46:07",259
"2019-02-03 02:46:09",259
"2019-02-03 03:46:09",259
"2019-02-03 04:46:08",259
"2019-02-03 05:46:04",259
"2019-02-03 06:46:08",259
"2019-02-03 07:46:07",259
"2019-02-03 08:46:06",259
"2019-02-03 09:46:06",259
"2019-02-03 10:46:05",259
"2019-02-03 11:46:08",259
"2019-02-03 12:46:08",259
"2019-02-03 13:46:08",259
"2019-02-03 14:46:09",259
"2019-02-03 15:46:06",259
"2019-02-03 16:46:07",259
"2019-02-03 17:46:08",259
"2019-02-03 18:46:11",259
"2019-02-03 19:46:06",259
"2019-02-03 20:46:08",259
"2019-02-03 21:46:12",259
"2019-02-03 22:46:11",259
"2019-02-03 23:46:10",259
"2019-02-04 00:46:09",259
"2019-02-04 01:46:07",259
"2019-02-04 02:46:11",259
"2019-02-04 03:46:09",259
"2019-02-04 04:46:09",259
"2019-02-04 05:46:06",259
"2019-02-04 06:46:07",259
"2019-02-04 07:46:06",259
"2019-02-04 08:46:06",259
"2019-02-04 09:46:07",259
"2019-02-04 10:46:08",259
"2019-02-04 11:46:08",259
"2019-02-04 12:46:05",259
"2019-02-04 13:46:06",259
"2019-02-04 14:46:10",259
"2019-02-04 15:46:11",258
"2019-02-04 16:46:10",258
"2019-02-04 17:46:10",258
"2019-02-04 18:46:11",259
"2019-02-04 19:46:08",259
"2019-02-04 20:46:12",258
"2019-02-04 21:46:11",258
"2019-02-04 22:46:11",258
"2019-02-04 23:46:10",258
"2019-02-05 00:46:09",258
"2019-02-05 01:46:15",258
"2019-02-05 02:46:12",258
"2019-02-05 03:46:12",258
"2019-02-05 04:46:27",258
"2019-02-05 05:46:10",258
"2019-02-05 06:46:10",258
"2019-02-05 07:46:10",258
"2019-02-05 08:46:13",258
"2019-02-05 09:46:10",258
"2019-02-05 10:46:10",258
"2019-02-05 11:46:08",258
"2019-02-05 12:46:08",258
"2019-02-05 13:46:09",258
"2019-02-05 14:46:12",258
"2019-02-05 15:46:09",258
"2019-02-05 16:46:14",259
"2019-02-05 17:46:11",259
"2019-02-05 18:46:15",259
"2019-02-05 19:46:14",259
"2019-02-05 20:46:12",259
"2019-02-05 21:46:11",259
"2019-02-05 22:46:12",259
"2019-02-05 23:46:15",259
"2019-02-06 00:46:11",259
"2019-02-06 01:46:10",259
"2019-02-06 02:46:11",259
"2019-02-06 03:46:12",259
"2019-02-06 04:46:11",259
"2019-02-06 05:46:11",259
"2019-02-06 06:46:15",259
"2019-02-06 07:46:12",259
"2019-02-06 08:46:05",259
"2019-02-06 09:46:05",259
"2019-02-07 02:46:21",262
"2019-02-07 03:46:09",262
"2019-02-07 04:46:08",262
"2019-02-07 05:46:09",262
"2019-02-07 06:46:07",262
"2019-02-07 07:46:07",262
"2019-02-07 08:46:08",262
"2019-02-07 09:46:08",262
"2019-02-07 10:46:13",262
"2019-02-07 11:46:14",262
"2019-02-07 12:46:11",262
"2019-02-07 13:46:13",262
"2019-02-07 15:09:44",261
"2019-02-07 15:46:14",261
"2019-02-07 16:46:15",261
"2019-02-07 17:46:12",261
"2019-02-07 18:46:18",261
"2019-02-07 19:46:17",261
"2019-02-07 20:46:14",261
"2019-02-07 21:46:13",261
"2019-02-07 22:46:11",261
"2019-02-07 23:46:12",261
"2019-02-08 00:46:43",261
"2019-02-08 01:46:11",261
"2019-02-08 02:46:12",261
"2019-02-08 03:46:18",261
"2019-02-08 04:46:12",261
"2019-02-08 05:46:11",261
"2019-02-08 06:46:10",261
"2019-02-08 07:46:10",261
"2019-02-08 08:46:09",261
"2019-02-08 09:46:12",261
"2019-02-08 10:46:11",261
"2019-02-08 11:46:13",261
"2019-02-08 12:46:14",261
"2019-02-08 13:46:13",261
"2019-02-08 15:10:46",261
"2019-02-08 15:46:10",261
"2019-02-08 16:46:12",262
"2019-02-08 17:46:15",263
"2019-02-08 18:46:17",264
"2019-02-08 19:46:18",264
"2019-02-08 20:46:16",264
"2019-02-08 21:46:14",264
"2019-02-08 22:46:12",264
"2019-02-08 23:46:12",264
"2019-02-09 00:46:13",264
"2019-02-09 01:46:11",264
"2019-02-09 02:46:12",264
"2019-02-09 03:46:12",264
"2019-02-09 04:46:15",264
"2019-02-09 05:46:13",264
"2019-02-09 06:46:12",264
"2019-02-09 07:46:11",264
"2019-02-09 08:46:10",264
"2019-02-09 09:46:11",264
"2019-02-09 10:46:11",264
"2019-02-09 11:46:09",264
"2019-02-09 12:46:13",264
"2019-02-09 13:46:11",264
"2019-02-09 14:46:12",264
"2019-02-09 15:46:15",264
"2019-02-09 16:46:14",264
"2019-02-09 17:46:14",264
"2019-02-09 18:46:13",264
"2019-02-09 19:46:14",264
"2019-02-09 20:46:13",264
"2019-02-09 21:46:15",264
"2019-02-09 22:46:12",264
"2019-02-09 23:46:14",264
"2019-02-10 00:46:12",264
"2019-02-10 01:46:14",264
"2019-02-10 02:46:13",264
"2019-02-10 03:46:12",264
"2019-02-10 04:46:18",264
"2019-02-10 05:46:18",264
"2019-02-10 06:46:17",264
"2019-02-10 07:46:12",264
"2019-02-10 08:46:12",264
"2019-02-10 09:46:12",264
"2019-02-10 10:46:10",264
"2019-02-10 11:46:11",264
"2019-02-10 12:46:11",264
"2019-02-10 13:46:13",264
"2019-02-10 14:46:14",264
"2019-02-10 15:46:17",264
"2019-02-10 16:46:17",264
"2019-02-10 17:46:15",264
"2019-02-10 18:46:14",264
"2019-02-10 19:46:17",264
"2019-02-10 20:46:15",264
"2019-02-10 21:46:12",264
"2019-02-10 22:46:15",264
"2019-02-10 23:46:17",264
"2019-02-11 00:46:16",264
"2019-02-11 01:46:15",264
"2019-02-11 02:46:19",264
"2019-02-11 03:46:17",264
"2019-02-11 04:46:19",264
"2019-02-11 05:46:17",264
"2019-02-11 06:46:17",264
"2019-02-11 07:46:12",264
"2019-02-11 08:46:12",264
"2019-02-11 09:46:12",264
"2019-02-11 10:46:17",264
"2019-02-11 11:46:11",264
"2019-02-11 12:46:11",264
"2019-02-11 13:46:12",264
"2019-02-11 14:46:12",264
"2019-02-11 15:46:11",266
"2019-02-11 16:46:14",266
"2019-02-11 17:46:14",266
"2019-02-11 18:46:14",267
"2019-02-11 19:46:12",267
"2019-02-11 20:46:13",267
"2019-02-11 21:46:11",267
"2019-02-11 22:46:10",267
"2019-02-11 23:46:13",267
"2019-02-12 00:46:11",267
"2019-02-12 01:46:09",267
"2019-02-12 02:46:17",267
"2019-02-12 03:46:12",267
"2019-02-12 04:46:14",267
"2019-02-12 05:46:13",267
"2019-02-12 06:46:12",267
"2019-02-12 07:46:13",267
"2019-02-12 08:46:12",266
"2019-02-12 09:46:13",266
"2019-02-12 10:46:14",266
"2019-02-12 11:46:14",266
"2019-02-12 12:46:12",266
"2019-02-12 13:46:14",266
"2019-02-12 14:46:13",266
"2019-02-12 15:46:18",265
"2019-02-12 16:46:13",265
"2019-02-12 17:46:13",264
"2019-02-12 18:46:13",263
"2019-02-12 19:46:15",263
"2019-02-12 20:46:14",263
"2019-02-12 21:46:14",262
"2019-02-12 22:46:14",262
"2019-02-12 23:46:13",262
"2019-02-13 00:46:14",262
"2019-02-13 01:46:16",262
"2019-02-13 02:46:15",262
"2019-02-13 03:46:14",262
"2019-02-13 04:46:15",262
"2019-02-13 05:46:16",262
"2019-02-13 06:46:14",262
"2019-02-13 07:46:13",262
"2019-02-13 08:46:11",262
"2019-02-13 09:46:11",262
"2019-02-13 10:46:13",262
"2019-02-13 11:46:12",262
"2019-02-13 12:46:14",262
"2019-02-13 13:46:12",262
"2019-02-13 14:46:12",262
"2019-02-13 15:46:14",262
"2019-02-13 16:46:11",262
"2019-02-13 17:46:16",262
"2019-02-13 18:46:10",262
"2019-02-13 19:46:10",263
"2019-02-13 20:46:11",263
"2019-02-13 21:46:11",262
"2019-02-13 22:46:16",262
"2019-02-13 23:46:15",262
"2019-02-14 00:46:12",262
"2019-02-14 01:46:16",262
"2019-02-14 02:46:15",262
"2019-02-14 03:46:17",262
"2019-02-14 04:46:13",262
"2019-02-14 05:46:16",262
"2019-02-14 06:46:12",262
"2019-02-14 07:46:13",262
"2019-02-14 08:46:10",262
"2019-02-14 09:46:10",262
"2019-02-14 10:46:11",262
"2019-02-14 11:46:14",262
"2019-02-14 12:46:12",262
"2019-02-14 13:46:13",262
"2019-02-14 14:46:14",262
"2019-02-14 15:46:14",262
"2019-02-14 16:46:10",263
"2019-02-14 17:46:13",263
"2019-02-14 18:46:13",264
"2019-02-14 19:46:14",264
"2019-02-14 20:46:15",264
"2019-02-14 21:46:13",264
"2019-02-14 22:46:16",264
"2019-02-15 00:46:16",264
"2019-02-15 01:46:18",264
"2019-02-15 02:46:19",264
"2019-02-15 03:46:20",264
"2019-02-15 04:46:20",264
"2019-02-15 05:46:13",264
"2019-02-15 06:46:11",264
"2019-02-15 07:46:15",264
"2019-02-15 08:46:12",264
"2019-02-15 09:46:14",264
"2019-02-15 10:46:13",264
"2019-02-15 11:46:15",264
"2019-02-15 12:46:13",264
"2019-02-15 14:11:17",264
"2019-02-15 14:46:16",264
"2019-02-15 15:46:27",264
"2019-02-15 16:46:19",264
"2019-02-15 17:46:14",264
"2019-02-15 18:46:20",264
"2019-02-15 19:46:17",265
"2019-02-15 20:46:14",265
"2019-02-15 21:46:16",265
"2019-02-15 22:46:18",265
"2019-02-15 23:46:18",265
"2019-02-16 00:46:19",265
"2019-02-16 01:46:25",265
"2019-02-16 02:46:23",265
"2019-02-16 03:46:20",265
"2019-02-16 04:46:15",265
"2019-02-16 05:46:18",265
"2019-02-16 06:46:14",265
"2019-02-16 07:46:13",265
"2019-02-16 08:46:13",265
"2019-02-16 09:46:16",265
"2019-02-16 10:46:15",265
"2019-02-16 11:46:14",265
"2019-02-16 12:46:14",265
"2019-02-16 13:46:21",265
"2019-02-16 14:46:17",265
"2019-02-16 15:46:23",265
"2019-02-16 16:46:13",265
"2019-02-16 17:46:14",265
"2019-02-16 18:46:14",265
"2019-02-16 19:46:12",265
"2019-02-16 20:46:16",265
"2019-02-16 21:46:14",265
"2019-02-16 22:46:13",265
"2019-02-16 23:46:12",265
"2019-02-17 00:46:14",265
"2019-02-17 01:46:13",265
"2019-02-17 02:46:10",265
"2019-02-17 03:46:18",265
"2019-02-17 04:46:13",265
"2019-02-17 05:46:15",265
"2019-02-17 06:46:13",265
"2019-02-17 07:46:14",265
"2019-02-17 08:46:12",265
"2019-02-17 09:46:10",265
"2019-02-17 10:46:13",265
"2019-02-17 11:46:12",265
"2019-02-17 12:46:09",265
"2019-02-17 13:46:13",265
"2019-02-17 14:46:12",265
"2019-02-17 15:46:17",265
"2019-02-17 16:46:13",265
"2019-02-17 17:46:14",265
"2019-02-17 18:46:14",265
"2019-02-17 19:46:15",265
"2019-02-17 20:46:16",265
"2019-02-17 21:46:11",265
"2019-02-17 22:46:12",265
"2019-02-17 23:46:12",265
"2019-02-18 00:46:12",265
"2019-02-18 01:46:15",265
"2019-02-18 02:46:16",265
"2019-02-18 03:46:16",265
"2019-02-18 04:46:12",265
"2019-02-18 05:46:13",265
"2019-02-18 06:46:11",265
"2019-02-18 07:46:12",265
"2019-02-18 08:46:12",265
"2019-02-18 09:46:14",265
"2019-02-18 10:46:11",265
"2019-02-18 11:46:11",265
"2019-02-18 12:46:12",265
"2019-02-18 13:46:15",265
"2019-02-18 14:46:15",265
"2019-02-18 15:46:16",265
"2019-02-18 16:46:15",265
"2019-02-18 17:46:16",265
"2019-02-18 18:46:15",265
"2019-02-18 19:46:14",265
"2019-02-18 20:46:17",265
"2019-02-18 21:46:12",265
"2019-02-18 22:46:12",265
"2019-02-18 23:46:12",265
"2019-02-19 00:46:13",265
"2019-02-19 01:46:16",265
"2019-02-19 02:46:14",265
"2019-02-19 03:46:14",265
"2019-02-19 04:46:14",265
"2019-02-19 05:46:14",265
"2019-02-19 06:46:12",265
"2019-02-19 07:46:11",265
"2019-02-19 08:46:12",265
"2019-02-19 09:46:10",265
"2019-02-19 10:46:09",265
"2019-02-19 11:46:07",265
"2019-02-19 12:46:08",265
"2019-02-19 14:10:43",265
"2019-02-19 14:46:13",265
"2019-02-19 15:46:17",265
"2019-02-19 16:46:14",265
"2019-02-19 17:46:16",265
"2019-02-19 18:46:20",265
"2019-02-19 19:46:17",265
"2019-02-19 20:46:21",265
"2019-02-19 21:46:18",264
"2019-02-19 22:46:20",264
"2019-02-19 23:46:17",264
"2019-02-20 00:46:26",264
"2019-02-20 01:46:19",264
"2019-02-20 02:46:20",264
"2019-02-20 03:46:27",264
"2019-02-20 04:46:21",264
"2019-02-20 05:46:16",264
"2019-02-20 06:46:16",264
"2019-02-20 07:46:13",264
"2019-02-20 08:46:17",264
"2019-02-20 09:46:16",264
"2019-02-20 10:46:13",264
"2019-02-20 11:46:16",264
"2019-02-20 12:46:17",264
"2019-02-20 13:46:16",264
"2019-02-20 14:46:19",264
"2019-02-20 15:46:20",264
"2019-02-20 16:46:18",265
"2019-02-20 17:46:18",265
"2019-02-20 18:46:18",266
"2019-02-20 19:46:20",266
"2019-02-20 20:46:22",266
"2019-02-20 21:46:20",266
"2019-02-20 22:46:20",266
"2019-02-20 23:46:16",266
"2019-02-21 00:46:17",266
"2019-02-21 01:46:19",266
"2019-02-21 02:46:22",266
"2019-02-21 03:46:20",266
"2019-02-21 04:46:17",266
"2019-02-21 05:46:18",266
"2019-02-21 06:46:15",266
"2019-02-21 07:46:15",266
"2019-02-21 08:46:12",266
"2019-02-21 09:46:14",266
"2019-02-21 10:46:15",266
"2019-02-21 11:46:15",266
"2019-02-21 12:46:13",266
"2019-02-21 13:46:13",266
"2019-02-21 14:46:17",266
"2019-02-21 15:46:20",266
"2019-02-21 17:10:16",266
"2019-02-21 17:46:13",266
"2019-02-21 18:46:13",266
"2019-02-21 19:46:14",266
"2019-02-21 20:46:18",266
"2019-02-21 21:46:12",266
"2019-02-21 22:46:16",266
"2019-02-21 23:46:14",266
"2019-02-22 00:46:15",266
"2019-02-22 01:46:18",266
"2019-02-22 02:46:17",266
"2019-02-22 03:46:17",266
"2019-02-22 04:46:16",266
"2019-02-22 05:46:14",266
"2019-02-22 06:46:14",266
"2019-02-22 07:46:19",266
"2019-02-22 08:46:18",266
"2019-02-22 09:46:16",266
"2019-02-22 10:46:14",266
"2019-02-22 11:46:15",266
"2019-02-22 12:46:14",266
"2019-02-22 13:46:12",266
"2019-02-22 14:46:17",266
"2019-02-22 15:46:17",266
"2019-02-22 16:46:16",266
"2019-02-22 17:46:15",266
"2019-02-22 18:46:17",266
"2019-02-22 19:46:15",265
"2019-02-22 20:46:13",265
"2019-02-22 21:46:19",265
"2019-02-22 22:46:15",265
"2019-02-22 23:46:19",265
"2019-02-23 00:46:13",265
"2019-02-23 01:46:18",265
"2019-02-23 02:46:21",265
"2019-02-23 03:46:21",265
"2019-02-23 04:46:18",265
"2019-02-23 05:46:17",265
"2019-02-23 06:46:13",265
"2019-02-23 07:46:14",265
"2019-02-23 08:46:15",265
"2019-02-23 09:46:13",265
"2019-02-23 10:46:14",265
"2019-02-23 11:46:15",265
"2019-02-23 12:46:14",265
"2019-02-23 13:46:13",265
"2019-02-23 14:46:15",265
"2019-02-23 15:46:16",265
"2019-02-23 16:46:13",265
"2019-02-23 17:46:14",265
"2019-02-23 18:46:16",265
"2019-02-23 19:46:15",265
"2019-02-23 20:46:15",265
"2019-02-23 21:46:17",265
"2019-02-23 22:46:13",265
"2019-02-23 23:46:15",265
"2019-02-24 00:46:16",265
"2019-02-24 01:46:16",265
"2019-02-24 02:46:15",265
"2019-02-24 03:46:17",265
"2019-02-24 04:46:15",265
"2019-02-24 05:46:17",265
"2019-02-24 06:46:15",265
"2019-02-24 07:46:15",265
"2019-02-24 08:46:14",265
"2019-02-24 09:46:14",265
"2019-02-24 10:46:12",265
"2019-02-24 11:46:13",265
"2019-02-24 12:46:13",265
"2019-02-24 13:46:13",265
"2019-02-24 14:46:12",265
"2019-02-24 15:46:15",265
"2019-02-24 16:46:15",265
"2019-02-24 17:46:18",265
"2019-02-24 18:46:15",265
"2019-02-24 19:46:16",265
"2019-02-24 20:46:13",265
"2019-02-24 21:46:13",265
"2019-02-24 22:46:16",265
"2019-02-24 23:46:15",265
"2019-02-25 00:46:16",265
"2019-02-25 01:46:15",265
"2019-02-25 02:46:15",265
"2019-02-25 03:46:16",265
"2019-02-25 04:46:15",265
"2019-02-25 05:46:13",265
"2019-02-25 06:46:12",265
"2019-02-25 07:46:14",265
"2019-02-25 08:46:14",265
"2019-02-25 09:46:14",265
"2019-02-25 10:46:12",265
"2019-02-25 11:46:15",265
"2019-02-25 12:46:14",265
"2019-02-25 14:11:18",265
"2019-02-25 14:46:15",265
"2019-02-25 15:46:18",264
"2019-02-25 16:46:15",264
"2019-02-25 17:46:17",264
"2019-02-25 18:46:19",264
"2019-02-25 19:46:14",264
"2019-02-25 20:46:16",264
"2019-02-25 21:46:16",263
"2019-02-25 22:46:14",263
"2019-02-25 23:46:16",263
"2019-02-26 00:46:17",263
"2019-02-26 01:46:15",263
"2019-02-26 02:46:19",263
"2019-02-26 03:46:20",263
"2019-02-26 04:46:20",263
"2019-02-26 05:46:15",263
"2019-02-26 06:46:20",263
"2019-02-26 07:46:19",263
"2019-02-26 08:46:16",263
"2019-02-26 09:46:15",263
"2019-02-26 10:46:11",263
"2019-02-26 11:46:15",263
"2019-02-26 12:46:13",263
"2019-02-26 13:46:15",263
"2019-02-26 14:46:17",263
"2019-02-26 15:46:22",265
"2019-02-26 16:46:18",264
"2019-02-26 17:46:17",263
"2019-02-26 18:46:14",263
"2019-02-26 19:46:22",263
"2019-02-26 20:46:18",262
"2019-02-26 21:46:15",261
"2019-02-26 22:46:21",262
"2019-02-26 23:46:18",262
"2019-02-27 00:46:22",262
"2019-02-27 01:46:21",262
"2019-02-27 03:46:51",262
"2019-02-27 04:46:21",262
"2019-02-27 05:46:18",262
"2019-02-27 06:46:20",262
"2019-02-27 07:46:17",262
"2019-02-27 08:46:15",262
"2019-02-27 09:46:12",262
"2019-02-27 10:46:14",262
"2019-02-27 11:46:18",262
"2019-02-27 12:46:20",262
"2019-02-27 13:46:15",262
"2019-02-27 14:46:20",262
"2019-02-27 15:46:23",263
"2019-02-27 16:46:15",264
"2019-02-27 17:46:15",264
"2019-02-27 18:46:20",264
"2019-02-27 19:46:18",265
"2019-02-27 20:46:16",265
"2019-02-27 21:46:17",265
"2019-02-27 22:46:19",265
"2019-02-27 23:46:15",265
"2019-02-28 01:46:15",265
"2019-02-28 02:46:18",265
"2019-02-28 04:46:17",265
"2019-02-28 05:46:16",265
"2019-02-28 06:46:13",265
"2019-02-28 07:46:15",265
"2019-02-28 08:46:16",265
"2019-02-28 09:46:15",265
"2019-02-28 10:46:16",265
"2019-02-28 11:46:17",265
"2019-02-28 12:46:16",265
"2019-02-28 13:46:17",265
"2019-02-28 15:10:23",265
"2019-02-28 15:46:11",265
"2019-02-28 16:46:19",265
"2019-02-28 17:46:19",265
"2019-02-28 18:46:22",265
"2019-02-28 19:46:19",265
"2019-02-28 20:46:15",265
"2019-02-28 21:46:15",265
"2019-02-28 22:46:18",265
"2019-02-28 23:46:16",265
"2019-03-01 00:46:15",265
"2019-03-01 01:46:18",265
"2019-03-01 02:46:20",265
"2019-03-01 03:46:23",265
"2019-03-01 04:46:19",265
"2019-03-01 05:46:19",265
"2019-03-01 06:46:17",265
"2019-03-01 07:46:19",265
"2019-03-01 08:46:17",265
"2019-03-01 09:46:13",265
"2019-03-01 10:46:16",265
"2019-03-01 11:46:14",265
"2019-03-01 12:46:13",265
"2019-03-01 13:46:23",265
"2019-03-01 14:46:22",265
"2019-03-01 15:46:19",264
"2019-03-01 16:46:18",263
"2019-03-01 17:46:17",264
"2019-03-01 18:46:19",264
"2019-03-01 19:46:20",264
"2019-03-01 20:46:22",265
"2019-03-01 21:46:24",265
"2019-03-01 22:46:23",265
"2019-03-01 23:46:23",265
"2019-03-02 07:46:19",265
"2019-03-02 08:46:17",265
"2019-03-02 09:46:14",265
"2019-03-02 10:46:13",265
"2019-03-02 11:46:18",265
"2019-03-02 15:46:24",265
"2019-03-02 16:46:19",265
"2019-03-02 17:46:17",265
"2019-03-04 02:46:21",265
"2019-03-04 07:46:20",265
"2019-03-04 10:46:15",265
"2019-03-04 11:46:15",265
"2019-03-04 12:46:11",265
"2019-03-04 13:46:09",265
"2019-03-04 14:46:19",264
"2019-03-04 15:46:15",265
"2019-03-04 16:46:18",265
"2019-03-04 17:46:18",265
"2019-03-04 18:46:15",267
"2019-03-04 19:46:21",268
"2019-03-04 20:46:19",268
"2019-03-04 21:46:17",268
"2019-03-04 22:46:19",268
"2019-03-04 23:46:17",268
"2019-03-05 00:46:20",268
"2019-03-05 01:46:17",268
"2019-03-05 02:46:21",268
"2019-03-05 03:46:22",268
"2019-03-05 04:46:19",268
"2019-03-05 05:46:17",268
"2019-03-05 06:46:15",268
"2019-03-05 07:46:15",268
"2019-03-05 08:46:14",268
"2019-03-05 09:46:16",268
"2019-03-05 10:46:13",268
"2019-03-05 11:46:10",268
"2019-03-05 12:46:14",268
"2019-03-05 14:11:28",268
"2019-03-05 14:46:17",268
"2019-03-05 15:46:22",268
"2019-03-05 16:46:20",269
"2019-03-05 17:46:19",269
"2019-03-05 18:46:19",269
"2019-03-05 19:46:18",269
"2019-03-05 20:46:19",270
"2019-03-05 21:46:19",270
"2019-03-05 22:46:21",270
"2019-03-05 23:46:21",270
"2019-03-06 00:46:21",270
"2019-03-06 01:46:20",270
"2019-03-06 02:46:19",270
"2019-03-06 03:46:22",270
"2019-03-06 04:46:24",270
"2019-03-06 05:46:20",270
"2019-03-06 06:46:23",270
"2019-03-06 07:46:17",270
"2019-03-06 08:46:15",270
"2019-03-06 09:46:16",270
"2019-03-06 10:46:20",270
"2019-03-06 11:47:26",270
"2019-03-06 12:46:48",270
"2019-03-06 14:11:28",270
"2019-03-06 14:47:00",270
"2019-03-06 15:46:55",272
"2019-03-06 16:46:14",272
"2019-03-06 17:46:25",273
"2019-03-06 18:46:22",272
"2019-03-06 19:46:20",273
"2019-03-06 20:46:19",273
"2019-03-06 21:46:19",272
"2019-03-06 22:46:19",272
"2019-03-06 23:46:19",272
"2019-03-07 00:46:19",272
"2019-03-07 01:46:21",272
"2019-03-07 02:46:23",272
"2019-03-07 04:46:31",272
"2019-03-07 05:46:23",272
"2019-03-07 06:46:17",272
"2019-03-07 07:46:19",272
"2019-03-07 08:46:21",272
"2019-03-07 09:46:19",272
"2019-03-07 10:46:16",272
"2019-03-07 11:46:19",272
"2019-03-07 12:46:17",272
"2019-03-07 13:46:18",272
"2019-03-07 14:46:22",272
"2019-03-07 15:46:16",271
"2019-03-07 16:46:19",271
"2019-03-07 17:46:23",271
"2019-03-07 18:46:21",273
"2019-03-07 20:10:53",274
"2019-03-07 20:46:18",274
"2019-03-07 21:46:21",274
"2019-03-07 22:46:25",274
"2019-03-07 23:46:16",274
"2019-03-08 00:46:20",274
"2019-03-08 01:46:20",274
"2019-03-08 02:46:18",274
"2019-03-08 04:46:18",274
"2019-03-08 05:46:18",274
"2019-03-08 06:46:18",274
"2019-03-08 07:46:17",274
"2019-03-08 08:46:16",274
"2019-03-08 09:46:16",274
"2019-03-08 10:46:15",274
"2019-03-08 11:46:15",274
"2019-03-08 12:46:17",274
"2019-03-08 14:11:23",274
"2019-03-08 14:46:15",274
"2019-03-08 15:46:22",274
"2019-03-08 16:46:16",273
"2019-03-08 17:46:16",272
"2019-03-08 18:46:20",273
"2019-03-08 19:46:20",273
"2019-03-08 20:46:13",272
"2019-03-08 21:46:24",272
"2019-03-08 22:46:14",272
"2019-03-08 23:46:21",272
"2019-03-09 00:46:27",272
"2019-03-09 01:46:21",272
"2019-03-09 02:46:17",272
"2019-03-09 03:46:21",272
"2019-03-09 04:46:19",272
"2019-03-09 05:46:17",272
"2019-03-09 06:46:16",272
"2019-03-09 07:46:16",272
"2019-03-09 08:46:14",272
"2019-03-09 09:46:11",272
"2019-03-09 10:46:14",272
"2019-03-09 11:46:13",272
"2019-03-09 12:46:15",272
"2019-03-09 13:46:13",272
"2019-03-09 14:46:17",272
"2019-03-09 15:46:19",272
"2019-03-09 16:46:17",272
"2019-03-09 17:46:16",272
"2019-03-09 18:46:17",272
"2019-03-09 19:46:16",272
"2019-03-09 20:46:16",272
"2019-03-09 21:46:14",272
"2019-03-09 22:46:17",272
"2019-03-09 23:46:16",272
"2019-03-10 00:46:17",272
"2019-03-10 01:46:17",272
"2019-03-10 02:46:19",272
"2019-03-10 03:46:16",272
"2019-03-10 04:46:14",272
"2019-03-10 05:46:15",272
"2019-03-10 06:46:16",272
"2019-03-10 07:46:13",272
"2019-03-10 08:46:11",272
"2019-03-10 09:46:14",272
"2019-03-10 10:46:12",272
"2019-03-10 11:46:13",272
"2019-03-10 12:46:14",272
"2019-03-10 13:46:13",272
"2019-03-10 14:46:13",272
"2019-03-10 15:46:21",272
"2019-03-10 16:46:16",272
"2019-03-10 17:46:20",272
"2019-03-10 18:46:23",272
"2019-03-10 19:46:16",272
"2019-03-10 20:46:15",272
"2019-03-10 21:46:15",272
"2019-03-10 22:46:13",272
"2019-03-10 23:46:15",272
"2019-03-11 00:46:17",272
"2019-03-11 01:46:18",272
"2019-03-11 02:46:16",272
"2019-03-11 03:46:15",272
"2019-03-11 04:46:16",272
"2019-03-11 05:46:16",272
"2019-03-11 06:46:14",272
"2019-03-11 07:46:15",272
"2019-03-11 08:46:11",272
"2019-03-11 09:46:15",272
"2019-03-11 10:46:15",272
"2019-03-11 11:46:13",272
"2019-03-11 12:46:19",272
"2019-03-11 13:46:18",272
"2019-03-11 14:46:18",272
"2019-03-11 15:46:15",272
"2019-03-11 16:46:16",272
"2019-03-11 17:46:16",271
"2019-03-11 18:46:17",271
"2019-03-11 19:46:16",271
"2019-03-11 20:46:15",271
"2019-03-11 21:46:18",271
"2019-03-11 22:46:15",271
"2019-03-11 23:46:19",271
"2019-03-12 00:46:22",271
"2019-03-12 01:46:17",271
"2019-03-12 02:46:16",271
"2019-03-12 03:46:20",271
"2019-03-12 04:46:17",271
"2019-03-12 05:46:19",271
"2019-03-12 06:46:18",271
"2019-03-12 07:46:14",271
"2019-03-12 08:46:15",271
"2019-03-12 09:46:13",271
"2019-03-12 10:46:18",271
"2019-03-12 11:46:14",271
"2019-03-12 12:46:17",271
"2019-03-12 13:46:17",271
"2019-03-12 14:46:15",271
"2019-03-12 15:46:16",271
"2019-03-12 16:46:16",272
"2019-03-12 17:46:15",272
"2019-03-12 18:46:16",272
"2019-03-12 19:46:14",272
"2019-03-12 20:46:16",271
"2019-03-12 21:46:15",271
"2019-03-12 22:46:18",271
"2019-03-12 23:46:21",271
"2019-03-13 00:46:19",271
"2019-03-13 01:46:19",271
"2019-03-13 02:46:16",271
"2019-03-13 03:46:19",271
"2019-03-13 04:46:19",271
"2019-03-13 05:46:17",271
"2019-03-13 06:46:15",271
"2019-03-13 07:46:19",271
"2019-03-13 08:46:15",271
"2019-03-13 09:46:15",271
"2019-03-13 10:46:13",271
"2019-03-13 11:46:12",271
"2019-03-13 13:10:17",271
"2019-03-13 13:46:16",271
"2019-03-13 14:46:15",271
"2019-03-13 15:46:16",271
"2019-03-13 16:46:19",270
"2019-03-13 17:46:18",269
"2019-03-13 18:46:12",269
"2019-03-13 19:46:17",268
"2019-03-13 20:46:16",268
"2019-03-13 21:46:17",268
"2019-03-13 22:46:14",268
"2019-03-13 23:46:17",268
"2019-03-14 00:46:15",268
"2019-03-14 01:46:18",268
"2019-03-14 02:46:18",268
"2019-03-14 03:46:15",268
"2019-03-14 04:46:17",268
"2019-03-14 05:46:14",268
"2019-03-14 06:46:16",268
"2019-03-14 07:46:15",268
"2019-03-14 08:46:12",268
"2019-03-14 09:46:12",268
"2019-03-14 10:46:18",268
"2019-03-14 11:46:15",268
"2019-03-14 13:10:50",268
"2019-03-14 13:46:15",268
"2019-03-14 14:46:17",269
"2019-03-14 15:46:18",269
"2019-03-14 16:46:16",269
"2019-03-14 17:46:17",269
"2019-03-14 18:46:15",269
"2019-03-14 19:46:23",269
"2019-03-14 20:46:17",269
"2019-03-14 21:46:19",269
"2019-03-14 22:46:22",269
"2019-03-14 23:46:21",269
"2019-03-15 00:46:18",269
"2019-03-15 01:46:18",269
"2019-03-15 02:46:19",269
"2019-03-15 03:46:19",269
"2019-03-15 04:46:16",269
"2019-03-15 05:46:15",269
"2019-03-15 06:46:12",269
"2019-03-15 07:46:16",269
"2019-03-15 08:46:19",269
"2019-03-15 09:46:19",269
"2019-03-15 10:46:21",269
"2019-03-15 11:46:18",269
"2019-03-15 12:46:18",269
"2019-03-15 13:46:21",269
"2019-03-15 14:46:18",269
"2019-03-15 15:46:23",270
"2019-03-15 16:46:22",270
"2019-03-15 17:46:22",270
"2019-03-15 18:46:19",270
"2019-03-15 19:46:19",269
"2019-03-15 20:46:19",269
"2019-03-15 21:46:17",269
"2019-03-15 22:46:16",269
"2019-03-15 23:46:21",269
"2019-03-16 00:46:19",269
"2019-03-16 01:46:16",269
"2019-03-16 02:46:19",269
"2019-03-16 03:46:21",269
"2019-03-16 04:46:22",269
"2019-03-16 05:46:21",269
"2019-03-16 06:46:18",269
"2019-03-16 07:46:18",269
"2019-03-16 08:46:21",269
"2019-03-16 09:46:17",269
"2019-03-16 10:46:16",269
"2019-03-16 11:46:17",269
"2019-03-16 12:46:17",269
"2019-03-16 13:46:20",269
"2019-03-16 14:46:16",269
"2019-03-16 15:46:18",269
"2019-03-16 16:46:17",269
"2019-03-16 17:46:17",269
"2019-03-16 18:46:17",269
"2019-03-16 19:46:16",269
"2019-03-16 20:46:20",269
"2019-03-16 21:46:21",269
"2019-03-16 22:46:20",269
"2019-03-16 23:46:17",269
"2019-03-17 00:46:20",269
"2019-03-17 01:46:18",269
"2019-03-17 02:46:24",269
"2019-03-17 03:46:21",269
"2019-03-17 04:46:20",269
"2019-03-17 05:46:20",269
"2019-03-17 06:46:17",269
"2019-03-17 07:46:17",269
"2019-03-17 08:46:14",269
"2019-03-17 09:46:18",269
"2019-03-17 10:46:14",269
"2019-03-17 11:46:15",269
"2019-03-17 12:46:14",269
"2019-03-17 13:46:14",269
"2019-03-17 14:46:15",269
"2019-03-17 15:46:14",269
"2019-03-17 16:46:13",269
"2019-03-17 17:46:14",269
"2019-03-17 18:46:16",269
"2019-03-17 19:46:16",269
"2019-03-17 20:46:15",269
"2019-03-17 21:46:13",269
"2019-03-17 22:46:14",269
"2019-03-17 23:46:16",269
"2019-03-18 00:46:16",269
"2019-03-18 01:46:14",269
"2019-03-18 02:46:16",269
"2019-03-18 03:46:17",269
"2019-03-18 04:46:18",269
"2019-03-18 05:46:14",269
"2019-03-18 06:46:15",269
"2019-03-18 07:46:17",269
"2019-03-18 08:46:15",269
"2019-03-18 09:46:16",269
"2019-03-18 10:46:15",269
"2019-03-18 11:46:13",269
"2019-03-18 12:46:18",269
"2019-03-18 13:46:21",269
"2019-03-18 14:46:19",270
"2019-03-18 15:46:25",270
"2019-03-18 16:46:17",270
"2019-03-18 17:46:23",270
"2019-03-18 18:46:23",271
"2019-03-18 19:46:21",271
"2019-03-18 20:46:20",271
"2019-03-18 21:46:21",271
"2019-03-18 22:46:24",271
"2019-03-18 23:46:21",271
"2019-03-19 00:46:26",271
"2019-03-19 01:46:23",271
"2019-03-19 02:46:23",271
"2019-03-19 03:46:20",271
"2019-03-19 04:46:19",271
"2019-03-19 05:46:16",271
"2019-03-19 06:46:26",271
"2019-03-19 07:46:20",271
"2019-03-19 08:46:17",271
"2019-03-19 09:46:19",271
"2019-03-19 10:46:22",271
"2019-03-19 11:46:19",271
"2019-03-19 12:46:20",271
"2019-03-19 13:46:20",271
"2019-03-19 14:46:21",272
"2019-03-19 15:46:23",272
"2019-03-19 16:46:19",272
"2019-03-19 17:46:27",273
"2019-03-19 18:46:21",273
"2019-03-19 19:46:26",273
"2019-03-19 20:46:24",273
"2019-03-19 21:46:31",273
"2019-03-19 22:46:28",273
"2019-03-19 23:46:22",273
"2019-03-20 00:46:30",273
"2019-03-20 01:46:27",273
"2019-03-20 02:46:28",273
"2019-03-20 03:46:29",273
"2019-03-20 04:46:24",273
"2019-03-20 05:46:22",273
"2019-03-20 06:46:29",273
"2019-03-20 07:46:29",273
"2019-03-20 08:46:25",273
"2019-03-20 09:46:22",273
"2019-03-20 10:46:23",273
"2019-03-20 11:46:24",273
"2019-03-20 13:10:34",273
"2019-03-20 13:46:24",273
"2019-03-20 14:46:25",274
"2019-03-20 15:46:28",275
"2019-03-20 16:46:22",275
"2019-03-20 17:46:23",275
"2019-03-20 18:46:22",275
"2019-03-20 19:46:21",274
"2019-03-20 20:46:18",274
"2019-03-20 21:46:17",274
"2019-03-20 22:46:18",274
"2019-03-20 23:46:18",274
"2019-03-21 00:46:19",274
"2019-03-21 01:46:17",274
"2019-03-21 02:46:21",274
"2019-03-21 03:46:23",274
"2019-03-21 04:46:18",274
"2019-03-21 05:46:23",274
"2019-03-21 06:46:16",274
"2019-03-21 07:46:16",274
"2019-03-21 08:46:13",274
"2019-03-21 09:46:16",274
"2019-03-21 10:46:19",274
"2019-03-21 11:46:17",274
"2019-03-21 13:11:18",274
"2019-03-21 13:46:16",274
"2019-03-21 14:46:17",274
"2019-03-21 15:46:17",274
"2019-03-21 16:46:14",275
"2019-03-21 17:46:16",276
"2019-03-21 18:46:20",277
"2019-03-21 19:46:17",277
"2019-03-21 20:46:10",277
"2019-03-21 21:46:13",277
"2019-03-21 22:46:12",277
"2019-03-21 23:46:14",277
"2019-03-22 00:46:13",277
"2019-03-22 01:46:13",277
"2019-03-22 02:46:22",277
"2019-03-22 03:46:14",277
"2019-03-22 04:46:12",277
"2019-03-22 05:46:13",277
"2019-03-22 06:46:10",277
"2019-03-22 07:46:11",277
"2019-03-22 08:46:23",277
"2019-03-22 09:46:13",277
"2019-03-22 10:46:12",277
"2019-03-22 11:46:10",277
"2019-03-22 12:46:22",277
"2019-03-22 13:46:11",277
"2019-03-22 14:46:12",277
"2019-03-22 15:46:13",277
"2019-03-22 16:46:13",277
"2019-03-22 17:46:17",277
"2019-03-22 18:46:13",278
"2019-03-22 19:46:11",278
"2019-03-22 20:46:13",278
"2019-03-22 21:46:11",278
"2019-03-22 22:46:13",278
"2019-03-22 23:46:11",278
"2019-03-23 00:46:14",278
"2019-03-23 01:46:22",278
"2019-03-23 02:46:13",278
"2019-03-23 03:46:12",278
"2019-03-23 04:46:11",278
"2019-03-23 05:46:12",278
"2019-03-23 06:46:11",278
"2019-03-23 07:46:18",278
"2019-03-23 08:46:10",278
"2019-03-23 09:46:12",278
"2019-03-23 10:46:10",278
"2019-03-23 11:46:11",278
"2019-03-23 12:46:12",278
"2019-03-23 13:46:16",278
"2019-03-23 14:46:12",278
"2019-03-23 15:46:13",278
"2019-03-23 16:46:11",278
"2019-03-23 17:46:12",278
"2019-03-23 18:46:13",278
"2019-03-23 19:46:18",278
"2019-03-23 20:46:13",278
"2019-03-23 21:46:13",278
"2019-03-23 22:46:11",278
"2019-03-23 23:46:12",278
"2019-03-24 00:46:13",278
"2019-03-24 01:46:14",278
"2019-03-24 02:46:13",278
"2019-03-24 03:46:15",278
"2019-03-24 04:46:22",278
"2019-03-24 05:46:14",278
"2019-03-24 06:46:14",278
"2019-03-24 07:46:13",278
"2019-03-24 08:46:12",278
"2019-03-24 09:46:20",278
"2019-03-24 10:46:16",278
"2019-03-24 11:46:09",278
"2019-03-24 12:46:10",278
"2019-03-24 13:46:17",278
"2019-03-24 14:46:12",278
"2019-03-24 15:46:12",278
"2019-03-24 16:46:11",278
"2019-03-24 17:46:12",278
"2019-03-24 18:46:13",278
"2019-03-24 19:46:13",278
"2019-03-24 20:46:15",278
"2019-03-24 21:46:22",278
"2019-03-24 22:46:15",278
"2019-03-24 23:46:14",278
"2019-03-25 00:46:13",278
"2019-03-25 01:46:14",278
"2019-03-25 02:46:16",278
"2019-03-25 03:46:26",278
"2019-03-25 04:46:14",278
"2019-03-25 05:46:15",278
"2019-03-25 06:46:13",278
"2019-03-25 07:46:14",278
"2019-03-25 08:46:15",278
"2019-03-25 09:46:13",278
"2019-03-25 10:46:14",278
"2019-03-25 11:46:26",278
"2019-03-25 13:10:19",278
"2019-03-25 13:46:22",278
"2019-03-25 14:46:14",277
"2019-03-25 15:46:14",276
"2019-03-25 16:46:14",276
"2019-03-25 17:46:16",276
"2019-03-25 18:46:17",276
"2019-03-25 19:46:22",275
"2019-03-25 20:46:15",275
"2019-03-25 21:46:13",275
"2019-03-25 22:46:30",275
"2019-03-25 23:46:27",275
"2019-03-26 00:46:17",275
"2019-03-26 01:46:17",275
"2019-03-26 02:46:20",275
"2019-03-26 03:46:16",275
"2019-03-26 04:46:15",275
"2019-03-26 05:46:17",275
"2019-03-26 06:46:12",275
"2019-03-26 07:46:13",275
"2019-03-26 08:46:11",275
"2019-03-26 09:46:13",275
"2019-03-26 10:46:18",275
"2019-03-26 11:46:13",275
"2019-03-26 12:46:17",275
"2019-03-26 13:46:25",275
"2019-03-26 14:46:12",275
"2019-03-26 15:46:24",274
"2019-03-26 16:46:21",275
"2019-03-26 17:46:16",275
"2019-03-26 18:46:20",275
"2019-03-26 19:46:28",275
"2019-03-26 20:46:17",275
"2019-03-26 21:46:15",275
"2019-03-26 22:46:15",275
"2019-03-26 23:46:16",275
"2019-03-27 00:46:23",275
"2019-03-27 01:46:16",275
"2019-03-27 02:46:13",275
"2019-03-27 03:46:25",275
"2019-03-27 04:46:20",275
"2019-03-27 05:46:17",275
"2019-03-27 06:46:25",275
"2019-03-27 07:46:14",275
"2019-03-27 08:46:14",275
"2019-03-27 09:46:15",275
"2019-03-27 10:46:22",275
"2019-03-27 11:46:13",275
"2019-03-27 13:11:00",275
"2019-03-27 13:46:17",275
"2019-03-27 14:46:25",275
"2019-03-27 15:46:15",275
"2019-03-27 16:46:18",275
"2019-03-27 17:46:30",275
"2019-03-27 18:46:15",276
"2019-03-27 19:46:12",276
"2019-03-27 20:46:19",276
"2019-03-27 21:46:17",276
"2019-03-27 22:46:32",276
"2019-03-27 23:46:21",276
"2019-03-28 00:46:18",276
"2019-03-28 01:46:16",276
"2019-03-28 02:46:31",276
"2019-03-28 03:46:19",276
"2019-03-28 04:46:23",276
"2019-03-28 05:46:15",276
"2019-03-28 06:46:12",276
"2019-03-28 07:46:13",276
"2019-03-28 08:46:12",276
"2019-03-28 09:46:13",276
"2019-03-28 10:46:13",276
"2019-03-28 11:46:11",276
"2019-03-28 13:10:50",276
"2019-03-28 13:46:21",276
"2019-03-28 14:46:15",274
"2019-03-28 15:46:17",273
"2019-03-28 16:46:20",274
"2019-03-28 17:46:16",274
"2019-03-28 18:46:17",274
"2019-03-28 19:46:15",272
"2019-03-28 20:46:20",271
"2019-03-28 21:46:17",271
"2019-03-28 22:46:15",271
"2019-03-28 23:46:16",271
"2019-03-29 00:46:15",271
"2019-03-29 01:46:35",271
"2019-03-29 02:46:23",271
"2019-03-29 03:46:29",271
"2019-03-29 04:46:21",271
"2019-03-29 05:46:15",271
"2019-03-29 06:46:11",271
"2019-03-29 07:46:14",271
"2019-03-29 08:46:21",271
"2019-03-29 09:46:15",271
"2019-03-29 10:46:16",271
"2019-03-29 11:46:19",271
"2019-03-29 13:11:18",271
"2019-03-29 13:46:18",271
"2019-03-29 14:46:19",271
"2019-03-29 15:46:17",271
"2019-03-29 16:46:10",271
"2019-03-29 17:46:22",271
"2019-03-29 18:46:38",271
"2019-03-29 19:46:21",270
"2019-03-29 20:46:21",270
"2019-03-29 21:46:19",270
"2019-03-29 22:46:27",270
"2019-03-29 23:46:35",270
"2019-03-30 00:46:27",270
"2019-03-30 01:46:24",270
"2019-03-30 02:46:29",270
"2019-03-30 03:46:26",270
"2019-03-30 04:46:27",270
"2019-03-30 05:46:19",270
"2019-03-30 06:46:19",270
"2019-03-30 07:46:20",270
"2019-03-30 08:46:45",270
"2019-03-30 09:46:21",270
"2019-03-30 10:46:21",270
"2019-03-30 11:46:19",270
"2019-03-30 12:46:30",270
"2019-03-30 13:46:13",270
"2019-03-30 14:46:12",270
"2019-03-30 15:46:12",270
"2019-03-30 16:46:12",270
"2019-03-30 17:46:23",270
"2019-03-30 18:46:11",270
"2019-03-30 19:46:13",270
"2019-03-30 20:46:12",270
"2019-03-30 21:46:13",270
"2019-03-30 22:46:22",270
"2019-03-30 23:46:13",270
"2019-03-31 00:46:14",270
"2019-03-31 01:46:18",270
"2019-03-31 02:46:24",270
"2019-03-31 03:46:16",270
"2019-03-31 04:46:13",270
"2019-03-31 05:46:12",270
"2019-03-31 06:46:23",270
"2019-03-31 07:46:14",270
"2019-03-31 08:46:11",270
"2019-03-31 09:46:12",270
"2019-03-31 10:46:17",270
"2019-03-31 11:46:13",270
"2019-03-31 12:46:14",270
"2019-03-31 13:46:19",270
"2019-03-31 14:46:12",270
"2019-03-31 15:46:13",270
"2019-03-31 16:46:16",270
"2019-03-31 17:46:28",270
"2019-03-31 18:46:14",270
"2019-03-31 19:46:14",270
"2019-03-31 20:46:13",270
"2019-03-31 21:46:14",270
"2019-03-31 22:46:13",270
"2019-03-31 23:46:19",270
"2019-04-01 00:46:25",270
"2019-04-01 01:46:19",270
"2019-04-01 02:46:24",270
"2019-04-01 03:46:37",270
"2019-04-01 04:46:17",270
"2019-04-01 05:46:17",270
"2019-04-01 06:46:18",270
"2019-04-01 07:46:22",270
"2019-04-01 08:46:16",270
"2019-04-01 09:46:18",270
"2019-04-01 10:46:25",270
"2019-04-01 11:46:24",270
"2019-04-01 13:47:17",270
"2019-04-01 14:46:26",269
"2019-04-01 15:46:38",269
"2019-04-01 16:46:30",270
"2019-04-01 17:46:21",270
"2019-04-01 18:46:16",270
"2019-04-01 19:46:33",271
"2019-04-01 20:46:18",271
"2019-04-01 21:46:13",271
"2019-04-01 22:46:20",271
"2019-04-01 23:46:19",271
"2019-04-02 00:46:28",271
"2019-04-02 01:46:47",271
"2019-04-02 02:46:20",271
"2019-04-02 03:46:29",271
"2019-04-02 04:46:20",271
"2019-04-02 05:46:16",271
"2019-04-02 06:46:15",271
"2019-04-02 07:46:23",271
"2019-04-02 08:46:16",271
"2019-04-02 09:46:26",271
"2019-04-02 10:46:15",271
"2019-04-02 11:46:14",271
"2019-04-02 13:10:58",271
"2019-04-02 13:46:18",271
"2019-04-02 14:46:15",272
"2019-04-02 15:46:29",272
"2019-04-02 16:46:18",272
"2019-04-02 17:46:27",272
"2019-04-02 18:46:20",272
"2019-04-02 19:46:23",272
"2019-04-02 20:46:29",272
"2019-04-02 21:46:20",272
"2019-04-02 22:46:18",272
"2019-04-02 23:46:20",272
"2019-04-03 00:46:42",272
"2019-04-03 01:46:21",272
"2019-04-03 02:46:20",272
"2019-04-03 03:46:22",272
"2019-04-03 04:46:24",272
"2019-04-03 05:46:22",272
"2019-04-03 06:46:28",272
"2019-04-03 07:46:18",272
"2019-04-03 08:46:19",272
"2019-04-03 09:46:37",272
"2019-04-03 10:46:33",272
"2019-04-03 11:46:22",272
"2019-04-03 13:11:00",272
"2019-04-03 13:46:22",272
"2019-04-03 14:46:28",272
"2019-04-03 15:46:30",271
"2019-04-03 16:46:16",272
"2019-04-03 17:46:15",271
"2019-04-03 18:46:16",270
"2019-04-03 19:46:22",270
"2019-04-03 20:46:20",270
"2019-04-03 21:46:16",270
"2019-04-03 22:46:13",270
"2019-04-03 23:46:23",270
"2019-04-04 00:46:13",270
"2019-04-04 01:46:17",270
"2019-04-04 02:46:16",270
"2019-04-04 03:46:24",270
"2019-04-04 04:46:13",270
"2019-04-04 05:46:12",270
"2019-04-04 06:46:12",270
"2019-04-04 07:46:15",270
"2019-04-04 08:46:22",270
"2019-04-04 09:46:13",270
"2019-04-04 10:46:14",270
"2019-04-04 11:46:23",270
"2019-04-04 12:46:16",270
"2019-04-04 13:46:16",270
"2019-04-04 14:46:28",270
"2019-04-04 15:46:20",270
"2019-04-04 16:46:29",269
"2019-04-04 17:46:15",268
"2019-04-04 18:46:23",267
"2019-04-04 19:46:17",267
"2019-04-04 20:46:15",266
"2019-04-04 21:46:21",266
"2019-04-04 22:46:32",266
"2019-04-04 23:46:16",266
"2019-04-05 00:46:18",266
"2019-04-05 01:46:16",266
"2019-04-05 02:46:15",266
"2019-04-05 03:46:34",266
"2019-04-05 04:46:17",266
"2019-04-05 05:46:16",266
"2019-04-05 06:46:15",266
"2019-04-05 07:46:16",266
"2019-04-05 08:46:31",266
"2019-04-05 09:46:17",266
"2019-04-05 10:46:27",266
"2019-04-05 11:46:16",266
"2019-04-05 13:10:28",266
"2019-04-05 13:46:21",266
"2019-04-05 14:46:21",266
"2019-04-05 15:46:27",267
"2019-04-05 16:46:15",267
"2019-04-05 17:46:17",267
"2019-04-05 18:46:20",267
"2019-04-05 19:46:18",268
"2019-04-05 20:46:17",268
"2019-04-05 21:46:25",268
"2019-04-05 22:46:18",268
"2019-04-05 23:46:22",268
"2019-04-06 00:46:21",268
"2019-04-06 01:46:37",268
"2019-04-06 02:46:24",268
"2019-04-06 03:46:24",268
"2019-04-06 04:46:30",268
"2019-04-06 05:46:20",268
"2019-04-06 06:46:19",268
"2019-04-06 07:46:21",268
"2019-04-06 08:46:33",268
"2019-04-06 09:46:18",268
"2019-04-06 10:46:19",268
"2019-04-06 11:46:22",268
"2019-04-06 12:46:20",268
"2019-04-06 13:46:16",268
"2019-04-06 14:46:15",268
"2019-04-06 15:46:27",268
"2019-04-06 16:46:16",268
"2019-04-06 17:46:16",268
"2019-04-06 18:46:18",268
"2019-04-06 19:46:17",268
"2019-04-06 20:46:14",268
"2019-04-06 21:46:30",268
"2019-04-06 22:46:18",268
"2019-04-06 23:46:17",268
"2019-04-07 00:46:16",268
"2019-04-07 01:46:14",268
"2019-04-07 02:46:21",268
"2019-04-07 03:46:28",268
"2019-04-07 04:46:19",268
"2019-04-07 05:46:19",268
"2019-04-07 06:46:22",268
"2019-04-07 07:46:31",268
"2019-04-07 08:46:20",268
"2019-04-07 09:46:25",268
"2019-04-07 10:46:16",268
"2019-04-07 11:46:26",268
"2019-04-07 12:46:21",268
"2019-04-07 13:46:28",268
"2019-04-07 14:46:17",268
"2019-04-07 15:46:22",268
"2019-04-07 16:46:26",268
"2019-04-07 17:46:18",268
"2019-04-07 18:46:18",268
"2019-04-07 19:46:18",268
"2019-04-07 20:46:27",268
"2019-04-07 21:46:16",268
"2019-04-07 22:46:17",268
"2019-04-07 23:46:15",268
"2019-04-08 00:46:31",268
"2019-04-08 01:46:23",268
"2019-04-08 02:46:18",268
"2019-04-08 03:46:18",268
"2019-04-08 04:46:13",268
"2019-04-08 05:46:28",268
"2019-04-08 06:46:14",268
"2019-04-08 07:46:14",268
"2019-04-08 08:46:15",268
"2019-04-08 09:46:18",268
"2019-04-08 10:46:17",268
"2019-04-08 11:46:33",268
"2019-04-08 12:46:16",268
"2019-04-08 13:46:28",268
"2019-04-08 14:46:15",269
"2019-04-08 15:46:22",270
"2019-04-08 16:46:39",270
"2019-04-08 17:46:19",269
"2019-04-08 18:46:19",269
"2019-04-08 19:46:19",269
"2019-04-08 20:46:18",268
"2019-04-08 21:46:21",268
"2019-04-08 22:46:20",268
"2019-04-08 23:46:18",268
"2019-04-09 00:46:28",268
"2019-04-09 01:46:21",268
"2019-04-09 02:46:22",268
"2019-04-09 03:46:21",268
"2019-04-09 04:46:19",268
"2019-04-09 05:46:26",268
"2019-04-09 06:46:19",268
"2019-04-09 07:46:17",268
"2019-04-09 08:46:22",268
"2019-04-09 09:46:37",268
"2019-04-09 10:46:18",268
"2019-04-09 11:46:21",268
"2019-04-09 13:11:40",268
"2019-04-09 13:46:18",268
"2019-04-09 14:46:18",266
"2019-04-09 15:46:36",266
"2019-04-09 16:46:21",265
"2019-04-09 17:46:19",265
"2019-04-09 18:46:20",265
"2019-04-09 19:46:19",264
"2019-04-09 20:46:19",264
"2019-04-09 21:46:19",264
"2019-04-09 22:46:19",264
"2019-04-09 23:46:30",264
"2019-04-10 00:46:20",264
"2019-04-10 01:46:23",264
"2019-04-10 02:46:23",264
"2019-04-10 03:46:26",264
"2019-04-10 04:46:30",264
"2019-04-10 05:46:18",264
"2019-04-10 06:46:18",264
"2019-04-10 07:46:19",264
"2019-04-10 08:46:30",264
"2019-04-10 09:46:20",264
"2019-04-10 10:46:19",264
"2019-04-10 11:46:24",264
"2019-04-10 12:46:35",264
"2019-04-10 13:46:36",264
"2019-04-10 14:46:21",264
"2019-04-10 15:46:24",264
"2019-04-10 16:46:22",264
"2019-04-10 17:46:33",264
"2019-04-10 18:46:26",264
"2019-04-10 19:46:23",264
"2019-04-10 20:46:19",264
"2019-04-10 21:46:15",264
"2019-04-10 22:46:17",264
"2019-04-10 23:46:30",264
"2019-04-11 00:46:19",264
"2019-04-11 01:46:16",264
"2019-04-11 02:46:20",264
"2019-04-11 03:46:24",264
"2019-04-11 04:46:24",264
"2019-04-11 05:46:21",264
"2019-04-11 06:46:18",264
"2019-04-11 18:46:30",264
"2019-04-11 19:46:43",264
"2019-04-11 20:46:21",264
"2019-04-11 21:46:20",264
"2019-04-11 22:46:19",264
"2019-04-11 23:46:21",264
"2019-04-12 00:46:20",264
"2019-04-12 01:46:23",264
"2019-04-12 02:46:31",264
"2019-04-12 03:46:23",264
"2019-04-12 04:46:19",264
"2019-04-12 05:46:20",264
"2019-04-12 06:46:17",264
"2019-04-12 07:46:18",264
"2019-04-12 08:46:19",264
"2019-04-12 09:46:25",264
"2019-04-12 10:46:18",264
"2019-04-12 11:46:17",264
"2019-04-12 13:10:06",264
"2019-04-12 13:46:22",264
"2019-04-12 14:46:19",263
"2019-04-12 15:46:28",263
"2019-04-12 16:46:25",262
"2019-04-12 17:46:20",261
"2019-04-12 18:46:20",262
"2019-04-12 19:46:20",262
"2019-04-12 20:46:19",262
"2019-04-12 21:46:19",262
"2019-04-12 22:46:33",262
"2019-04-12 23:46:18",262
"2019-04-13 00:46:22",262
"2019-04-13 01:46:21",262
"2019-04-13 02:46:23",262
"2019-04-13 03:46:39",262
"2019-04-13 04:46:24",262
"2019-04-13 05:46:20",262
"2019-04-13 06:46:22",262
"2019-04-13 07:46:16",262
"2019-04-13 08:46:21",262
"2019-04-13 09:46:26",262
"2019-04-13 10:46:17",262
"2019-04-13 11:46:21",262
"2019-04-13 12:46:20",262
"2019-04-13 13:46:22",262
"2019-04-13 14:46:24",262
"2019-04-13 15:46:24",262
"2019-04-13 16:46:22",262
"2019-04-13 17:46:18",262
"2019-04-13 18:46:21",262
"2019-04-13 19:46:21",262
"2019-04-13 20:46:19",262
"2019-04-13 21:46:28",262
"2019-04-13 22:46:19",262
"2019-04-13 23:46:18",262
"2019-04-14 00:46:21",262
"2019-04-14 01:46:24",262
"2019-04-14 02:46:19",262
"2019-04-14 03:46:22",262
"2019-04-14 04:46:31",262
"2019-04-14 05:46:19",262
"2019-04-14 06:46:20",262
"2019-04-14 07:46:24",262
"2019-04-14 08:46:19",262
"2019-04-14 09:46:22",262
"2019-04-14 10:46:16",262
"2019-04-14 11:46:25",262
"2019-04-14 12:46:17",262
"2019-04-14 13:46:22",262
"2019-04-14 14:46:30",262
"2019-04-14 15:46:24",262
"2019-04-14 16:46:25",262
"2019-04-14 17:46:22",262
"2019-04-14 18:46:52",262
"2019-04-14 19:46:25",262
"2019-04-14 20:46:27",262
"2019-04-14 21:46:34",262
"2019-04-14 22:46:21",262
"2019-04-14 23:46:23",262
"2019-04-15 00:46:21",262
"2019-04-15 01:46:20",262
"2019-04-15 02:46:21",262
"2019-04-15 03:46:37",262
"2019-04-15 04:46:22",262
"2019-04-15 05:46:22",262
"2019-04-15 06:46:17",262
"2019-04-15 07:46:20",262
"2019-04-15 08:46:26",262
"2019-04-15 09:46:17",262
"2019-04-15 10:46:17",262
"2019-04-15 11:46:19",262
"2019-04-15 13:12:02",262
"2019-04-15 13:46:17",262
"2019-04-15 14:46:22",263
"2019-04-15 15:46:29",263
"2019-04-15 16:46:19",263
"2019-04-15 17:46:28",263
"2019-04-15 18:46:26",263
"2019-04-15 19:46:48",264
"2019-04-15 20:46:19",264
"2019-04-15 21:46:21",264
"2019-04-15 22:46:22",264
"2019-04-15 23:46:27",264
"2019-04-16 00:46:22",264
"2019-04-16 01:46:20",264
"2019-04-16 02:46:22",264
"2019-04-16 03:46:29",264
"2019-04-16 04:46:21",264
"2019-04-16 05:46:19",264
"2019-04-16 06:46:19",264
"2019-04-16 07:46:17",264
"2019-04-16 08:46:34",264
"2019-04-16 09:46:18",264
"2019-04-16 10:46:29",264
"2019-04-16 11:46:16",264
"2019-04-16 13:10:22",264
"2019-04-16 13:46:23",264
"2019-04-16 14:46:26",263
"2019-04-16 15:46:19",264
"2019-04-16 16:46:19",263
"2019-04-16 17:46:16",263
"2019-04-16 18:46:30",264
"2019-04-16 19:46:20",264
"2019-04-16 20:46:20",264
"2019-04-16 21:46:16",264
"2019-04-16 22:46:17",264
"2019-04-16 23:46:17",264
"2019-04-17 00:46:19",264
"2019-04-17 01:46:24",264
"2019-04-17 02:46:28",264
"2019-04-17 03:46:19",264
"2019-04-17 04:46:18",264
"2019-04-17 05:46:18",264
"2019-04-17 06:46:36",264
"2019-04-17 07:46:19",264
"2019-04-17 08:46:17",264
"2019-04-17 09:46:27",264
"2019-04-17 10:46:17",264
"2019-04-17 11:46:18",264
"2019-04-17 13:11:29",264
"2019-04-17 13:46:22",264
"2019-04-17 14:46:20",263
"2019-04-17 15:47:00",263
"2019-04-17 16:46:21",262
"2019-04-17 17:46:28",263
"2019-04-17 18:46:19",262
"2019-04-17 19:46:19",262
"2019-04-17 20:46:20",262
"2019-04-17 21:46:18",262
"2019-04-17 22:46:21",262
"2019-04-18 00:46:21",262
"2019-04-18 01:46:21",262
"2019-04-18 02:46:18",262
"2019-04-18 03:46:32",262
"2019-04-18 04:46:20",262
"2019-04-18 05:46:27",262
"2019-04-18 06:46:17",262
"2019-04-18 07:46:16",262
"2019-04-18 08:46:26",262
"2019-04-18 09:46:17",262
"2019-04-18 10:46:19",262
"2019-04-18 11:46:24",262
"2019-04-18 13:11:21",262
"2019-04-18 13:46:21",262
"2019-04-18 14:46:28",262
"2019-04-18 15:46:19",262
"2019-04-18 16:46:24",262
"2019-04-18 17:46:28",262
"2019-04-18 18:46:20",262
"2019-04-18 19:46:17",262
"2019-04-18 20:46:18",262
"2019-04-18 21:46:21",262
"2019-04-18 22:46:20",262
"2019-04-18 23:46:26",262
"2019-04-19 00:48:24",262
"2019-04-19 02:46:19",262
"2019-04-19 03:46:32",262
"2019-04-19 04:46:18",262
"2019-04-19 05:46:17",262
"2019-04-19 06:46:19",262
"2019-04-19 07:46:27",262
"2019-04-19 08:46:22",262
"2019-04-19 09:46:17",262
"2019-04-19 10:46:21",262
"2019-04-19 11:46:16",262
"2019-04-19 12:46:19",262
"2019-04-19 13:46:22",262
"2019-04-19 14:46:25",262
"2019-04-19 15:46:16",262
"2019-04-19 16:46:22",262
"2019-04-19 17:46:31",262
"2019-04-19 18:46:19",262
"2019-04-19 19:46:18",262
"2019-04-19 20:46:18",262
"2019-04-19 21:46:18",262
"2019-04-19 22:46:18",262
"2019-04-19 23:46:21",262
"2019-04-20 00:46:28",262
"2019-04-20 01:46:22",262
"2019-04-20 02:46:21",262
"2019-04-20 03:46:18",262
"2019-04-20 04:46:27",262
"2019-04-20 05:46:19",262
"2019-04-20 06:46:18",262
"2019-04-20 07:46:22",262
"2019-04-20 08:46:19",262
"2019-04-20 09:46:26",262
"2019-04-20 10:46:19",262
"2019-04-20 11:46:15",262
"2019-04-20 12:46:33",262
"2019-04-20 13:47:44",262
"2019-04-20 14:46:18",262
"2019-04-20 15:46:16",262
"2019-04-20 16:46:23",262
"2019-04-20 17:46:22",262
"2019-04-20 18:46:17",262
"2019-04-20 19:46:18",262
"2019-04-20 20:46:17",262
"2019-04-20 21:46:16",262
"2019-04-20 22:46:18",262
"2019-04-20 23:46:29",262
"2019-04-21 00:46:17",262
"2019-04-21 01:46:17",262
"2019-04-21 02:46:21",262
"2019-04-21 03:46:20",262
"2019-04-21 04:46:24",262
"2019-04-21 05:46:17",262
"2019-04-21 06:46:15",262
"2019-04-21 07:46:26",262
"2019-04-21 08:46:15",262
"2019-04-21 09:46:16",262
"2019-04-21 10:46:18",262
"2019-04-21 11:46:21",262
"2019-04-21 12:46:17",262
"2019-04-21 13:46:17",262
"2019-04-21 14:46:28",262
"2019-04-21 15:46:18",262
"2019-04-21 16:46:19",262
"2019-04-21 17:46:19",262
"2019-04-21 18:46:16",262
"2019-04-21 19:46:27",262
"2019-04-21 20:46:16",262
"2019-04-21 21:46:17",262
"2019-04-21 22:46:15",262
"2019-04-21 23:46:16",262
"2019-04-22 00:46:16",262
"2019-04-22 01:46:25",262
"2019-04-22 02:46:29",262
"2019-04-22 03:46:19",262
"2019-04-22 04:46:14",262
"2019-04-22 05:46:17",262
"2019-04-22 06:46:23",262
"2019-04-22 07:46:20",262
"2019-04-22 08:46:17",262
"2019-04-22 09:46:15",262
"2019-04-22 10:46:23",262
"2019-04-22 11:46:22",262
"2019-04-22 13:11:54",262
"2019-04-22 13:46:23",262
"2019-04-22 14:46:25",263
"2019-04-22 15:46:19",263
"2019-04-22 16:46:19",265
"2019-04-22 17:46:20",265
"2019-04-22 18:46:26",265
"2019-04-22 19:46:22",265
"2019-04-22 20:46:18",265
"2019-04-22 21:46:19",265
"2019-04-22 22:46:19",265
"2019-04-22 23:46:24",265
"2019-04-23 00:46:22",265
"2019-04-23 01:46:18",265
"2019-04-23 02:46:19",265
"2019-04-23 03:46:23",265
"2019-04-23 04:46:26",265
"2019-04-23 05:46:20",265
"2019-04-23 06:46:57",265
"2019-04-23 07:46:18",265
"2019-04-23 08:46:15",265
"2019-04-23 09:46:18",265
"2019-04-23 10:46:22",265
"2019-04-23 11:46:23",265
"2019-04-23 13:12:25",265
"2019-04-23 13:46:18",265
"2019-04-23 14:46:17",264
"2019-04-23 15:46:25",264
"2019-04-23 16:46:20",264
"2019-04-23 17:46:20",264
"2019-04-23 18:46:17",264
"2019-04-23 19:46:21",264
"2019-04-23 20:46:31",264
"2019-04-23 21:46:21",264
"2019-04-23 22:46:18",264
"2019-04-23 23:46:20",264
"2019-04-24 00:46:17",264
"2019-04-24 01:46:20",264
"2019-04-24 02:46:28",264
"2019-04-24 03:46:21",264
"2019-04-24 04:46:18",264
"2019-04-24 05:46:16",264
"2019-04-24 06:46:21",264
"2019-04-24 07:46:28",264
"2019-04-24 08:46:18",264
"2019-04-24 09:46:19",264
"2019-04-24 10:46:25",264
"2019-04-24 11:46:26",264
"2019-04-24 12:46:17",264
"2019-04-24 13:46:39",264
"2019-04-24 14:46:24",264
"2019-04-24 15:46:25",266
"2019-04-24 16:46:24",267
"2019-04-24 17:46:24",267
"2019-04-24 18:46:39",267
"2019-04-24 19:46:22",267
"2019-04-24 20:46:23",267
"2019-04-24 21:46:22",267
"2019-04-24 22:46:20",267
"2019-04-24 23:46:33",267
"2019-04-25 00:46:23",267
"2019-04-25 01:46:21",267
"2019-04-25 02:46:20",267
"2019-04-25 03:46:32",267
"2019-04-25 04:46:19",267
"2019-04-25 05:46:19",267
"2019-04-25 06:46:26",267
"2019-04-25 07:46:20",267
"2019-04-25 08:46:23",267
"2019-04-25 09:46:18",267
"2019-04-25 10:46:24",267
"2019-04-25 11:46:23",267
"2019-04-25 13:10:56",267
"2019-04-25 13:46:19",267
"2019-04-25 14:46:28",267
"2019-04-25 15:46:19",267
"2019-04-25 16:46:26",268
"2019-04-25 17:46:16",268
"2019-04-25 18:46:16",268
"2019-04-25 19:46:24",268
"2019-04-25 20:46:16",268
"2019-04-25 21:46:26",268
"2019-04-25 22:46:16",268
"2019-04-25 23:46:16",268
"2019-04-26 00:46:20",268
"2019-04-26 01:46:29",268
"2019-04-26 02:46:19",268
"2019-04-26 03:46:19",268
"2019-04-26 04:46:22",268
"2019-04-26 05:46:25",268
"2019-04-26 06:46:22",268
"2019-04-26 07:46:18",268
"2019-04-26 08:46:27",268
"2019-04-26 09:46:15",268
"2019-04-26 10:46:30",268
"2019-04-26 11:46:17",268
"2019-04-26 12:46:18",268
"2019-04-26 13:46:24",268
"2019-04-26 14:46:17",267
"2019-04-26 15:46:24",267
"2019-04-26 16:46:16",265
"2019-04-26 17:46:32",265
"2019-04-26 18:46:17",265
"2019-04-26 19:46:16",265
"2019-04-26 20:46:23",265
"2019-04-26 21:46:16",265
"2019-04-26 22:46:15",265
"2019-04-26 23:46:17",265
"2019-04-27 00:46:18",265
"2019-04-27 01:46:23",265
"2019-04-27 02:46:16",265
"2019-04-27 03:46:15",265
"2019-04-27 04:46:13",265
"2019-04-27 05:46:18",265
"2019-04-27 06:46:23",265
"2019-04-27 07:46:14",265
"2019-04-27 08:46:14",265
"2019-04-27 09:46:20",265
"2019-04-27 10:46:17",265
"2019-04-27 11:46:12",265
"2019-04-27 12:46:14",265
"2019-04-27 13:46:20",265
"2019-04-27 14:46:14",265
"2019-04-27 15:46:13",265
"2019-04-27 16:46:17",265
"2019-04-27 17:46:25",265
"2019-04-27 18:46:16",265
"2019-04-27 19:46:12",265
"2019-04-27 20:46:16",265
"2019-04-27 21:46:18",265
"2019-04-27 22:46:14",265
"2019-04-27 23:46:14",265
"2019-04-28 00:46:15",265
"2019-04-28 01:46:17",265
"2019-04-28 02:46:16",265
"2019-04-28 03:46:15",265
"2019-04-28 04:46:25",265
"2019-04-28 05:46:15",265
"2019-04-28 06:46:14",265
"2019-04-28 07:46:13",265
"2019-04-28 08:46:19",265
"2019-04-28 09:46:14",265
"2019-04-28 10:46:19",265
"2019-04-28 11:46:17",265
"2019-04-28 12:46:13",265
"2019-04-28 13:46:14",265
"2019-04-28 14:46:21",265
"2019-04-28 15:46:15",265
"2019-04-28 16:46:13",265
"2019-04-28 17:46:16",265
"2019-04-28 18:46:16",265
"2019-04-28 20:46:14",265
"2019-04-28 21:46:16",265
"2019-04-28 22:46:14",265
"2019-04-28 23:46:19",265
"2019-04-29 00:46:23",265
"2019-04-29 01:46:12",265
"2019-04-29 02:46:13",265
"2019-04-29 03:46:16",265
"2019-04-29 04:46:21",265
"2019-04-29 05:46:14",265
"2019-04-29 06:46:14",265
"2019-04-29 07:46:16",265
"2019-04-29 08:46:21",265
"2019-04-29 09:46:19",265
"2019-04-29 10:46:14",265
"2019-04-29 11:46:14",265
"2019-04-29 12:46:23",265
"2019-04-29 13:46:14",265
"2019-04-29 14:46:23",265
"2019-04-29 15:46:14",265
"2019-04-29 16:46:19",265
"2019-04-29 17:46:17",265
"2019-04-29 18:46:18",265
"2019-04-29 19:46:20",265
"2019-04-29 20:46:29",265
"2019-04-29 21:46:16",265
"2019-04-29 22:46:14",265
"2019-04-29 23:46:18",265
"2019-04-30 00:46:15",265
"2019-04-30 01:46:22",265
"2019-04-30 02:46:23",265
"2019-04-30 03:46:25",265
"2019-04-30 04:46:19",265
"2019-04-30 05:46:20",265
"2019-04-30 06:46:18",265
"2019-04-30 07:46:17",265
"2019-04-30 08:46:21",265
"2019-04-30 09:46:25",265
"2019-04-30 10:46:21",265
"2019-04-30 11:46:17",265
"2019-04-30 13:10:22",265
"2019-04-30 13:46:21",265
"2019-04-30 14:46:22",266
"2019-04-30 15:46:22",266
"2019-04-30 16:46:22",266
"2019-04-30 17:46:29",267
"2019-04-30 18:46:18",266
"2019-04-30 19:46:24",266
"2019-04-30 20:46:18",266
"2019-04-30 21:46:19",266
"2019-04-30 22:46:15",266
"2019-04-30 23:46:24",266
"2019-05-01 00:46:14",266
"2019-05-01 01:46:27",266
"2019-05-01 02:46:20",266
"2019-05-01 03:46:29",266
"2019-05-01 04:46:27",266
"2019-05-01 05:46:23",266
"2019-05-01 06:46:15",266
"2019-05-01 07:46:22",266
"2019-05-01 08:46:21",266
"2019-05-01 09:46:22",266
"2019-05-01 10:46:15",266
"2019-05-01 11:46:20",266
"2019-05-01 13:10:20",266
"2019-05-01 13:46:23",266
"2019-05-01 14:46:12",266
"2019-05-01 15:46:24",267
"2019-05-01 16:46:19",267
"2019-05-01 17:46:14",267
"2019-05-01 18:46:23",267
"2019-05-01 19:46:29",267
"2019-05-01 20:46:27",267
"2019-05-01 21:46:21",267
"2019-05-01 22:46:25",267
"2019-05-01 23:46:26",267
"2019-05-02 00:46:28",267
"2019-05-02 01:46:21",267
"2019-05-02 02:46:29",267
"2019-05-02 03:46:22",267
"2019-05-02 04:46:31",267
"2019-05-02 05:46:31",267
"2019-05-02 06:46:29",267
"2019-05-02 07:46:25",267
"2019-05-02 08:46:25",267
"2019-05-02 09:46:19",267
"2019-05-02 10:46:27",267
"2019-05-02 11:46:20",267
"2019-05-02 13:46:34",267
"2019-05-02 14:46:20",268
"2019-05-02 15:46:21",268
"2019-05-02 16:46:29",268
"2019-05-02 17:46:22",269
"2019-05-02 18:46:22",269
"2019-05-02 19:46:32",269
"2019-05-02 20:46:23",270
"2019-05-02 21:46:29",270
"2019-05-02 22:46:35",270
"2019-05-02 23:46:19",270
"2019-05-03 00:46:22",270
"2019-05-03 01:46:37",270
"2019-05-03 02:46:24",270
"2019-05-03 03:46:34",270
"2019-05-03 04:46:22",270
"2019-05-03 05:46:43",270
"2019-05-03 06:46:26",270
"2019-05-03 07:46:28",270
"2019-05-03 08:46:28",270
"2019-05-03 09:46:26",270
"2019-05-03 10:46:32",270
"2019-05-03 11:46:25",270
"2019-05-03 13:09:37",270
"2019-05-03 13:46:42",270
"2019-05-03 14:46:33",270
"2019-05-03 15:46:30",270
"2019-05-03 16:46:28",270
"2019-05-03 17:46:32",270
"2019-05-03 18:46:42",270
"2019-05-03 19:46:36",270
"2019-05-03 20:46:23",269
"2019-05-03 21:46:37",269
"2019-05-03 22:46:24",269
"2019-05-03 23:46:33",269
"2019-05-04 00:46:28",269
"2019-05-04 01:46:32",269
"2019-05-04 02:46:37",269
"2019-05-04 03:46:40",269
"2019-05-04 04:46:32",269
"2019-05-04 05:46:29",269
"2019-05-04 06:46:31",269
"2019-05-04 07:46:31",269
"2019-05-04 08:46:22",269
"2019-05-04 09:46:26",269
"2019-05-04 10:46:21",269
"2019-05-04 11:46:28",269
"2019-05-04 12:46:32",269
"2019-05-04 13:46:33",269
"2019-05-04 14:46:23",269
"2019-05-04 15:46:25",269
"2019-05-04 16:46:27",269
"2019-05-04 17:46:22",269
"2019-05-04 18:46:24",269
"2019-05-04 19:46:26",269
"2019-05-04 20:46:21",269
"2019-05-04 21:46:23",269
"2019-05-04 22:46:27",269
"2019-05-04 23:46:29",269
"2019-05-05 00:46:25",269
"2019-05-05 01:46:31",269
"2019-05-05 02:46:24",269
"2019-05-05 03:46:29",269
"2019-05-05 04:46:30",269
"2019-05-05 05:46:31",269
"2019-05-05 06:46:31",269
"2019-05-05 07:46:24",269
"2019-05-05 08:46:19",269
"2019-05-05 09:46:20",269
"2019-05-05 10:46:23",269
"2019-05-05 11:46:26",269
"2019-05-05 12:46:23",269
"2019-05-05 13:46:25",269
"2019-05-05 14:46:25",269
"2019-05-05 15:46:23",269
"2019-05-05 16:46:22",269
"2019-05-05 17:46:32",269
"2019-05-05 18:46:23",269
"2019-05-05 19:46:21",269
"2019-05-05 20:46:23",269
"2019-05-05 21:46:24",269
"2019-05-05 22:46:26",269
"2019-05-05 23:46:27",269
"2019-05-06 00:46:22",269
"2019-05-06 01:46:21",269
"2019-05-06 02:46:22",269
"2019-05-06 03:46:28",269
"2019-05-06 04:46:20",269
"2019-05-06 05:46:19",269
"2019-05-06 06:46:20",269
"2019-05-06 07:46:25",269
"2019-05-06 08:46:20",269
"2019-05-06 09:46:17",269
"2019-05-06 10:46:24",269
"2019-05-06 11:46:25",269
"2019-05-06 13:11:43",269
"2019-05-06 13:46:46",269
"2019-05-06 14:46:44",270
"2019-05-06 15:46:20",271
"2019-05-06 16:46:25",271
"2019-05-06 17:38:16",271
"2019-05-06 17:46:20",271
"2019-05-06 18:46:24",269
"2019-05-06 19:46:25",268
"2019-05-06 20:46:18",268
"2019-05-06 21:46:17",268
"2019-05-06 22:46:22",268
"2019-05-06 23:46:16",268
"2019-05-07 00:46:19",268
"2019-05-07 01:46:33",268
"2019-05-07 02:46:19",268
"2019-05-07 03:46:22",268
"2019-05-07 04:46:22",268
"2019-05-07 05:46:18",268
"2019-05-07 06:46:16",268
"2019-05-07 07:46:20",268
"2019-05-07 08:46:14",268
"2019-05-07 09:46:21",268
"2019-05-07 10:46:18",268
"2019-05-07 11:46:15",268
"2019-05-07 12:46:24",268
"2019-05-07 13:46:23",268
"2019-05-07 14:46:17",268
"2019-05-07 15:46:15",267
"2019-05-07 16:46:25",267
"2019-05-07 17:46:22",268
"2019-05-07 18:46:22",268
"2019-05-07 19:46:24",267
"2019-05-07 20:46:19",266
"2019-05-07 21:46:17",266
"2019-05-07 22:46:18",266
"2019-05-07 23:46:23",266
"2019-05-08 00:46:17",266
"2019-05-08 01:46:19",266
"2019-05-08 02:46:19",266
"2019-05-08 03:46:25",266
"2019-05-08 04:46:20",266
"2019-05-08 05:46:21",266
"2019-05-08 06:46:20",266
"2019-05-08 07:46:18",266
"2019-05-08 08:46:17",266
"2019-05-08 09:46:28",266
"2019-05-08 10:46:17",266
"2019-05-08 11:46:22",266
"2019-05-08 13:10:25",266
"2019-05-08 13:46:22",266
"2019-05-08 14:46:26",266
"2019-05-08 15:46:25",266
"2019-05-08 16:46:22",266
"2019-05-08 17:46:24",266
"2019-05-08 18:46:31",266
"2019-05-08 19:46:21",266
"2019-05-08 20:46:18",266
"2019-05-08 21:46:21",266
"2019-05-08 22:46:19",266
"2019-05-08 23:46:33",266
"2019-05-09 00:46:20",266
"2019-05-09 01:46:22",266
"2019-05-09 02:46:25",266
"2019-05-09 03:46:31",266
"2019-05-09 04:46:31",266
"2019-05-09 05:46:21",266
"2019-05-09 06:46:27",266
"2019-05-09 07:46:25",266
"2019-05-09 08:46:23",266
"2019-05-09 09:46:32",266
"2019-05-09 10:46:21",266
"2019-05-09 11:46:26",266
"2019-05-09 13:09:55",266
"2019-05-09 13:46:22",266
"2019-05-09 14:46:25",265
"2019-05-09 15:46:25",265
"2019-05-09 16:46:23",265
"2019-05-09 17:46:31",265
"2019-05-09 18:46:21",265
"2019-05-09 19:46:23",265
"2019-05-09 20:46:21",265
"2019-05-09 21:46:18",265
"2019-05-09 22:46:31",265
"2019-05-09 23:46:19",265
"2019-05-10 00:46:22",265
"2019-05-10 01:46:25",265
"2019-05-10 02:46:38",265
"2019-05-10 03:46:20",265
"2019-05-10 04:46:32",265
"2019-05-10 05:46:20",265
"2019-05-10 06:46:53",265
"2019-05-10 07:46:19",265
"2019-05-10 08:46:26",265
"2019-05-10 09:46:20",265
"2019-05-10 10:46:23",265
"2019-05-10 11:46:20",265
"2019-05-10 12:46:31",265
"2019-05-10 13:46:22",265
"2019-05-10 14:46:26",265
"2019-05-10 15:46:20",264
"2019-05-10 16:46:22",264
"2019-05-10 17:46:22",264
"2019-05-10 18:46:31",264
"2019-05-10 19:46:23",264
"2019-05-10 20:46:20",264
"2019-05-10 21:46:21",264
"2019-05-10 22:46:27",264
"2019-05-10 23:46:25",264
"2019-05-11 00:46:34",264
"2019-05-11 01:46:20",264
"2019-05-11 02:46:32",264
"2019-05-11 03:46:20",264
"2019-05-11 04:46:21",264
"2019-05-11 05:46:36",264
"2019-05-11 06:46:18",264
"2019-05-11 07:46:18",264
"2019-05-11 08:46:28",264
"2019-05-11 09:46:18",264
"2019-05-11 10:46:32",264
"2019-05-11 11:46:19",264
"2019-05-11 12:46:20",264
"2019-05-11 13:46:27",264
"2019-05-11 14:46:20",264
"2019-05-11 15:46:23",264
"2019-05-11 16:46:34",264
"2019-05-11 17:46:21",264
"2019-05-11 18:46:24",264
"2019-05-11 19:46:23",264
"2019-05-11 20:46:21",264
"2019-05-11 21:46:27",264
"2019-05-11 22:46:26",264
"2019-05-11 23:46:22",264
"2019-05-12 00:46:19",264
"2019-05-12 01:46:21",264
"2019-05-12 02:46:22",264
"2019-05-12 03:46:31",264
"2019-05-12 04:46:21",264
"2019-05-12 05:46:23",264
"2019-05-12 06:46:20",264
"2019-05-12 07:46:27",264
"2019-05-12 08:46:19",264
"2019-05-12 09:46:24",264
"2019-05-12 10:46:19",264
"2019-05-12 11:46:18",264
"2019-05-12 12:46:18",264
"2019-05-12 13:46:25",264
"2019-05-12 14:46:19",264
"2019-05-12 15:46:19",264
"2019-05-12 16:46:23",264
"2019-05-12 17:46:28",264
"2019-05-12 18:46:20",264
"2019-05-12 19:46:20",264
"2019-05-12 20:46:19",264
"2019-05-12 21:46:18",264
"2019-05-12 22:46:29",264
"2019-05-12 23:46:20",264
"2019-05-13 00:46:22",264
"2019-05-13 01:46:17",264
"2019-05-13 02:46:17",264
"2019-05-13 03:46:25",264
"2019-05-13 04:46:17",264
"2019-05-13 05:46:16",264
"2019-05-13 06:46:24",264
"2019-05-13 07:46:15",264
"2019-05-13 08:46:18",264
"2019-05-13 09:46:19",264
"2019-05-13 10:46:25",264
"2019-05-13 11:46:20",264
"2019-05-13 13:09:54",264
"2019-05-13 13:46:19",264
"2019-05-13 14:46:19",263
"2019-05-13 15:46:27",264
"2019-05-13 16:46:20",265
"2019-05-13 17:46:20",266
"2019-05-13 18:46:22",266
"2019-05-13 19:46:25",267
"2019-05-13 20:46:18",267
"2019-05-13 21:46:20",267
"2019-05-13 22:46:19",267
"2019-05-13 23:46:20",267
"2019-05-14 00:46:45",267
"2019-05-14 01:46:19",267
"2019-05-14 02:46:22",267
"2019-05-14 03:46:29",267
"2019-05-14 04:46:19",267
"2019-05-14 05:46:18",267
"2019-05-14 06:46:28",267
"2019-05-14 07:46:20",267
"2019-05-14 08:46:20",267
"2019-05-14 09:46:27",267
"2019-05-14 10:46:18",267
"2019-05-14 11:46:18",267
"2019-05-14 13:09:27",267
"2019-05-14 13:46:23",267
"2019-05-14 14:46:19",267
"2019-05-14 15:46:24",266
"2019-05-14 16:46:21",266
"2019-05-14 17:46:25",266
"2019-05-14 18:46:21",267
"2019-05-14 19:46:17",267
"2019-05-14 20:46:18",265
"2019-05-14 21:46:17",265
"2019-05-14 22:46:26",265
"2019-05-14 23:46:21",265
"2019-05-15 00:46:19",265
"2019-05-15 01:46:21",265
"2019-05-15 02:46:20",265
"2019-05-15 03:46:27",265
"2019-05-15 04:46:22",265
"2019-05-15 05:46:23",265
"2019-05-15 06:46:25",265
"2019-05-15 07:46:21",265
"2019-05-15 08:46:22",265
"2019-05-15 09:46:30",265
"2019-05-15 10:46:31",265
"2019-05-15 11:46:19",265
"2019-05-15 13:10:26",265
"2019-05-15 13:46:21",265
"2019-05-15 14:46:23",265
"2019-05-15 15:46:19",265
"2019-05-15 16:46:29",265
"2019-05-15 17:46:22",265
"2019-05-15 18:46:27",265
"2019-05-15 19:46:22",264
"2019-05-15 20:46:23",264
"2019-05-15 21:46:24",264
"2019-05-15 22:46:20",264
"2019-05-15 23:46:20",264
"2019-05-16 00:46:19",264
"2019-05-16 01:46:31",264
"2019-05-16 02:46:25",264
"2019-05-16 03:46:19",264
"2019-05-16 04:46:21",264
"2019-05-16 05:46:27",264
"2019-05-16 06:46:24",264
"2019-05-16 07:46:30",264
"2019-05-16 08:46:30",264
"2019-05-16 09:46:29",264
"2019-05-16 10:46:48",264
"2019-05-16 11:46:24",264
"2019-05-16 13:09:31",264
"2019-05-16 13:46:40",264
"2019-05-16 14:46:23",265
"2019-05-16 15:46:24",265
"2019-05-16 16:46:31",266
"2019-05-16 17:46:23",265
"2019-05-16 18:46:27",265
"2019-05-16 19:46:27",265
"2019-05-16 20:46:23",265
"2019-05-16 21:46:28",265
"2019-05-16 22:46:30",265
"2019-05-16 23:46:31",265
"2019-05-17 00:46:39",265
"2019-05-17 01:46:30",265
"2019-05-17 02:46:24",265
"2019-05-17 03:46:22",265
"2019-05-17 04:46:23",265
"2019-05-17 05:46:25",265
"2019-05-17 06:46:33",265
"2019-05-17 07:46:25",265
"2019-05-17 08:46:34",265
"2019-05-17 09:46:32",265
"2019-05-17 10:46:24",265
"2019-05-17 11:46:31",265
"2019-05-17 13:11:01",265
"2019-05-17 13:46:42",265
"2019-05-17 14:46:26",265
"2019-05-17 15:46:22",266
"2019-05-17 16:46:28",266
"2019-05-17 17:46:23",266
"2019-05-17 18:46:23",266
"2019-05-17 19:46:30",266
"2019-05-17 20:46:22",266
"2019-05-17 21:46:23",266
"2019-05-17 22:46:23",266
"2019-05-17 23:46:23",266
"2019-05-18 00:46:23",266
"2019-05-18 01:46:27",266
"2019-05-18 02:46:27",266
"2019-05-18 04:46:19",266
"2019-05-18 05:46:12",266
"2019-05-18 06:46:17",266
"2019-05-18 07:46:13",266
"2019-05-18 08:46:13",266
"2019-05-18 09:46:12",266
"2019-05-18 10:46:12",266
"2019-05-18 11:46:17",266
"2019-05-18 12:46:12",266
"2019-05-18 13:46:15",266
"2019-05-18 14:46:13",266
"2019-05-18 15:46:18",266
"2019-05-18 16:46:12",266
"2019-05-18 17:46:15",266
"2019-05-18 18:46:12",266
"2019-05-18 19:46:13",266
"2019-05-18 20:46:12",266
"2019-05-18 21:46:13",266
"2019-05-18 22:46:12",266
"2019-05-18 23:46:11",266
"2019-05-19 00:46:10",266
"2019-05-19 01:46:12",266
"2019-05-19 02:46:12",266
"2019-05-19 03:46:11",266
"2019-05-19 04:46:15",266
"2019-05-19 05:46:11",266
"2019-05-19 06:46:12",266
"2019-05-19 07:46:11",266
"2019-05-19 08:46:11",266
"2019-05-19 09:46:11",266
"2019-05-19 10:46:11",266
"2019-05-19 11:46:13",266
"2019-05-19 12:46:15",266
"2019-05-19 13:46:15",266
"2019-05-19 14:46:12",266
"2019-05-19 15:46:11",266
"2019-05-19 16:46:15",266
"2019-05-19 17:46:14",266
"2019-05-19 18:46:12",266
"2019-05-19 19:46:12",266
"2019-05-19 20:46:14",266
"2019-05-19 21:46:13",266
"2019-05-19 22:46:12",266
"2019-05-19 23:46:14",266
"2019-05-20 00:46:13",266
"2019-05-20 01:46:13",266
"2019-05-20 02:46:16",266
"2019-05-20 03:46:13",266
"2019-05-20 04:46:16",266
"2019-05-20 05:46:14",266
"2019-05-20 06:46:13",266
"2019-05-20 07:46:14",266
"2019-05-20 08:46:14",266
"2019-05-20 09:46:14",266
"2019-05-20 10:46:13",266
"2019-05-20 11:46:15",266
"2019-05-20 12:46:18",266
"2019-05-20 13:46:16",267
"2019-05-20 14:46:14",266
"2019-05-20 15:46:12",266
"2019-05-20 16:46:15",265
"2019-05-20 17:46:13",265
"2019-05-20 18:46:11",265
"2019-05-20 19:46:12",265
"2019-05-20 20:46:12",266
"2019-05-20 21:46:12",266
"2019-05-20 22:46:12",266
"2019-05-20 23:46:19",266
"2019-05-21 00:46:12",266
"2019-05-21 01:46:15",266
"2019-05-21 02:46:12",266
"2019-05-21 03:46:12",266
"2019-05-21 04:46:15",266
"2019-05-21 05:46:13",266
"2019-05-21 06:46:11",266
"2019-05-21 07:46:14",266
"2019-05-21 08:46:13",266
"2019-05-21 09:46:10",266
"2019-05-21 10:46:14",266
"2019-05-21 11:46:11",266
"2019-05-21 13:10:16",266
"2019-05-21 13:46:12",266
"2019-05-21 14:46:14",266
"2019-05-21 15:46:11",266
"2019-05-21 16:46:11",266
"2019-05-21 17:46:11",266
"2019-05-21 18:46:13",266
"2019-05-21 19:46:13",266
"2019-05-21 20:46:13",266
"2019-05-21 21:46:11",266
"2019-05-21 22:46:17",266
"2019-05-21 23:46:14",266
"2019-05-22 00:46:12",266
"2019-05-22 01:46:12",266
"2019-05-22 02:46:12",266
"2019-05-22 03:46:12",266
"2019-05-22 04:46:15",266
"2019-05-22 05:46:13",266
"2019-05-22 06:46:11",266
"2019-05-22 07:46:13",266
"2019-05-22 08:46:20",266
"2019-05-22 09:46:20",266
"2019-05-22 10:46:11",266
"2019-05-22 11:46:14",266
"2019-05-22 12:46:13",266
"2019-05-22 13:46:14",266
"2019-05-22 14:46:12",266
"2019-05-22 15:46:18",266
"2019-05-22 16:46:14",267
"2019-05-22 17:46:11",267
"2019-05-22 18:46:13",267
"2019-05-22 19:46:11",267
"2019-05-22 20:46:11",267
"2019-05-22 21:46:12",267
"2019-05-22 22:46:11",267
"2019-05-22 23:46:11",267
"2019-05-23 00:46:13",267
"2019-05-23 01:46:12",267
"2019-05-23 02:46:15",267
"2019-05-23 03:46:14",267
"2019-05-23 04:46:16",267
"2019-05-23 05:46:13",267
"2019-05-23 06:46:13",267
"2019-05-23 07:46:15",267
"2019-05-23 08:46:14",267
"2019-05-23 09:46:13",267
"2019-05-23 10:46:13",267
"2019-05-23 11:46:12",267
"2019-05-23 12:46:18",267
"2019-05-23 13:46:14",267
"2019-05-23 14:46:15",267
"2019-05-23 15:46:12",267
"2019-05-23 16:46:12",267
"2019-05-23 17:46:14",266
"2019-05-23 18:46:13",266
"2019-05-23 19:46:17",266
"2019-05-23 20:46:14",266
"2019-05-23 21:46:13",266
"2019-05-23 22:46:13",266
"2019-05-23 23:46:15",266
"2019-05-24 00:46:15",266
"2019-05-24 01:46:14",266
"2019-05-24 02:46:13",266
"2019-05-24 03:46:13",266
"2019-05-24 04:46:14",266
"2019-05-24 05:46:18",266
"2019-05-24 06:46:12",266
"2019-05-24 07:46:12",266
"2019-05-24 08:46:13",266
"2019-05-24 09:46:15",266
"2019-05-24 10:46:17",266
"2019-05-24 11:46:14",266
"2019-05-24 13:10:17",266
"2019-05-24 13:46:13",266
"2019-05-24 14:46:12",266
"2019-05-24 15:46:12",266
"2019-05-24 16:46:12",266
"2019-05-24 17:46:14",266
"2019-05-24 18:46:16",266
"2019-05-24 19:46:14",266
"2019-05-24 20:46:15",265
"2019-05-24 21:46:18",265
"2019-05-24 22:46:15",265
"2019-05-24 23:46:19",265
"2019-05-25 00:46:15",265
"2019-05-25 01:46:13",265
"2019-05-25 04:46:17",265
"2019-05-26 04:46:19",265
"2019-05-26 05:46:15",265
"2019-05-26 06:46:14",265
"2019-05-26 07:46:17",265
"2019-05-26 08:46:13",265
"2019-05-26 09:46:14",265
"2019-05-26 10:46:15",265
"2019-05-26 11:46:16",265
"2019-05-26 12:46:13",265
"2019-05-26 13:46:13",265
"2019-05-26 14:46:16",265
"2019-05-26 15:46:12",265
"2019-05-26 16:46:13",265
"2019-05-26 17:46:18",265
"2019-05-26 18:46:15",265
"2019-05-26 19:47:02",265
"2019-05-26 20:46:13",265
"2019-05-26 21:46:15",265
"2019-05-26 22:46:15",265
"2019-05-26 23:46:12",265
"2019-05-27 00:46:13",265
"2019-05-27 01:46:14",265
"2019-05-27 02:46:15",265
"2019-05-27 03:46:16",265
"2019-05-27 04:46:17",265
"2019-05-27 05:46:15",265
"2019-05-27 06:46:15",265
"2019-05-27 07:46:21",265
"2019-05-27 08:46:20",265
"2019-05-27 09:46:20",265
"2019-05-27 10:46:16",265
"2019-05-27 11:46:13",265
"2019-05-27 12:46:13",265
"2019-05-27 13:46:15",265
"2019-05-27 14:46:14",265
"2019-05-27 15:46:15",265
"2019-05-27 16:46:14",265
"2019-05-27 17:46:19",265
"2019-05-27 18:46:13",265
"2019-05-27 19:46:12",265
"2019-05-27 20:46:13",265
"2019-05-27 21:46:13",265
"2019-05-27 22:46:12",265
"2019-05-27 23:46:13",265
"2019-05-28 00:46:13",265
"2019-05-28 01:46:14",265
"2019-05-28 02:46:17",265
"2019-05-28 03:46:14",265
"2019-05-28 04:46:13",265
"2019-05-28 05:46:14",265
"2019-05-28 06:46:19",265
"2019-05-28 07:46:15",265
"2019-05-28 08:46:13",265
"2019-05-28 09:46:16",265
"2019-05-28 10:46:12",265
"2019-05-28 11:46:12",265
"2019-05-28 12:46:12",265
"2019-05-28 13:46:15",265
"2019-05-28 14:46:15",265
"2019-05-28 15:46:14",265
"2019-05-28 16:46:15",265
"2019-05-28 17:46:19",265
"2019-05-28 18:46:16",265
"2019-05-28 19:46:14",265
"2019-05-28 20:46:14",265
"2019-05-28 21:46:14",265
"2019-05-28 22:46:15",265
"2019-05-28 23:46:16",265
"2019-05-29 00:46:16",265
"2019-05-29 01:46:14",265
"2019-05-29 02:46:14",265
"2019-05-29 03:46:14",265
"2019-05-29 04:46:13",265
"2019-05-29 05:46:17",265
"2019-05-29 06:46:14",265
"2019-05-29 07:46:17",265
"2019-05-29 08:46:14",265
"2019-05-29 09:46:23",265
"2019-05-29 10:46:15",265
"2019-05-29 11:46:13",265
"2019-05-29 13:09:18",265
"2019-05-29 13:46:16",265
"2019-05-29 14:46:16",265
"2019-05-29 15:46:14",265
"2019-05-29 16:46:13",265
"2019-05-29 17:46:15",265
"2019-05-29 18:46:15",265
"2019-05-29 19:46:17",264
"2019-05-29 20:46:12",264
"2019-05-29 21:46:14",264
"2019-05-29 22:46:14",264
"2019-05-29 23:46:15",264
"2019-05-30 00:46:13",264
"2019-05-30 01:46:15",264
"2019-05-30 02:46:16",264
"2019-05-30 03:46:15",264
"2019-05-30 04:46:15",264
"2019-05-30 05:46:17",264
"2019-05-30 06:46:13",264
"2019-05-30 07:46:13",264
"2019-05-30 08:46:22",264
"2019-05-30 09:46:14",264
"2019-05-30 10:46:12",264
"2019-05-30 11:46:14",264
"2019-05-30 12:46:18",264
"2019-05-30 13:46:13",264
"2019-05-30 14:46:17",264
"2019-05-30 15:46:15",264
"2019-05-30 16:46:12",263
"2019-05-30 17:46:15",263
"2019-05-30 18:46:14",263
"2019-05-30 19:46:14",263
"2019-05-30 20:46:12",263
"2019-05-30 21:46:12",263
"2019-05-30 22:46:16",263
"2019-05-30 23:46:13",263
"2019-05-31 00:46:12",263
"2019-05-31 01:46:14",263
"2019-05-31 02:46:12",263
"2019-05-31 03:46:12",263
"2019-05-31 04:46:12",263
"2019-05-31 05:46:13",263
"2019-05-31 06:46:15",263
"2019-05-31 07:46:12",263
"2019-05-31 08:46:14",263
"2019-05-31 09:46:15",263
"2019-05-31 10:46:13",263
"2019-05-31 11:46:13",263
"2019-05-31 12:46:59",263
"2019-05-31 13:46:16",263
"2019-05-31 14:46:13",263
"2019-05-31 15:46:14",263
"2019-05-31 16:46:13",262
"2019-05-31 17:46:18",262
"2019-05-31 18:46:13",262
"2019-05-31 19:46:11",262
"2019-05-31 20:46:13",263
"2019-05-31 21:46:14",263
"2019-05-31 22:46:10",263
"2019-05-31 23:46:13",263
"2019-06-01 00:46:12",263
"2019-06-01 01:46:12",263
"2019-06-01 02:46:13",263
"2019-06-01 03:46:12",263
"2019-06-01 04:46:12",263
"2019-06-01 05:46:12",263
"2019-06-01 06:46:18",263
"2019-06-01 07:46:11",263
"2019-06-01 08:46:14",263
"2019-06-01 09:46:12",263
"2019-06-01 10:46:15",263
"2019-06-01 11:46:12",263
"2019-06-01 12:46:12",263
"2019-06-01 13:46:12",263
"2019-06-01 14:46:19",263
"2019-06-01 15:46:15",263
"2019-06-01 16:46:12",263
"2019-06-01 17:46:14",263
"2019-06-01 18:46:12",263
"2019-06-01 19:46:15",263
"2019-06-01 20:46:12",263
"2019-06-01 21:46:15",263
"2019-06-01 22:46:13",263
"2019-06-01 23:46:14",263
"2019-06-02 00:46:16",263
"2019-06-02 01:46:19",263
"2019-06-02 02:46:15",263
"2019-06-02 03:46:14",263
"2019-06-02 04:46:13",263
"2019-06-02 05:46:18",263
"2019-06-02 06:46:13",263
"2019-06-02 07:46:12",263
"2019-06-02 08:46:12",263
"2019-06-02 09:46:12",263
"2019-06-02 10:46:13",263
"2019-06-02 11:46:12",263
"2019-06-02 12:46:18",263
"2019-06-02 13:46:13",263
"2019-06-02 14:46:15",263
"2019-06-02 15:46:10",263
"2019-06-02 16:46:12",263
"2019-06-02 17:46:14",263
"2019-06-02 18:46:14",263
"2019-06-02 19:46:14",263
"2019-06-02 20:46:13",263
"2019-06-02 21:46:14",263
"2019-06-02 22:46:13",263
"2019-06-02 23:46:12",263
"2019-06-03 00:46:12",263
"2019-06-03 01:46:17",263
"2019-06-03 02:46:13",263
"2019-06-03 03:46:13",263
"2019-06-03 04:46:12",263
"2019-06-03 05:46:12",263
"2019-06-03 06:46:14",263
"2019-06-03 07:46:12",263
"2019-06-03 08:46:14",263
"2019-06-03 09:46:13",263
"2019-06-03 10:46:15",263
"2019-06-03 11:46:16",263
"2019-06-03 12:46:12",263
"2019-06-03 13:46:16",263
"2019-06-03 14:46:17",263
"2019-06-03 15:46:14",263
"2019-06-03 16:46:13",263
"2019-06-03 17:46:13",263
"2019-06-03 18:46:15",263
"2019-06-03 19:46:17",263
"2019-06-03 20:46:13",263
"2019-06-03 21:46:15",263
"2019-06-03 22:46:13",263
"2019-06-03 23:46:17",263
"2019-06-04 00:46:12",263
"2019-06-04 01:46:14",263
"2019-06-04 02:46:14",263
"2019-06-04 03:47:02",263
"2019-06-04 04:46:15",263
"2019-06-04 05:46:12",263
"2019-06-04 06:46:13",263
"2019-06-04 07:46:12",263
"2019-06-04 08:46:18",263
"2019-06-04 09:46:12",263
"2019-06-04 10:46:15",263
"2019-06-04 11:46:13",263
"2019-06-04 13:08:47",263
"2019-06-04 13:46:15",263
"2019-06-04 14:46:19",263
"2019-06-04 15:46:15",263
"2019-06-04 16:46:15",262
"2019-06-04 17:46:17",260
"2019-06-04 18:46:15",260
"2019-06-04 19:46:15",261
"2019-06-04 20:46:15",261
"2019-06-04 21:46:13",261
"2019-06-04 22:46:15",261
"2019-06-04 23:46:18",261
"2019-06-05 00:46:14",261
"2019-06-05 01:46:15",261
"2019-06-05 02:46:17",261
"2019-06-05 03:46:17",261
"2019-06-05 04:46:19",261
"2019-06-05 05:46:14",261
"2019-06-05 06:46:14",261
"2019-06-05 07:46:14",261
"2019-06-05 08:46:22",261
"2019-06-05 09:46:14",261
"2019-06-05 10:46:14",261
"2019-06-05 11:46:19",261
"2019-06-05 13:10:18",261
"2019-06-05 13:46:14",261
"2019-06-05 14:46:13",261
"2019-06-05 15:46:15",261
"2019-06-05 16:46:14",261
"2019-06-05 17:46:15",261
"2019-06-05 18:46:14",261
"2019-06-05 19:46:19",261
"2019-06-05 20:46:14",261
"2019-06-05 21:46:13",261
"2019-06-05 22:46:14",261
"2019-06-05 23:46:14",261
"2019-06-06 00:46:14",261
"2019-06-06 01:46:12",261
"2019-06-06 02:46:15",261
"2019-06-06 03:46:15",261
"2019-06-06 04:46:22",261
"2019-06-06 05:46:14",261
"2019-06-06 06:46:17",261
"2019-06-06 07:46:14",261
"2019-06-06 08:46:23",261
"2019-06-06 09:46:17",261
"2019-06-06 10:46:22",261
"2019-06-06 11:46:13",261
"2019-06-06 13:10:17",261
"2019-06-06 13:46:15",261
"2019-06-06 14:46:15",260
"2019-06-06 15:46:17",260
"2019-06-06 16:46:15",260
"2019-06-06 17:46:17",260
"2019-06-06 18:46:19",260
"2019-06-06 19:46:17",260
"2019-06-06 20:46:13",260
"2019-06-06 21:46:16",260
"2019-06-06 22:46:13",260
"2019-06-06 23:46:12",260
"2019-06-07 00:46:18",260
"2019-06-07 01:46:16",260
"2019-06-07 02:46:17",260
"2019-06-07 03:46:16",260
"2019-06-07 04:46:20",260
"2019-06-07 05:46:14",260
"2019-06-07 06:46:18",260
"2019-06-07 07:46:15",260
"2019-06-07 08:46:16",260
"2019-06-07 09:46:18",260
"2019-06-07 10:46:14",260
"2019-06-07 11:46:16",260
"2019-06-07 13:10:22",260
"2019-06-07 13:46:19",260
"2019-06-07 14:46:18",260
"2019-06-07 15:46:17",260
"2019-06-07 16:46:16",258
"2019-06-07 17:46:15",258
"2019-06-07 18:46:16",258
"2019-06-07 19:46:13",257
"2019-06-07 20:46:14",258
"2019-06-07 21:46:16",258
"2019-06-07 22:46:13",258
"2019-06-07 23:46:20",258
"2019-06-08 00:46:15",258
"2019-06-08 01:46:21",258
"2019-06-08 02:46:17",258
"2019-06-08 03:46:20",258
"2019-06-08 04:46:16",258
"2019-06-08 05:46:23",258
"2019-06-08 06:46:19",258
"2019-06-08 07:46:21",258
"2019-06-08 08:46:15",258
"2019-06-08 09:46:17",258
"2019-06-08 10:46:17",258
"2019-06-08 11:46:17",258
"2019-06-08 12:46:16",258
"2019-06-08 13:46:14",258
"2019-06-08 14:46:12",258
"2019-06-08 15:46:18",258
"2019-06-08 16:46:17",258
"2019-06-08 17:46:16",258
"2019-06-08 18:46:17",258
"2019-06-08 19:46:13",258
"2019-06-08 20:46:15",258
"2019-06-08 21:46:13",258
"2019-06-08 22:46:15",258
"2019-06-08 23:46:18",258
"2019-06-09 00:46:14",258
"2019-06-09 01:46:15",258
"2019-06-09 02:46:21",258
"2019-06-09 03:46:23",258
"2019-06-09 04:46:14",258
"2019-06-09 05:46:20",258
"2019-06-09 06:46:13",258
"2019-06-09 07:46:19",258
"2019-06-09 08:46:14",258
"2019-06-09 09:46:16",258
"2019-06-09 10:46:15",258
"2019-06-09 11:46:16",258
"2019-06-09 12:46:18",258
"2019-06-09 13:46:16",258
"2019-06-09 14:46:14",258
"2019-06-09 15:46:17",258
"2019-06-09 16:46:16",258
"2019-06-09 17:46:19",258
"2019-06-09 18:46:14",258
"2019-06-09 19:46:15",258
"2019-06-09 20:46:14",258
"2019-06-09 21:46:16",258
"2019-06-09 22:46:21",258
"2019-06-09 23:46:17",258
"2019-06-10 00:46:16",258
"2019-06-10 01:46:20",258
"2019-06-10 02:46:15",258
"2019-06-10 03:46:20",258
"2019-06-10 04:46:16",258
"2019-06-10 05:46:19",258
"2019-06-10 06:46:14",258
"2019-06-10 07:46:21",258
"2019-06-10 08:46:15",258
"2019-06-10 09:46:14",258
"2019-06-10 10:46:22",258
"2019-06-10 11:46:17",258
"2019-06-10 12:46:25",258
"2019-06-10 13:46:22",258
"2019-06-10 14:46:16",257
"2019-06-10 15:46:19",258
"2019-06-10 16:46:21",258
"2019-06-10 17:46:19",258
"2019-06-10 18:46:21",258
"2019-06-10 19:46:19",258
"2019-06-10 20:46:18",258
"2019-06-10 21:46:17",258
"2019-06-10 22:46:20",258
"2019-06-10 23:46:20",258
"2019-06-11 00:46:20",258
"2019-06-11 01:46:23",258
"2019-06-11 02:46:21",258
"2019-06-11 03:46:20",258
"2019-06-11 04:46:19",258
"2019-06-11 05:46:20",258
"2019-06-11 06:46:18",258
"2019-06-11 07:46:18",258
"2019-06-11 08:46:18",258
"2019-06-11 09:46:21",258
"2019-06-11 10:46:19",258
"2019-06-11 11:46:21",258
"2019-06-11 13:09:54",258
"2019-06-11 13:46:24",258
"2019-06-11 14:46:18",257
"2019-06-11 15:46:19",257
"2019-06-11 16:46:24",257
"2019-06-11 17:46:19",257
"2019-06-11 18:46:21",257
"2019-06-11 19:46:19",257
"2019-06-11 20:46:20",257
"2019-06-11 21:46:19",257
"2019-06-11 22:46:19",257
"2019-06-11 23:46:16",257
"2019-06-12 00:46:23",257
"2019-06-12 01:46:22",257
"2019-06-12 02:46:21",257
"2019-06-12 03:46:26",257
"2019-06-12 04:46:22",257
"2019-06-12 05:46:21",257
"2019-06-12 06:46:21",257
"2019-06-12 07:46:24",257
"2019-06-12 08:46:22",257
"2019-06-12 09:46:26",257
"2019-06-12 10:46:22",257
"2019-06-12 11:46:24",257
"2019-06-12 13:09:26",257
"2019-06-12 13:46:19",257
"2019-06-12 14:46:20",257
"2019-06-12 15:46:21",257
"2019-06-12 16:46:20",257
"2019-06-12 17:46:19",257
"2019-06-12 18:46:21",257
"2019-06-12 19:46:24",257
"2019-06-12 20:46:22",258
"2019-06-12 21:46:22",258
"2019-06-12 22:46:19",258
"2019-06-12 23:46:20",258
"2019-06-13 00:46:20",258
"2019-06-13 01:46:23",258
"2019-06-13 02:46:38",258
"2019-06-13 03:46:19",258
"2019-06-13 04:46:21",258
"2019-06-13 05:46:25",258
"2019-06-13 06:46:21",258
"2019-06-13 07:46:17",258
"2019-06-13 08:46:18",258
"2019-06-13 09:46:18",258
"2019-06-13 10:46:25",258
"2019-06-13 11:46:17",258
"2019-06-13 13:10:21",258
"2019-06-13 13:46:22",258
"2019-06-13 14:46:21",258
"2019-06-13 15:46:21",259
"2019-06-13 16:46:22",259
"2019-06-13 17:46:18",259
"2019-06-13 18:46:18",259
"2019-06-13 19:46:20",259
"2019-06-13 20:46:15",259
"2019-06-13 21:46:17",259
"2019-06-13 22:46:18",259
"2019-06-13 23:46:18",259
"2019-06-14 00:46:19",259
"2019-06-14 01:46:20",259
"2019-06-14 02:46:23",259
"2019-06-14 03:46:20",259
"2019-06-14 04:46:20",259
"2019-06-14 05:46:21",259
"2019-06-14 06:46:28",259
"2019-06-14 07:46:23",259
"2019-06-14 08:46:22",259
"2019-06-14 09:46:20",259
"2019-06-14 10:46:23",259
"2019-06-14 11:46:23",259
"2019-06-14 12:46:22",259
"2019-06-14 13:46:19",258
"2019-06-14 14:46:22",258
"2019-06-14 15:46:23",258
"2019-06-14 16:46:22",258
"2019-06-14 17:46:20",258
"2019-06-14 18:46:20",258
"2019-06-14 19:46:19",258
"2019-06-14 20:46:18",258
"2019-06-14 21:46:21",258
"2019-06-14 22:46:18",258
"2019-06-14 23:46:21",258
"2019-06-15 00:46:23",258
"2019-06-15 01:46:22",258
"2019-06-15 02:46:19",258
"2019-06-15 03:46:20",258
"2019-06-15 04:46:21",258
"2019-06-15 05:46:23",258
"2019-06-15 06:46:20",258
"2019-06-15 07:46:22",258
"2019-06-15 08:46:21",258
"2019-06-15 09:46:20",258
"2019-06-15 10:46:23",258
"2019-06-15 11:46:21",258
"2019-06-15 12:46:24",258
"2019-06-15 13:46:27",258
"2019-06-15 14:46:19",258
"2019-06-15 15:46:19",258
"2019-06-15 16:46:20",258
"2019-06-15 17:46:20",258
"2019-06-15 18:46:23",258
"2019-06-15 19:46:21",258
"2019-06-15 20:46:21",258
"2019-06-15 21:46:27",258
"2019-06-15 22:46:27",258
"2019-06-15 23:46:20",258
"2019-06-16 00:46:20",258
"2019-06-16 01:46:26",258
"2019-06-16 02:46:23",258
"2019-06-16 03:46:21",258
"2019-06-16 04:46:25",258
"2019-06-16 05:46:21",258
"2019-06-16 06:46:24",258
"2019-06-16 07:46:26",258
"2019-06-16 08:46:21",258
"2019-06-16 09:46:18",258
"2019-06-16 10:46:18",258
"2019-06-16 11:46:18",258
"2019-06-16 12:46:20",258
"2019-06-16 13:46:18",258
"2019-06-16 14:46:21",258
"2019-06-16 15:46:22",258
"2019-06-16 16:46:25",258
"2019-06-16 17:46:24",258
"2019-06-16 18:46:25",258
"2019-06-16 19:46:21",258
"2019-06-16 20:46:20",258
"2019-06-16 21:46:24",258
"2019-06-16 22:46:22",258
"2019-06-16 23:46:24",258
"2019-06-17 00:46:21",258
"2019-06-17 01:46:20",258
"2019-06-17 02:46:26",258
"2019-06-17 03:46:27",258
"2019-06-17 04:46:24",258
"2019-06-17 05:46:22",258
"2019-06-17 06:46:20",258
"2019-06-17 07:46:18",258
"2019-06-17 08:46:21",258
"2019-06-17 09:46:20",258
"2019-06-17 10:46:22",258
"2019-06-17 11:46:22",258
"2019-06-17 13:10:55",258
"2019-06-17 13:46:19",258
"2019-06-17 14:46:22",258
"2019-06-17 15:46:23",258
"2019-06-17 16:46:34",258
"2019-06-17 17:46:25",258
"2019-06-17 18:46:27",258
"2019-06-17 19:46:22",258
"2019-06-17 20:46:24",258
"2019-06-17 21:46:20",258
"2019-06-17 22:46:22",258
"2019-06-17 23:46:19",258
"2019-06-18 00:46:20",258
"2019-06-18 01:46:18",258
"2019-06-18 02:46:34",258
"2019-06-18 03:46:22",258
"2019-06-18 04:46:21",258
"2019-06-18 05:46:23",258
"2019-06-18 06:46:21",258
"2019-06-18 07:46:21",258
"2019-06-18 08:46:32",258
"2019-06-18 09:46:18",258
"2019-06-18 10:46:18",258
"2019-06-18 11:46:19",258
"2019-06-18 13:08:53",258
"2019-06-18 13:46:22",258
"2019-06-18 14:46:20",257
"2019-06-18 15:46:20",257
"2019-06-18 16:46:20",256
"2019-06-18 17:46:18",255
"2019-06-18 18:46:25",255
"2019-06-18 19:46:26",255
"2019-06-18 20:46:19",254
"2019-06-18 21:46:20",254
"2019-06-18 22:46:20",254
"2019-06-18 23:46:21",254
"2019-06-19 00:46:19",254
"2019-06-19 01:46:23",254
"2019-06-19 02:46:25",254
"2019-06-19 03:46:23",254
"2019-06-19 04:46:20",254
"2019-06-19 05:46:43",254
"2019-06-19 06:46:39",254
"2019-06-19 07:46:27",254
"2019-06-19 08:46:28",254
"2019-06-19 09:46:20",254
"2019-06-19 10:46:26",254
"2019-06-19 11:46:23",254
"2019-06-19 13:08:56",254
"2019-06-19 13:46:23",254
"2019-06-19 14:46:23",254
"2019-06-19 15:46:21",254
"2019-06-19 16:46:35",254
"2019-06-19 17:46:23",254
"2019-06-19 18:46:20",254
"2019-06-19 19:46:24",254
"2019-06-19 20:46:22",254
"2019-06-19 21:46:22",254
"2019-06-19 22:46:21",254
"2019-06-19 23:46:20",254
"2019-06-20 00:46:21",254
"2019-06-20 01:46:19",254
"2019-06-20 02:46:19",254
"2019-06-20 03:46:19",254
"2019-06-20 04:46:22",254
"2019-06-20 05:46:20",254
"2019-06-20 06:46:19",254
"2019-06-20 07:46:20",254
"2019-06-20 08:46:20",254
"2019-06-20 09:46:24",254
"2019-06-20 10:46:21",254
"2019-06-20 11:46:19",254
"2019-06-20 13:10:35",254
"2019-06-20 13:46:24",254
"2019-06-20 14:46:21",254
"2019-06-20 15:46:22",255
"2019-06-20 16:46:22",255
"2019-06-20 17:46:23",255
"2019-06-20 18:46:20",256
"2019-06-20 19:46:20",256
"2019-06-20 20:46:37",255
"2019-06-20 21:46:22",255
"2019-06-20 22:46:20",255
"2019-06-20 23:46:21",255
"2019-06-21 00:46:20",255
"2019-06-21 01:46:23",255
"2019-06-21 02:46:25",255
"2019-06-21 03:46:22",255
"2019-06-21 04:46:23",255
"2019-06-21 05:46:22",255
"2019-06-21 06:46:23",255
"2019-06-21 07:46:24",255
"2019-06-21 08:46:23",255
"2019-06-21 09:46:21",255
"2019-06-21 10:46:20",255
"2019-06-21 11:46:18",255
"2019-06-21 12:46:21",255
"2019-06-21 13:46:23",255
"2019-06-21 14:46:22",255
"2019-06-21 15:46:22",255
"2019-06-21 16:46:22",256
"2019-06-21 17:46:22",256
"2019-06-21 18:46:23",256
"2019-06-21 19:46:20",256
"2019-06-21 20:46:22",256
"2019-06-21 21:46:21",256
"2019-06-21 22:46:21",256
"2019-06-21 23:46:51",256
"2019-06-22 00:46:22",256
"2019-06-22 01:46:27",256
"2019-06-22 02:46:25",256
"2019-06-22 03:46:20",256
"2019-06-22 04:46:23",256
"2019-06-22 05:46:24",256
"2019-06-22 06:46:25",256
"2019-06-22 07:46:22",256
"2019-06-22 08:46:23",256
"2019-06-22 09:46:25",256
"2019-06-22 10:46:27",256
"2019-06-22 11:46:20",256
"2019-06-22 12:46:28",256
"2019-06-22 13:46:22",256
"2019-06-22 14:46:27",256
"2019-06-22 15:46:42",256
"2019-06-22 16:46:33",256
"2019-06-22 17:46:23",256
"2019-06-22 18:46:29",256
"2019-06-22 19:46:25",256
"2019-06-22 20:46:24",256
"2019-06-22 21:46:22",256
"2019-06-22 22:46:29",256
"2019-06-22 23:46:24",256
"2019-06-23 00:46:35",256
"2019-06-23 01:46:28",256
"2019-06-23 02:46:29",256
"2019-06-23 03:46:25",256
"2019-06-23 04:46:21",256
"2019-06-23 05:46:27",256
"2019-06-23 06:46:22",256
"2019-06-23 07:46:21",256
"2019-06-23 08:46:24",256
"2019-06-23 09:46:24",256
"2019-06-23 10:46:21",256
"2019-06-23 11:46:22",256
"2019-06-23 12:46:20",256
"2019-06-23 13:46:22",256
"2019-06-23 14:46:20",256
"2019-06-23 15:46:22",256
"2019-06-23 16:46:24",256
"2019-06-23 17:46:25",256
"2019-06-23 18:46:19",256
"2019-06-23 19:46:19",256
"2019-06-23 20:46:23",256
"2019-06-23 21:46:20",256
"2019-06-23 22:46:21",256
"2019-06-23 23:46:20",256
"2019-06-24 00:46:25",256
"2019-06-24 01:46:21",256
"2019-06-24 02:46:22",256
"2019-06-24 03:46:28",256
"2019-06-24 04:46:25",256
"2019-06-24 05:46:24",256
"2019-06-24 06:46:27",256
"2019-06-24 07:46:20",256
"2019-06-24 08:46:22",256
"2019-06-24 09:46:26",256
"2019-06-24 10:46:18",256
"2019-06-24 11:46:27",256
"2019-06-24 13:46:21",256
"2019-06-24 14:46:24",255
"2019-06-24 15:46:23",255
"2019-06-24 16:46:29",255
"2019-06-24 17:46:27",256
"2019-06-24 18:46:27",256
"2019-06-24 19:46:27",256
"2019-06-24 20:46:26",256
"2019-06-24 21:46:25",256
"2019-06-24 22:46:22",256
"2019-06-24 23:46:24",256
"2019-06-25 00:46:23",256
"2019-06-25 01:46:25",256
"2019-06-25 02:46:28",256
"2019-06-25 03:46:24",256
"2019-06-25 04:46:22",256
"2019-06-25 05:46:23",256
"2019-06-25 06:46:27",256
"2019-06-25 07:46:24",256
"2019-06-25 08:46:22",256
"2019-06-25 09:46:24",256
"2019-06-25 10:46:22",256
"2019-06-25 11:46:18",256
"2019-06-25 13:09:55",256
"2019-06-25 13:46:21",256
"2019-06-25 14:46:26",255
"2019-06-25 15:46:23",254
"2019-06-25 16:46:24",254
"2019-06-25 17:46:25",254
"2019-06-25 18:46:24",254
"2019-06-25 19:46:20",253
"2019-06-25 20:46:23",253
"2019-06-25 21:46:19",253
"2019-06-25 22:46:19",253
"2019-06-25 23:46:27",253
"2019-06-26 00:46:25",253
"2019-06-26 01:46:22",253
"2019-06-26 02:46:24",253
"2019-06-26 03:46:38",253
"2019-06-26 04:46:26",253
"2019-06-26 05:46:24",253
"2019-06-26 06:46:23",253
"2019-06-26 07:46:25",253
"2019-06-26 08:46:20",253
"2019-06-26 09:46:18",253
"2019-06-26 10:46:21",253
"2019-06-26 11:46:20",253
"2019-06-26 13:08:53",253
"2019-06-26 13:46:24",253
"2019-06-26 14:46:23",253
"2019-06-26 15:46:20",253
"2019-06-26 16:46:25",253
"2019-06-26 17:46:20",253
"2019-06-26 18:46:22",253
"2019-06-26 19:46:22",253
"2019-06-26 20:46:20",253
"2019-06-26 21:46:21",253
"2019-06-26 22:46:23",253
"2019-06-26 23:46:21",253
"2019-06-27 00:46:25",253
"2019-06-27 01:46:22",253
"2019-06-27 02:46:25",253
"2019-06-27 03:46:19",253
"2019-06-27 04:46:25",253
"2019-06-27 05:46:21",253
"2019-06-27 06:46:25",253
"2019-06-27 07:46:18",253
"2019-06-27 08:46:20",253
"2019-06-27 09:46:21",253
"2019-06-27 10:46:22",253
"2019-06-27 11:46:18",253
"2019-06-27 13:08:56",253
"2019-06-27 13:46:18",253
"2019-06-27 14:46:19",254
"2019-06-27 15:46:23",256
"2019-06-27 16:46:21",256
"2019-06-27 17:46:19",256
"2019-06-27 18:46:20",256
"2019-06-27 19:46:17",256
"2019-06-27 20:46:24",256
"2019-06-27 21:46:23",256
"2019-06-27 22:46:17",256
"2019-06-27 23:46:42",256
"2019-06-28 00:46:22",256
"2019-06-28 01:46:20",256
"2019-06-28 02:46:19",256
"2019-06-28 03:46:23",256
"2019-06-28 04:46:22",256
"2019-06-28 05:46:19",256
"2019-06-28 06:46:19",256
"2019-06-28 07:46:19",256
"2019-06-28 08:46:18",256
"2019-06-28 09:46:18",256
"2019-06-28 10:46:16",256
"2019-06-28 11:46:18",256
"2019-06-28 13:09:59",256
"2019-06-28 13:46:16",256
"2019-06-28 14:46:18",256
"2019-06-28 15:46:21",256
"2019-06-28 16:46:19",256
"2019-06-28 17:46:19",255
"2019-06-28 18:46:17",255
"2019-06-28 19:46:19",254
"2019-06-28 20:46:20",254
"2019-06-28 21:46:19",254
"2019-06-28 22:46:20",254
"2019-06-28 23:46:17",254
"2019-06-29 00:46:22",254
"2019-06-29 01:46:25",254
"2019-06-29 02:46:21",254
"2019-06-29 03:46:18",254
"2019-06-29 04:46:18",254
"2019-06-29 05:46:20",254
"2019-06-29 06:46:19",254
"2019-06-29 07:46:20",254
"2019-06-29 08:46:19",254
"2019-06-29 09:46:20",254
"2019-06-29 10:46:19",254
"2019-06-29 11:46:24",254
"2019-06-29 12:46:23",254
"2019-06-29 13:46:21",254
"2019-06-29 14:46:21",254
"2019-06-29 15:46:22",254
"2019-06-29 16:46:25",254
"2019-06-29 17:46:20",254
"2019-06-29 18:46:22",254
"2019-06-29 19:46:22",254
"2019-06-29 20:46:20",254
"2019-06-29 21:46:25",254
"2019-06-29 22:46:18",254
"2019-06-29 23:46:24",254
"2019-06-30 00:46:21",254
"2019-06-30 01:46:27",254
"2019-06-30 02:46:23",254
"2019-06-30 03:46:21",254
"2019-06-30 04:46:24",254
"2019-06-30 05:46:21",254
"2019-06-30 06:46:22",254
"2019-06-30 07:46:23",254
"2019-06-30 08:46:22",254
"2019-06-30 09:46:21",254
"2019-06-30 10:46:21",254
"2019-06-30 11:46:22",254
"2019-06-30 12:46:19",254
"2019-06-30 13:46:23",254
"2019-06-30 14:46:20",254
"2019-06-30 15:46:20",254
"2019-06-30 16:46:22",254
"2019-06-30 17:46:20",254
"2019-06-30 18:46:21",254
"2019-06-30 19:46:21",254
"2019-06-30 20:46:23",254
"2019-06-30 21:46:21",254
"2019-06-30 22:46:20",254
"2019-06-30 23:46:21",254
"2019-07-01 00:46:24",254
"2019-07-01 01:46:21",254
"2019-07-01 02:46:23",254
"2019-07-01 03:46:23",254
"2019-07-01 04:46:21",254
"2019-07-01 05:46:27",254
"2019-07-01 06:46:21",254
"2019-07-01 07:46:30",254
"2019-07-01 08:46:36",254
"2019-07-01 09:46:22",254
"2019-07-01 10:46:19",254
"2019-07-01 11:46:25",254
"2019-07-01 13:09:55",254
"2019-07-01 13:46:26",254
"2019-07-01 14:46:45",255
"2019-07-01 15:46:25",255
"2019-07-01 16:46:24",255
"2019-07-01 17:46:22",255
"2019-07-01 18:46:23",254
"2019-07-01 19:46:25",255
"2019-07-01 20:46:24",255
"2019-07-01 21:46:22",255
"2019-07-01 22:46:23",255
"2019-07-01 23:46:23",255
"2019-07-02 00:46:25",255
"2019-07-02 01:46:23",255
"2019-07-02 03:46:41",255
"2019-07-02 04:46:23",255
"2019-07-02 05:46:39",255
"2019-07-02 06:46:24",255
"2019-07-02 07:46:25",255
"2019-07-02 08:46:23",255
"2019-07-02 09:46:20",255
"2019-07-02 10:46:21",255
"2019-07-02 11:46:22",255
"2019-07-02 12:46:25",255
"2019-07-02 13:46:22",255
"2019-07-02 14:46:23",255
"2019-07-02 15:46:21",254
"2019-07-02 16:46:22",254
"2019-07-02 17:46:21",254
"2019-07-02 18:46:22",254
"2019-07-02 19:46:24",254
"2019-07-02 20:46:21",254
"2019-07-02 21:46:23",254
"2019-07-02 22:46:32",254
"2019-07-03 00:46:23",254
"2019-07-03 01:46:21",254
"2019-07-03 02:46:26",254
"2019-07-03 03:46:26",254
"2019-07-03 04:46:26",254
"2019-07-03 05:46:24",254
"2019-07-03 06:46:24",254
"2019-07-03 07:46:23",254
"2019-07-03 08:46:39",254
"2019-07-03 09:46:23",254
"2019-07-03 10:46:28",254
"2019-07-03 11:46:21",254
"2019-07-03 13:10:58",254
"2019-07-03 13:46:23",254
"2019-07-03 14:46:33",254
"2019-07-03 15:46:23",254
"2019-07-03 16:46:42",253
"2019-07-03 17:46:23",253
"2019-07-03 18:46:26",253
"2019-07-03 19:46:22",253
"2019-07-03 20:46:19",253
"2019-07-03 21:46:24",253
"2019-07-03 22:46:22",253
"2019-07-03 23:46:25",253
"2019-07-04 00:46:26",253
"2019-07-04 01:46:21",253
"2019-07-04 02:46:27",253
"2019-07-04 03:46:22",253
"2019-07-04 04:46:21",253
"2019-07-04 05:46:26",253
"2019-07-04 06:46:24",253
"2019-07-04 07:46:20",253
"2019-07-04 08:46:22",253
"2019-07-04 09:46:19",253
"2019-07-04 10:46:24",253
"2019-07-04 11:46:22",253
"2019-07-04 12:46:27",253
"2019-07-04 13:46:28",253
"2019-07-04 14:46:23",253
"2019-07-04 15:46:22",253
"2019-07-04 16:46:22",253
"2019-07-04 17:46:21",253
"2019-07-04 18:46:22",253
"2019-07-04 19:46:21",253
"2019-07-04 20:46:24",253
"2019-07-04 21:46:24",253
"2019-07-04 22:46:28",253
"2019-07-04 23:46:21",253
"2019-07-05 00:46:24",253
"2019-07-05 01:46:21",253
"2019-07-05 03:46:21",253
"2019-07-05 04:46:19",253
"2019-07-05 05:46:27",253
"2019-07-05 06:46:25",253
"2019-07-05 07:46:20",253
"2019-07-05 08:46:19",253
"2019-07-05 09:46:20",253
"2019-07-05 10:46:36",253
"2019-07-05 11:46:33",253
"2019-07-05 12:46:21",253
"2019-07-05 13:46:31",253
"2019-07-05 14:46:24",254
"2019-07-05 15:46:20",254
"2019-07-05 16:46:34",255
"2019-07-05 17:46:23",254
"2019-07-05 18:46:22",254
"2019-07-05 19:46:21",254
"2019-07-05 20:46:22",254
"2019-07-05 21:46:24",254
"2019-07-05 22:46:25",254
"2019-07-05 23:46:22",254
"2019-07-06 00:46:27",254
"2019-07-06 01:46:27",254
"2019-07-06 02:46:32",254
"2019-07-06 03:46:22",254
"2019-07-06 04:46:20",254
"2019-07-06 05:46:22",254
"2019-07-06 06:46:24",254
"2019-07-06 07:46:17",254
"2019-07-06 08:46:20",254
"2019-07-06 09:46:21",254
"2019-07-06 10:46:21",254
"2019-07-06 11:46:41",254
"2019-07-06 12:46:27",254
"2019-07-06 13:46:23",254
"2019-07-06 14:46:20",254
"2019-07-06 15:46:20",254
"2019-07-06 16:46:24",254
"2019-07-06 17:46:22",254
"2019-07-06 18:46:22",254
"2019-07-06 19:46:26",254
"2019-07-06 20:46:18",254
"2019-07-06 21:46:21",254
"2019-07-06 22:46:20",254
"2019-07-06 23:46:21",254
"2019-07-07 00:46:19",254
"2019-07-07 01:46:21",254
"2019-07-07 02:46:23",254
"2019-07-07 03:46:19",254
"2019-07-07 04:46:19",254
"2019-07-07 05:46:25",254
"2019-07-07 06:46:20",254
"2019-07-07 07:46:21",254
"2019-07-07 08:46:21",254
"2019-07-07 09:46:20",254
"2019-07-07 10:46:21",254
"2019-07-07 11:46:16",254
"2019-07-07 12:46:16",254
"2019-07-07 13:46:17",254
"2019-07-07 14:46:19",254
"2019-07-07 15:46:22",254
"2019-07-07 16:46:23",254
"2019-07-07 17:46:20",254
"2019-07-07 18:46:21",254
"2019-07-07 19:46:18",254
"2019-07-07 20:46:19",254
"2019-07-07 21:46:21",254
"2019-07-07 22:46:21",254
"2019-07-07 23:46:19",254
"2019-07-08 00:46:20",254
"2019-07-08 01:46:22",254
"2019-07-08 02:46:19",254
"2019-07-08 03:46:27",254
"2019-07-08 04:46:20",254
"2019-07-08 05:46:16",254
"2019-07-08 06:46:26",254
"2019-07-08 07:46:30",254
"2019-07-08 08:46:26",254
"2019-07-08 09:46:30",254
"2019-07-08 10:46:30",254
"2019-07-08 11:46:39",254
"2019-07-08 12:46:22",254
"2019-07-08 13:46:20",254
"2019-07-08 14:46:21",254
"2019-07-08 15:46:20",254
"2019-07-08 16:46:22",254
"2019-07-08 17:46:19",255
"2019-07-08 18:46:24",256
"2019-07-08 19:46:19",256
"2019-07-08 20:46:19",256
"2019-07-08 21:46:21",256
"2019-07-08 22:46:22",256
"2019-07-08 23:46:18",256
"2019-07-09 00:46:20",256
"2019-07-09 01:46:18",256
"2019-07-09 02:46:29",256
"2019-07-09 03:46:24",256
"2019-07-09 04:46:23",256
"2019-07-09 05:46:31",256
"2019-07-09 06:46:26",256
"2019-07-09 07:46:27",256
"2019-07-09 08:46:21",256
"2019-07-09 09:46:20",256
"2019-07-09 10:46:17",256
"2019-07-09 11:46:22",256
"2019-07-09 13:09:24",256
"2019-07-09 13:46:18",256
"2019-07-09 14:46:21",256
"2019-07-09 15:46:21",256
"2019-07-09 16:46:18",256
"2019-07-09 17:46:22",256
"2019-07-09 18:46:19",255
"2019-07-09 19:46:20",254
"2019-07-09 20:46:20",254
"2019-07-09 21:46:19",254
"2019-07-09 22:46:19",254
"2019-07-09 23:46:20",254
"2019-07-10 00:46:19",254
"2019-07-10 01:46:20",254
"2019-07-10 02:46:19",254
"2019-07-10 03:46:18",254
"2019-07-10 04:46:18",254
"2019-07-10 05:46:24",254
"2019-07-10 06:46:22",254
"2019-07-10 07:46:16",254
"2019-07-10 08:46:18",254
"2019-07-10 09:46:16",254
"2019-07-10 10:46:17",254
"2019-07-10 11:46:20",254
"2019-07-10 12:46:23",254
"2019-07-10 13:46:21",254
"2019-07-10 14:46:19",252
"2019-07-10 15:46:22",252
"2019-07-10 16:46:36",252
"2019-07-10 17:46:19",251
"2019-07-10 18:46:18",251
"2019-07-10 19:46:19",251
"2019-07-10 20:46:20",251
"2019-07-10 21:46:18",251
"2019-07-10 22:46:26",251
"2019-07-10 23:46:20",251
"2019-07-11 00:46:18",251
"2019-07-11 01:46:21",251
"2019-07-11 02:46:27",251
"2019-07-11 03:46:23",251
"2019-07-11 04:46:27",251
"2019-07-11 05:46:23",251
"2019-07-11 06:46:22",251
"2019-07-11 07:46:21",251
"2019-07-11 08:46:28",251
"2019-07-11 09:46:20",251
"2019-07-11 10:46:23",251
"2019-07-11 11:46:18",251
"2019-07-11 12:46:18",251
"2019-07-11 13:46:20",251
"2019-07-11 14:46:19",251
"2019-07-11 15:46:19",252
"2019-07-11 16:46:20",252
"2019-07-11 17:46:20",251
"2019-07-11 18:46:20",251
"2019-07-11 19:46:20",251
"2019-07-11 20:46:18",251
"2019-07-11 21:46:24",251
"2019-07-11 22:46:26",251
"2019-07-11 23:46:20",251
"2019-07-12 00:46:19",251
"2019-07-12 01:46:20",251
"2019-07-12 02:46:18",251
"2019-07-12 03:46:18",251
"2019-07-12 04:46:17",251
"2019-07-12 05:46:25",251
"2019-07-12 06:46:28",251
"2019-07-12 07:46:20",251
"2019-07-12 08:46:20",251
"2019-07-12 09:46:31",251
"2019-07-12 10:46:22",251
"2019-07-12 11:46:21",251
"2019-07-12 13:09:54",251
"2019-07-12 13:46:21",251
"2019-07-12 14:46:21",252
"2019-07-12 15:46:43",253
"2019-07-12 16:46:25",253
"2019-07-12 17:46:26",253
"2019-07-12 18:46:20",253
"2019-07-12 19:46:17",253
"2019-07-12 20:46:17",253
"2019-07-12 21:46:20",253
"2019-07-12 22:46:26",253
"2019-07-12 23:46:19",253
"2019-07-13 00:46:19",253
"2019-07-13 01:46:21",253
"2019-07-13 02:46:25",253
"2019-07-13 03:46:17",253
"2019-07-13 04:46:20",253
"2019-07-13 05:46:19",253
"2019-07-13 06:46:19",253
"2019-07-13 07:46:21",253
"2019-07-13 08:46:18",253
"2019-07-13 09:46:19",253
"2019-07-13 10:46:19",253
"2019-07-13 11:46:23",253
"2019-07-13 12:46:24",253
"2019-07-13 13:46:20",253
"2019-07-13 14:46:18",253
"2019-07-13 15:46:21",253
"2019-07-13 16:46:52",253
"2019-07-13 17:46:23",253
"2019-07-13 18:46:26",253
"2019-07-13 19:46:25",253
"2019-07-13 20:46:24",253
"2019-07-13 21:46:24",253
"2019-07-13 22:46:19",253
"2019-07-13 23:46:19",253
"2019-07-14 00:46:19",253
"2019-07-14 01:46:29",253
"2019-07-14 02:46:21",253
"2019-07-14 03:46:22",253
"2019-07-14 04:46:20",253
"2019-07-14 05:46:24",253
"2019-07-14 06:46:23",253
"2019-07-14 07:46:19",253
"2019-07-14 08:46:19",253
"2019-07-14 09:46:15",253
"2019-07-14 10:46:19",253
"2019-07-14 11:46:23",253
"2019-07-14 12:46:19",253
"2019-07-14 13:46:22",253
"2019-07-14 14:46:19",253
"2019-07-14 15:46:21",253
"2019-07-14 16:46:24",253
"2019-07-14 17:46:21",253
"2019-07-14 18:46:19",253
"2019-07-14 19:46:18",253
"2019-07-14 20:46:27",253
"2019-07-14 21:46:18",253
"2019-07-14 22:46:18",253
"2019-07-14 23:46:18",253
"2019-07-15 00:46:20",253
"2019-07-15 01:46:18",253
"2019-07-15 02:46:19",253
"2019-07-15 03:46:17",253
"2019-07-15 04:46:17",253
"2019-07-15 05:46:28",253
"2019-07-15 06:46:32",253
"2019-07-15 07:46:20",253
"2019-07-15 08:46:17",253
"2019-07-15 09:46:18",253
"2019-07-15 10:46:20",253
"2019-07-15 11:46:16",253
"2019-07-15 13:10:27",253
"2019-07-15 13:46:22",253
"2019-07-15 14:46:20",253
"2019-07-15 15:46:18",253
"2019-07-15 16:46:35",253
"2019-07-15 17:46:20",253
"2019-07-15 18:46:18",253
"2019-07-15 19:46:20",253
"2019-07-15 20:46:22",253
"2019-07-15 21:46:18",253
"2019-07-15 22:46:25",253
"2019-07-15 23:46:19",253
"2019-07-16 00:46:18",253
"2019-07-16 01:46:20",253
"2019-07-16 02:46:26",253
"2019-07-16 03:46:19",253
"2019-07-16 04:46:18",253
"2019-07-16 05:46:29",253
"2019-07-16 06:46:34",253
"2019-07-16 07:46:18",253
"2019-07-16 08:46:19",253
"2019-07-16 09:46:19",253
"2019-07-16 10:46:21",253
"2019-07-16 11:46:18",253
"2019-07-16 13:10:23",253
"2019-07-16 13:46:22",253
"2019-07-16 14:46:19",253
"2019-07-16 15:46:30",252
"2019-07-16 16:46:22",253
"2019-07-16 17:46:23",255
"2019-07-16 18:46:22",256
"2019-07-16 19:46:19",256
"2019-07-16 20:46:56",258
"2019-07-16 21:46:21",258
"2019-07-16 22:46:22",258
"2019-07-16 23:46:22",258
"2019-07-17 00:46:20",258
"2019-07-17 01:46:21",258
"2019-07-17 02:46:22",258
"2019-07-17 03:46:23",258
"2019-07-17 04:46:23",258
"2019-07-17 05:46:35",258
"2019-07-17 06:46:25",258
"2019-07-17 07:46:25",258
"2019-07-17 08:46:22",258
"2019-07-17 09:46:23",258
"2019-07-17 10:46:22",258
"2019-07-17 11:46:19",258
"2019-07-17 13:09:55",258
"2019-07-17 13:46:21",258
"2019-07-17 14:46:25",263
"2019-07-17 15:46:32",266
"2019-07-17 16:46:30",269
"2019-07-17 17:46:19",269
"2019-07-17 18:46:22",273
"2019-07-17 19:46:19",273
"2019-07-17 20:46:20",274
"2019-07-17 21:46:20",274
"2019-07-17 22:46:23",274
"2019-07-17 23:46:20",274
"2019-07-18 00:46:19",274
"2019-07-18 01:46:32",274
"2019-07-18 02:46:23",274
"2019-07-18 03:46:22",274
"2019-07-18 04:46:19",274
"2019-07-18 05:46:24",274
"2019-07-18 06:46:23",274
"2019-07-18 07:46:17",274
"2019-07-18 08:46:24",274
"2019-07-18 09:46:18",274
"2019-07-18 10:46:21",274
"2019-07-18 11:46:17",274
"2019-07-18 13:10:30",276
"2019-07-18 13:46:20",276
"2019-07-18 14:46:20",277
"2019-07-18 15:46:20",278
"2019-07-18 16:46:31",278
"2019-07-18 17:46:22",278
"2019-07-18 18:46:22",278
"2019-07-18 19:46:23",278
"2019-07-18 20:46:22",278
"2019-07-18 21:46:21",278
"2019-07-18 22:46:22",279
"2019-07-18 23:46:27",279
"2019-07-19 00:46:22",279
"2019-07-19 01:46:23",279
"2019-07-19 02:46:25",279
"2019-07-19 03:46:21",279
"2019-07-19 04:46:25",279
"2019-07-19 05:46:40",279
"2019-07-19 06:46:23",279
"2019-07-19 07:46:28",279
"2019-07-19 08:46:20",279
"2019-07-19 09:46:21",279
"2019-07-19 10:46:20",279
"2019-07-19 11:46:20",279
"2019-07-19 13:09:53",279
"2019-07-19 13:46:20",279
"2019-07-19 14:46:20",279
"2019-07-19 15:46:21",279
"2019-07-19 16:46:21",279
"2019-07-19 17:46:24",279
"2019-07-19 18:46:21",279
"2019-07-19 19:46:20",279
"2019-07-19 20:46:20",278
"2019-07-19 21:46:18",278
"2019-07-19 22:46:21",278
"2019-07-19 23:46:19",278
"2019-07-20 00:46:20",278
"2019-07-20 01:46:30",278
"2019-07-20 02:46:30",278
"2019-07-20 03:46:22",278
"2019-07-20 04:46:28",278
"2019-07-20 05:46:26",278
"2019-07-20 06:46:19",278
"2019-07-20 07:46:18",278
"2019-07-20 08:46:20",278
"2019-07-20 09:46:17",278
"2019-07-20 10:46:17",278
"2019-07-20 11:46:19",278
"2019-07-20 12:46:20",278
"2019-07-20 13:46:19",278
"2019-07-20 14:46:19",278
"2019-07-20 15:46:19",278
"2019-07-20 16:46:22",278
"2019-07-20 17:46:19",278
"2019-07-20 18:46:20",278
"2019-07-20 19:46:20",278
"2019-07-20 20:46:18",278
"2019-07-20 21:46:22",278
"2019-07-20 22:46:17",278
"2019-07-20 23:46:18",278
"2019-07-21 00:46:21",278
"2019-07-21 01:46:19",278
"2019-07-21 02:46:22",278
"2019-07-21 03:46:18",278
"2019-07-21 04:46:19",278
"2019-07-21 05:46:28",278
"2019-07-21 06:46:31",278
"2019-07-21 07:46:18",278
"2019-07-21 08:46:19",278
"2019-07-21 09:46:21",278
"2019-07-21 10:46:29",278
"2019-07-21 11:46:19",278
"2019-07-21 12:46:17",278
"2019-07-21 13:46:20",278
"2019-07-21 14:46:19",278
"2019-07-21 15:46:19",278
"2019-07-21 16:46:19",278
"2019-07-21 17:46:20",278
"2019-07-21 18:46:20",278
"2019-07-21 19:46:20",278
"2019-07-21 20:46:20",278
"2019-07-21 21:46:21",278
"2019-07-21 22:46:18",278
"2019-07-21 23:46:20",278
"2019-07-22 00:46:18",278
"2019-07-22 01:46:20",278
"2019-07-22 02:46:19",278
"2019-07-22 03:46:19",278
"2019-07-22 04:46:20",278
"2019-07-22 05:46:23",278
"2019-07-22 06:46:30",278
"2019-07-22 07:46:19",278
"2019-07-22 08:46:21",278
"2019-07-22 09:46:19",278
"2019-07-22 10:46:19",278
"2019-07-22 11:46:37",278
"2019-07-22 12:46:26",277
"2019-07-22 13:46:19",277
"2019-07-22 14:46:22",278
"2019-07-22 15:46:19",280
"2019-07-22 16:46:23",280
"2019-07-22 17:46:21",280
"2019-07-22 18:46:30",280
"2019-07-22 19:46:28",280
"2019-07-22 20:46:25",279
"2019-07-22 21:46:26",279
"2019-07-22 22:46:19",279
"2019-07-22 23:46:19",279
"2019-07-23 00:46:19",279
"2019-07-23 01:46:18",279
"2019-07-23 02:46:25",279
"2019-07-23 03:46:22",279
"2019-07-23 04:46:22",279
"2019-07-23 05:46:24",279
"2019-07-23 06:46:28",279
"2019-07-23 07:46:28",279
"2019-07-23 08:46:19",279
"2019-07-23 09:46:23",279
"2019-07-23 10:46:21",279
"2019-07-23 11:46:19",279
"2019-07-23 13:09:28",279
"2019-07-23 13:46:20",279
"2019-07-23 14:46:23",279
"2019-07-23 15:46:27",279
"2019-07-23 16:46:23",279
"2019-07-23 17:46:18",278
"2019-07-23 18:46:21",278
"2019-07-23 19:46:22",278
"2019-07-23 20:46:21",279
"2019-07-23 21:46:21",279
"2019-07-23 22:46:26",279
"2019-07-23 23:46:23",279
"2019-07-24 00:46:21",279
"2019-07-24 01:46:21",279
"2019-07-24 02:46:28",279
"2019-07-24 03:46:21",279
"2019-07-24 04:46:20",279
"2019-07-24 05:46:22",279
"2019-07-24 06:46:18",279
"2019-07-24 07:46:18",279
"2019-07-24 08:46:24",279
"2019-07-24 09:46:22",279
"2019-07-24 10:46:22",279
"2019-07-24 11:46:17",279
"2019-07-24 13:08:54",279
"2019-07-24 13:46:22",279
"2019-07-24 14:46:19",279
"2019-07-24 15:46:22",278
"2019-07-24 16:46:21",278
"2019-07-24 17:46:19",279
"2019-07-24 18:46:24",280
"2019-07-24 19:46:20",281
"2019-07-24 20:46:22",281
"2019-07-24 21:46:20",281
"2019-07-24 22:46:21",281
"2019-07-24 23:46:22",281
"2019-07-25 00:46:20",281
"2019-07-25 01:46:27",281
"2019-07-25 02:46:38",281
"2019-07-25 03:46:20",281
"2019-07-25 04:46:21",281
"2019-07-25 05:46:28",281
"2019-07-25 06:46:27",281
"2019-07-25 07:46:21",281
"2019-07-25 08:46:25",281
"2019-07-25 09:46:20",281
"2019-07-25 10:46:32",281
"2019-07-25 11:46:20",281
"2019-07-25 13:09:26",281
"2019-07-25 13:46:26",281
"2019-07-25 14:46:25",281
"2019-07-25 15:46:22",280
"2019-07-25 16:46:25",280
"2019-07-25 17:46:27",280
"2019-07-25 18:46:30",280
"2019-07-25 19:46:58",281
"2019-07-25 20:46:28",281
"2019-07-25 21:46:29",281
"2019-07-25 22:46:29",281
"2019-07-25 23:46:24",281
"2019-07-26 00:46:39",281
"2019-07-26 01:46:25",281
"2019-07-26 02:46:26",281
"2019-07-26 03:46:26",281
"2019-07-26 04:46:28",281
"2019-07-26 05:46:33",281
"2019-07-26 06:46:46",281
"2019-07-26 07:46:34",281
"2019-07-26 08:46:19",281
"2019-07-26 09:46:23",281
"2019-07-26 10:46:25",281
"2019-07-26 11:46:27",281
"2019-07-26 13:11:27",281
"2019-07-26 13:46:24",281
"2019-07-26 14:46:23",282
"2019-07-26 15:46:22",282
"2019-07-26 16:46:26",283
"2019-07-26 17:46:26",282
"2019-07-26 18:46:25",282
"2019-07-26 19:46:22",282
"2019-07-26 20:46:22",282
"2019-07-26 22:46:21",282
"2019-07-26 23:46:20",282
"2019-07-27 00:46:20",282
"2019-07-27 01:46:21",282
"2019-07-27 02:46:24",282
"2019-07-27 03:46:20",282
"2019-07-27 04:46:22",282
"2019-07-27 05:46:21",282
"2019-07-27 06:46:21",282
"2019-07-27 07:46:20",282
"2019-07-27 08:46:21",282
"2019-07-27 09:46:18",282
"2019-07-27 10:46:21",282
"2019-07-27 11:46:18",282
"2019-07-27 12:46:21",282
"2019-07-27 13:46:19",282
"2019-07-27 14:46:20",282
"2019-07-27 15:46:25",282
"2019-07-27 16:46:31",282
"2019-07-27 17:46:28",282
"2019-07-27 18:46:24",282
"2019-07-27 19:46:23",282
"2019-07-27 20:46:26",282
"2019-07-27 21:46:21",282
"2019-07-27 22:46:22",282
"2019-07-27 23:46:21",282
"2019-07-28 00:46:20",282
"2019-07-28 01:46:20",282
"2019-07-28 02:46:20",282
"2019-07-28 03:46:18",282
"2019-07-28 04:46:20",282
"2019-07-28 05:46:18",282
"2019-07-28 06:46:19",282
"2019-07-28 07:46:21",282
"2019-07-28 08:46:19",282
"2019-07-28 09:46:17",282
"2019-07-28 10:46:16",282
"2019-07-28 11:46:17",282
"2019-07-28 12:46:19",282
"2019-07-28 13:46:18",282
"2019-07-28 14:46:20",282
"2019-07-28 15:46:19",282
"2019-07-28 16:46:21",282
"2019-07-28 17:46:21",282
"2019-07-28 18:46:20",282
"2019-07-28 19:46:20",282
"2019-07-28 20:46:19",282
"2019-07-28 21:46:19",282
"2019-07-28 22:46:22",282
"2019-07-28 23:46:22",282
"2019-07-29 00:46:20",282
"2019-07-29 01:46:20",282
"2019-07-29 02:46:20",282
"2019-07-29 03:46:22",282
"2019-07-29 04:46:22",282
"2019-07-29 05:46:27",282
"2019-07-29 06:46:33",282
"2019-07-29 07:46:21",282
"2019-07-29 08:46:20",282
"2019-07-29 09:46:20",282
"2019-07-29 10:46:21",282
"2019-07-29 11:46:22",282
"2019-07-29 13:10:25",282
"2019-07-29 13:46:25",282
"2019-07-29 14:46:21",283
"2019-07-29 15:46:21",284
"2019-07-29 16:46:21",284
"2019-07-29 17:46:21",284
"2019-07-29 18:46:21",286
"2019-07-29 19:46:20",286
"2019-07-29 20:46:20",286
"2019-07-29 21:46:19",286
"2019-07-29 22:46:21",286
"2019-07-29 23:46:20",286
"2019-07-30 00:46:20",286
"2019-07-30 01:46:22",286
"2019-07-30 02:46:23",286
"2019-07-30 03:46:20",286
"2019-07-30 04:46:19",286
"2019-07-30 05:46:21",286
"2019-07-30 06:46:21",286
"2019-07-30 07:46:29",286
"2019-07-30 08:46:22",286
"2019-07-30 09:46:20",286
"2019-07-30 10:46:18",286
"2019-07-30 11:46:23",286
"2019-07-30 12:46:21",286
"2019-07-30 13:46:22",286
"2019-07-30 14:46:23",287
"2019-07-30 15:46:23",287
"2019-07-30 16:46:23",286
"2019-07-30 17:46:29",287
"2019-07-30 18:46:25",288
"2019-07-30 19:46:28",288
"2019-07-30 20:46:24",288
"2019-07-30 21:46:23",288
"2019-07-30 22:46:24",288
"2019-07-30 23:46:22",288
"2019-07-31 00:46:55",288
"2019-07-31 01:46:22",288
"2019-07-31 02:46:22",288
"2019-07-31 03:46:25",288
"2019-07-31 04:46:23",288
"2019-07-31 05:46:36",288
"2019-07-31 06:46:23",288
"2019-07-31 07:46:23",288
"2019-07-31 08:46:23",288
"2019-07-31 09:46:24",288
"2019-07-31 10:46:21",288
"2019-07-31 11:46:19",288
"2019-07-31 13:10:29",287
"2019-07-31 13:46:22",287
"2019-07-31 14:46:24",286
"2019-07-31 15:46:25",286
"2019-07-31 16:46:28",286
"2019-07-31 17:46:22",286
"2019-07-31 18:46:21",286
"2019-07-31 19:46:21",286
"2019-07-31 20:46:25",286
"2019-07-31 21:46:24",287
"2019-07-31 22:46:22",287
"2019-07-31 23:46:22",287
"2019-08-01 00:46:24",287
"2019-08-01 01:46:39",287
"2019-08-01 02:46:25",287
"2019-08-01 03:46:23",287
"2019-08-01 04:46:21",287
"2019-08-01 05:46:26",287
"2019-08-01 06:46:22",287
"2019-08-01 07:46:30",287
"2019-08-01 08:46:21",287
"2019-08-01 09:46:24",287
"2019-08-01 10:46:22",287
"2019-08-01 11:46:20",287
"2019-08-01 13:08:55",286
"2019-08-01 13:46:24",286
"2019-08-01 14:46:23",287
"2019-08-01 15:46:30",286
"2019-08-01 16:46:26",286
"2019-08-01 17:46:25",284
"2019-08-01 18:46:21",283
"2019-08-01 19:46:22",282
"2019-08-01 20:46:21",282
"2019-08-01 21:46:22",282
"2019-08-01 22:46:22",282
"2019-08-01 23:46:23",282
"2019-08-02 00:46:21",282
"2019-08-02 01:46:22",282
"2019-08-02 02:46:21",282
"2019-08-02 03:46:22",282
"2019-08-02 04:46:21",282
"2019-08-02 05:46:25",282
"2019-08-02 06:46:22",282
"2019-08-02 07:46:19",282
"2019-08-02 08:46:23",282
"2019-08-02 09:46:24",282
"2019-08-02 10:46:34",282
"2019-08-02 11:46:21",282
"2019-08-02 13:10:29",282
"2019-08-02 13:46:24",282
"2019-08-02 14:46:23",280
"2019-08-02 15:46:24",280
"2019-08-02 16:46:25",280
"2019-08-02 17:46:21",279
"2019-08-02 18:46:24",279
"2019-08-02 19:46:23",280
"2019-08-02 20:46:23",281
"2019-08-02 21:46:23",281
"2019-08-02 22:46:21",281
"2019-08-02 23:46:23",281
"2019-08-03 00:46:21",281
"2019-08-03 01:46:20",281
"2019-08-03 02:46:36",281
"2019-08-03 03:46:21",281
"2019-08-03 04:46:20",281
"2019-08-03 05:46:29",281
"2019-08-03 06:46:22",281
"2019-08-03 07:46:18",281
"2019-08-03 08:46:23",281
"2019-08-03 09:46:21",281
"2019-08-03 10:46:21",281
"2019-08-03 11:46:20",281
"2019-08-03 12:46:22",281
"2019-08-03 13:46:22",281
"2019-08-03 14:46:22",281
"2019-08-03 15:46:20",281
"2019-08-03 16:46:22",281
"2019-08-03 17:46:23",281
"2019-08-03 18:46:22",281
"2019-08-03 19:46:20",281
"2019-08-03 20:46:19",281
"2019-08-03 21:46:19",281
"2019-08-03 22:46:20",281
"2019-08-03 23:46:20",281
"2019-08-04 00:46:21",281
"2019-08-04 01:46:20",281
"2019-08-04 02:46:27",281
"2019-08-04 03:46:23",281
"2019-08-04 04:46:20",281
"2019-08-04 05:46:27",281
"2019-08-04 06:46:20",281
"2019-08-04 07:46:21",281
"2019-08-04 08:46:23",281
"2019-08-04 09:46:19",281
"2019-08-04 10:46:19",281
"2019-08-04 11:46:17",281
"2019-08-04 12:46:20",281
"2019-08-04 13:46:20",281
"2019-08-04 14:46:19",281
"2019-08-04 15:46:20",281
"2019-08-04 16:46:22",281
"2019-08-04 17:46:21",281
"2019-08-04 18:46:21",281
"2019-08-04 19:46:19",281
"2019-08-04 20:46:21",281
"2019-08-04 21:46:21",281
"2019-08-04 22:46:21",281
"2019-08-04 23:46:21",281
"2019-08-05 00:46:20",281
"2019-08-05 01:46:22",281
"2019-08-05 02:46:23",281
"2019-08-05 03:46:21",281
"2019-08-05 04:46:21",281
"2019-08-05 05:46:24",281
"2019-08-05 06:46:20",281
"2019-08-05 07:46:26",281
"2019-08-05 08:46:23",281
"2019-08-05 09:46:23",281
"2019-08-05 10:46:22",281
"2019-08-05 11:46:20",281
"2019-08-05 13:10:58",281
"2019-08-05 13:46:27",281
"2019-08-05 14:46:26",281
"2019-08-05 15:46:21",281
"2019-08-05 16:46:23",281
"2019-08-05 17:46:24",280
"2019-08-05 18:46:26",280
"2019-08-05 19:46:23",280
"2019-08-05 20:46:21",280
"2019-08-05 21:46:23",280
"2019-08-05 22:46:24",280
"2019-08-05 23:46:26",280
"2019-08-06 00:46:36",280
"2019-08-06 01:46:29",280
"2019-08-06 02:46:22",280
"2019-08-06 03:46:22",280
"2019-08-06 04:46:23",280
"2019-08-06 05:46:25",280
"2019-08-06 06:46:21",280
"2019-08-06 07:46:22",280
"2019-08-06 08:46:20",280
"2019-08-06 09:46:28",280
"2019-08-06 10:46:20",280
"2019-08-06 11:46:22",280
"2019-08-06 12:46:21",280
"2019-08-06 13:46:24",280
"2019-08-06 14:46:20",281
"2019-08-06 15:46:23",281
"2019-08-06 16:46:24",281
"2019-08-06 17:46:22",280
"2019-08-06 18:46:21",280
"2019-08-06 19:46:22",279
"2019-08-06 20:46:24",279
"2019-08-06 21:46:21",279
"2019-08-06 23:46:21",279
"2019-08-07 00:46:23",279
"2019-08-07 01:46:23",279
"2019-08-07 02:46:25",279
"2019-08-07 03:46:22",279
"2019-08-07 04:46:21",279
"2019-08-07 05:46:26",279
"2019-08-07 06:46:29",279
"2019-08-07 07:46:19",279
"2019-08-07 08:46:22",279
"2019-08-07 09:46:20",279
"2019-08-07 10:46:29",279
"2019-08-07 11:46:20",279
"2019-08-07 12:46:25",279
"2019-08-07 13:46:25",279
"2019-08-07 14:46:23",279
"2019-08-07 15:46:22",279
"2019-08-07 16:46:23",277
"2019-08-07 17:46:22",277
"2019-08-07 18:46:22",277
"2019-08-07 19:46:21",277
"2019-08-07 20:46:21",277
"2019-08-07 21:46:22",277
"2019-08-07 22:46:20",277
"2019-08-07 23:46:22",277
"2019-08-08 00:46:26",277
"2019-08-08 01:46:21",277
"2019-08-08 02:46:29",277
"2019-08-08 03:46:20",277
"2019-08-08 04:46:20",277
"2019-08-08 05:46:22",277
"2019-08-08 06:46:25",277
"2019-08-08 07:46:21",277
"2019-08-08 08:46:20",277
"2019-08-08 09:46:20",277
"2019-08-08 10:46:27",277
"2019-08-08 11:46:20",277
"2019-08-08 12:46:23",277
"2019-08-08 13:46:23",277
"2019-08-08 14:46:21",277
"2019-08-08 15:46:24",277
"2019-08-08 16:46:25",277
"2019-08-08 17:46:23",278
"2019-08-08 18:46:25",278
"2019-08-08 19:46:22",278
"2019-08-08 20:46:26",277
"2019-08-08 21:46:27",277
"2019-08-08 22:46:25",277
"2019-08-08 23:46:26",277
"2019-08-09 00:46:28",277
"2019-08-09 01:46:29",277
"2019-08-09 02:46:31",277
"2019-08-09 03:46:28",277
"2019-08-09 04:46:28",277
"2019-08-09 05:46:34",277
"2019-08-09 06:46:28",277
"2019-08-09 07:46:46",277
"2019-08-09 08:46:27",277
"2019-08-09 09:46:34",277
"2019-08-09 10:46:28",277
"2019-08-09 11:46:28",277
"2019-08-09 13:10:33",277
"2019-08-09 13:46:27",277
"2019-08-09 14:46:39",277
"2019-08-09 15:46:28",277
"2019-08-09 16:46:36",278
"2019-08-09 17:46:27",278
"2019-08-09 18:46:27",277
"2019-08-09 19:46:28",277
"2019-08-09 20:46:26",277
"2019-08-09 21:46:29",277
"2019-08-09 22:46:28",277
"2019-08-09 23:46:29",277
"2019-08-10 00:46:29",277
"2019-08-10 01:46:27",277
"2019-08-10 02:46:47",277
"2019-08-10 03:46:26",277
"2019-08-10 04:46:28",277
"2019-08-10 05:46:34",277
"2019-08-10 06:46:27",277
"2019-08-10 07:46:26",277
"2019-08-10 08:46:27",277
"2019-08-10 09:46:29",277
"2019-08-10 10:46:30",277
"2019-08-10 11:46:25",277
"2019-08-10 12:46:30",277
"2019-08-10 13:46:30",277
"2019-08-10 14:46:25",277
"2019-08-10 15:46:25",277
"2019-08-10 16:46:35",277
"2019-08-10 17:46:27",277
"2019-08-10 18:46:27",277
"2019-08-10 19:46:27",277
"2019-08-10 20:46:27",277
"2019-08-10 21:46:24",277
"2019-08-10 22:46:26",277
"2019-08-10 23:46:28",277
"2019-08-11 00:46:24",277
"2019-08-11 01:46:26",277
"2019-08-11 02:46:35",277
"2019-08-11 03:46:30",277
"2019-08-11 04:46:25",277
"2019-08-11 05:46:36",277
"2019-08-11 06:46:26",277
"2019-08-11 07:46:27",277
"2019-08-11 08:46:26",277
"2019-08-11 09:46:24",277
"2019-08-11 10:46:24",277
"2019-08-11 11:46:26",277
"2019-08-11 12:46:27",277
"2019-08-11 13:46:30",277
"2019-08-11 14:46:27",277
"2019-08-11 15:46:27",277
"2019-08-11 16:46:27",277
"2019-08-11 17:46:27",277
"2019-08-11 18:46:26",277
"2019-08-11 19:46:28",277
"2019-08-11 20:46:31",277
"2019-08-11 21:46:30",277
"2019-08-11 22:46:29",277
"2019-08-11 23:46:33",277
"2019-08-12 00:46:30",277
"2019-08-12 01:46:28",277
"2019-08-12 02:46:40",277
"2019-08-12 03:46:30",277
"2019-08-12 04:46:29",277
"2019-08-12 05:46:35",277
"2019-08-12 06:46:36",277
"2019-08-12 07:46:26",277
"2019-08-12 08:46:30",277
"2019-08-12 09:46:28",277
"2019-08-12 10:46:33",277
"2019-08-12 11:46:27",277
"2019-08-12 12:46:33",277
"2019-08-12 13:46:40",277
"2019-08-12 14:46:29",277
"2019-08-12 15:46:29",277
"2019-08-12 16:46:39",277
"2019-08-12 17:46:26",277
"2019-08-12 18:46:25",277
"2019-08-12 19:46:24",278
"2019-08-12 20:46:28",278
"2019-08-12 21:46:24",278
"2019-08-12 22:46:25",278
"2019-08-12 23:46:27",278
"2019-08-13 00:46:25",278
"2019-08-13 01:46:26",278
"2019-08-13 02:46:33",278
"2019-08-13 03:46:27",278
"2019-08-13 04:46:22",278
"2019-08-13 05:46:29",278
"2019-08-13 06:46:29",278
"2019-08-13 07:46:25",278
"2019-08-13 08:46:23",278
"2019-08-13 09:46:27",278
"2019-08-13 10:46:35",278
"2019-08-13 11:46:30",278
"2019-08-13 12:46:29",278
"2019-08-13 13:46:29",278
"2019-08-13 14:46:27",277
"2019-08-13 15:46:31",277
"2019-08-13 16:46:30",276
"2019-08-13 17:46:27",276
"2019-08-13 18:46:27",276
"2019-08-13 19:46:26",276
"2019-08-13 20:46:25",276
"2019-08-13 21:46:31",276
"2019-08-13 22:46:34",276
"2019-08-13 23:46:29",276
"2019-08-14 00:46:29",276
"2019-08-14 01:46:29",276
"2019-08-14 02:46:30",276
"2019-08-14 03:46:27",276
"2019-08-14 04:46:25",276
"2019-08-14 05:46:46",276
"2019-08-14 06:46:27",276
"2019-08-14 07:46:25",276
"2019-08-14 08:46:25",276
"2019-08-14 09:46:30",276
"2019-08-14 10:46:22",276
"2019-08-14 11:46:24",276
"2019-08-14 13:09:34",276
"2019-08-14 13:46:29",276
"2019-08-14 14:46:29",275
"2019-08-14 15:46:30",275
"2019-08-14 16:46:27",275
"2019-08-14 17:46:24",275
"2019-08-14 18:46:31",275
"2019-08-14 19:46:31",275
"2019-08-14 20:46:28",275
"2019-08-14 21:46:44",275
"2019-08-14 22:46:26",275
"2019-08-14 23:46:25",275
"2019-08-15 00:46:56",275
"2019-08-15 01:46:29",275
"2019-08-15 02:46:29",275
"2019-08-15 03:46:27",275
"2019-08-15 04:46:27",275
"2019-08-15 05:46:33",275
"2019-08-15 06:46:25",275
"2019-08-15 07:46:22",275
"2019-08-15 08:46:37",275
"2019-08-15 09:46:25",275
"2019-08-15 10:46:25",275
"2019-08-15 11:46:25",275
"2019-08-15 13:09:31",275
"2019-08-15 13:46:34",275
"2019-08-15 14:46:29",275
"2019-08-15 15:46:23",276
"2019-08-15 16:46:42",275
"2019-08-15 17:46:22",275
"2019-08-15 18:46:26",275
"2019-08-15 19:46:24",275
"2019-08-15 20:46:26",275
"2019-08-15 21:46:22",275
"2019-08-15 22:46:23",275
"2019-08-15 23:46:36",275
"2019-08-16 00:46:40",275
"2019-08-16 01:46:46",275
"2019-08-16 02:46:26",275
"2019-08-16 03:46:27",275
"2019-08-16 04:46:21",275
"2019-08-16 05:46:43",275
"2019-08-16 06:46:22",275
"2019-08-16 07:46:24",275
"2019-08-16 08:46:24",275
"2019-08-16 09:46:27",275
"2019-08-16 10:46:22",275
"2019-08-16 11:46:21",275
"2019-08-16 12:46:24",275
"2019-08-16 13:46:28",275
"2019-08-16 14:46:24",275
"2019-08-16 15:46:26",275
"2019-08-16 16:46:40",274
"2019-08-16 19:46:30",274
"2019-08-16 20:46:36",274
"2019-08-16 21:46:31",274
"2019-08-16 22:46:31",274
"2019-08-16 23:46:33",274
"2019-08-17 00:46:32",274
"2019-08-17 01:46:37",274
"2019-08-17 02:46:47",274
"2019-08-17 03:46:33",274
"2019-08-17 04:46:32",274
"2019-08-17 05:46:35",274
"2019-08-17 06:46:30",274
"2019-08-17 07:46:30",274
"2019-08-17 08:46:33",274
"2019-08-17 09:46:30",274
"2019-08-17 10:46:28",274
"2019-08-17 11:46:30",274
"2019-08-17 12:46:28",274
"2019-08-17 13:46:30",274
"2019-08-17 14:47:15",274
"2019-08-17 15:46:29",274
"2019-08-17 16:46:30",274
"2019-08-17 17:46:27",274
"2019-08-17 18:46:29",274
"2019-08-17 19:46:29",274
"2019-08-17 20:46:30",274
"2019-08-17 21:46:28",274
"2019-08-17 22:46:28",274
"2019-08-17 23:46:27",274
"2019-08-18 00:46:28",274
"2019-08-18 01:46:27",274
"2019-08-18 02:46:31",274
"2019-08-18 03:46:29",274
"2019-08-18 04:46:27",274
"2019-08-18 05:46:56",274
"2019-08-18 06:46:49",274
"2019-08-18 07:46:33",274
"2019-08-18 08:46:33",274
"2019-08-18 09:46:36",274
"2019-08-18 10:46:29",274
"2019-08-18 11:46:30",274
"2019-08-18 12:46:31",274
"2019-08-18 13:46:32",274
"2019-08-18 14:46:33",274
"2019-08-18 15:46:32",274
"2019-08-18 16:46:36",274
"2019-08-18 17:46:29",274
"2019-08-18 18:46:30",274
"2019-08-18 19:46:34",274
"2019-08-18 20:46:32",274
"2019-08-18 21:46:38",274
"2019-08-18 22:46:32",274
"2019-08-18 23:46:32",274
"2019-08-19 00:46:31",274
"2019-08-19 01:46:36",274
"2019-08-19 02:46:34",274
"2019-08-19 03:46:29",274
"2019-08-19 04:46:29",274
"2019-08-19 05:46:38",274
"2019-08-19 06:46:34",274
"2019-08-19 07:46:42",274
"2019-08-19 08:46:30",274
"2019-08-19 09:46:39",274
"2019-08-19 10:46:31",274
"2019-08-19 11:46:30",274
"2019-08-19 12:46:37",274
"2019-08-19 13:46:33",274
"2019-08-19 14:46:24",276
"2019-08-19 15:46:27",276
"2019-08-19 16:46:25",276
"2019-08-19 17:46:24",276
"2019-08-19 18:46:27",276
"2019-08-19 19:46:25",276
"2019-08-19 20:46:25",277
"2019-08-19 21:46:26",277
"2019-08-19 22:46:23",277
"2019-08-19 23:46:25",277
"2019-08-20 00:46:29",277
"2019-08-20 01:46:24",277
"2019-08-20 02:46:29",277
"2019-08-20 03:46:26",277
"2019-08-20 04:46:24",277
"2019-08-20 05:46:43",277
"2019-08-20 06:46:30",277
"2019-08-20 07:46:23",277
"2019-08-20 08:46:25",277
"2019-08-20 09:46:24",277
"2019-08-20 10:46:47",277
"2019-08-20 11:46:23",277
"2019-08-20 13:08:31",277
"2019-08-20 13:46:36",277
"2019-08-20 14:46:27",277
"2019-08-20 15:46:26",277
"2019-08-20 16:46:26",277
"2019-08-20 17:46:26",277
"2019-08-20 18:46:26",277
"2019-08-20 19:46:26",277
"2019-08-20 20:46:28",277
"2019-08-20 21:46:29",277
"2019-08-20 22:46:26",277
"2019-08-20 23:46:25",277
"2019-08-21 00:46:29",277
"2019-08-21 01:46:32",277
"2019-08-21 02:46:34",277
"2019-08-21 03:46:32",277
"2019-08-21 04:46:26",277
"2019-08-21 05:46:32",277
"2019-08-21 06:46:35",277
"2019-08-21 07:46:28",277
"2019-08-21 08:46:30",277
"2019-08-21 09:46:28",277
"2019-08-21 10:46:25",277
"2019-08-21 11:46:25",277
"2019-08-21 12:46:25",277
"2019-08-21 13:46:30",277
"2019-08-21 14:46:28",277
"2019-08-21 15:46:29",277
"2019-08-21 16:46:43",277
"2019-08-21 17:46:26",277
"2019-08-21 18:46:29",277
"2019-08-21 19:46:27",277
"2019-08-21 20:46:28",277
"2019-08-21 21:46:31",277
"2019-08-21 22:46:31",277
"2019-08-21 23:46:28",277
"2019-08-22 00:46:32",277
"2019-08-22 01:46:27",277
"2019-08-22 02:46:35",277
"2019-08-22 03:46:28",277
"2019-08-22 04:46:25",277
"2019-08-22 05:46:31",277
"2019-08-22 06:46:25",277
"2019-08-22 07:46:28",277
"2019-08-22 08:46:26",277
"2019-08-22 09:46:26",277
"2019-08-22 10:46:29",277
"2019-08-22 11:46:29",277
"2019-08-22 12:46:30",277
"2019-08-22 13:46:32",277
"2019-08-22 14:46:32",277
"2019-08-22 15:46:33",276
"2019-08-22 16:46:38",276
"2019-08-22 17:46:32",276
"2019-08-22 18:46:34",276
"2019-08-22 19:46:31",276
"2019-08-22 20:46:32",276
"2019-08-22 21:46:34",276
"2019-08-22 22:46:32",276
"2019-08-22 23:46:32",276
"2019-08-23 00:46:34",276
"2019-08-23 01:46:37",276
"2019-08-23 02:46:39",276
"2019-08-23 03:46:29",276
"2019-08-23 04:46:30",276
"2019-08-23 05:46:31",276
"2019-08-23 06:46:30",276
"2019-08-23 07:46:28",276
"2019-08-23 08:46:29",276
"2019-08-23 09:46:29",276
"2019-08-23 10:46:34",276
"2019-08-23 11:46:27",276
"2019-08-23 12:46:33",276
"2019-08-23 13:46:36",276
"2019-08-23 14:46:31",276
"2019-08-23 15:46:31",276
"2019-08-23 16:46:33",276
"2019-08-23 17:46:28",278
"2019-08-23 18:46:34",278
"2019-08-23 19:46:30",278
"2019-08-23 20:46:26",278
"2019-08-23 21:46:28",278
"2019-08-23 22:47:11",278
"2019-08-23 23:46:27",278
"2019-08-24 00:46:29",278
"2019-08-24 01:46:28",278
"2019-08-24 02:46:51",278
"2019-08-24 03:46:27",278
"2019-08-24 04:46:26",278
"2019-08-24 05:46:32",278
"2019-08-24 06:46:32",278
"2019-08-24 07:46:34",278
"2019-08-24 08:46:31",278
"2019-08-24 09:46:29",278
"2019-08-24 10:46:29",278
"2019-08-24 11:46:27",278
"2019-08-24 12:46:31",278
"2019-08-24 13:46:28",278
"2019-08-24 14:46:29",278
"2019-08-24 15:46:30",278
"2019-08-24 16:46:43",278
"2019-08-24 17:46:30",278
"2019-08-24 18:46:33",278
"2019-08-24 19:46:29",278
"2019-08-24 20:46:29",278
"2019-08-24 21:46:29",278
"2019-08-24 22:46:30",278
"2019-08-24 23:46:27",278
"2019-08-25 00:46:26",278
"2019-08-25 01:46:31",278
"2019-08-25 02:46:42",278
"2019-08-25 03:46:28",278
"2019-08-25 04:46:26",278
"2019-08-25 05:46:27",278
"2019-08-25 06:46:27",278
"2019-08-25 07:46:27",278
"2019-08-25 08:46:30",278
"2019-08-25 09:46:26",278
"2019-08-25 10:46:27",278
"2019-08-25 11:46:33",278
"2019-08-25 12:46:28",278
"2019-08-25 13:46:30",278
"2019-08-25 14:46:27",278
"2019-08-25 15:46:30",278
"2019-08-25 16:46:33",278
"2019-08-25 17:46:28",278
"2019-08-25 18:46:26",278
"2019-08-25 19:46:29",278
"2019-08-25 20:46:29",278
"2019-08-25 21:46:29",278
"2019-08-25 22:46:27",278
"2019-08-25 23:46:29",278
"2019-08-26 00:46:26",278
"2019-08-26 01:46:24",278
"2019-08-26 02:46:32",278
"2019-08-26 03:46:26",278
"2019-08-26 04:46:28",278
"2019-08-26 05:46:32",278
"2019-08-26 06:46:27",278
"2019-08-26 07:46:33",278
"2019-08-26 08:46:27",278
"2019-08-26 09:46:26",278
"2019-08-26 10:46:28",278
"2019-08-26 11:46:27",278
"2019-08-26 12:46:30",278
"2019-08-26 13:46:29",278
"2019-08-26 14:46:27",278
"2019-08-26 15:46:30",278
"2019-08-26 16:46:38",278
"2019-08-26 17:46:27",279
"2019-08-26 18:46:28",280
"2019-08-26 19:46:31",280
"2019-08-26 20:46:34",280
"2019-08-26 21:46:30",280
"2019-08-26 22:46:26",280
"2019-08-26 23:46:28",280
"2019-08-27 00:46:31",280
"2019-08-27 01:46:29",280
"2019-08-27 02:46:36",280
"2019-08-27 03:46:28",280
"2019-08-27 04:46:27",280
"2019-08-27 05:46:33",280
"2019-08-27 06:46:35",280
"2019-08-27 07:46:26",280
"2019-08-27 08:46:31",280
"2019-08-27 09:46:27",280
"2019-08-27 10:46:24",280
"2019-08-27 11:46:32",280
"2019-08-27 12:46:34",279
"2019-08-27 13:46:49",279
"2019-08-27 14:46:28",279
"2019-08-27 15:46:31",279
"2019-08-27 16:46:37",279
"2019-08-27 17:46:29",278
"2019-08-27 18:46:29",278
"2019-08-27 19:46:30",279
"2019-08-27 20:46:28",279
"2019-08-27 21:46:30",279
"2019-08-27 22:46:29",279
"2019-08-27 23:46:36",279
"2019-08-28 00:46:34",279
"2019-08-28 01:46:31",279
"2019-08-28 02:46:36",279
"2019-08-28 03:46:38",279
"2019-08-28 04:46:32",279
"2019-08-28 05:46:36",279
"2019-08-28 06:46:35",279
"2019-08-28 07:46:34",279
"2019-08-28 08:46:33",279
"2019-08-28 09:46:34",279
"2019-08-28 10:46:31",279
"2019-08-28 11:46:37",279
"2019-08-28 12:46:30",279
"2019-08-28 13:46:28",279
"2019-08-28 14:46:26",278
"2019-08-28 15:46:32",278
"2019-08-28 16:46:48",278
"2019-08-28 17:46:25",277
"2019-08-28 18:46:28",277
"2019-08-28 19:46:28",276
"2019-08-28 20:46:31",276
"2019-08-28 21:46:30",276
"2019-08-28 22:46:27",276
"2019-08-28 23:46:36",276
"2019-08-29 00:46:25",276
"2019-08-29 01:46:29",276
"2019-08-29 02:46:30",276
"2019-08-29 03:46:26",276
"2019-08-29 04:46:28",276
"2019-08-29 05:46:42",276
"2019-08-29 06:46:24",276
"2019-08-29 07:46:31",276
"2019-08-29 08:46:27",276
"2019-08-29 09:46:27",276
"2019-08-29 10:46:23",276
"2019-08-29 11:46:24",276
"2019-08-29 12:46:29",276
"2019-08-29 13:46:28",276
"2019-08-29 14:46:26",274
"2019-08-29 15:46:26",274
"2019-08-29 16:46:35",274
"2019-08-29 17:46:26",274
"2019-08-29 18:46:24",274
"2019-08-29 19:46:23",274
"2019-08-29 20:46:25",274
"2019-08-29 21:46:25",274
"2019-08-29 22:46:25",274
"2019-08-29 23:46:25",274
"2019-08-30 00:46:28",274
"2019-08-30 01:46:34",274
"2019-08-30 02:46:27",274
"2019-08-30 03:46:28",274
"2019-08-30 04:46:27",274
"2019-08-30 05:46:35",274
"2019-08-30 06:46:21",274
"2019-08-30 07:46:22",274
"2019-08-30 08:46:22",274
"2019-08-30 09:46:23",274
"2019-08-30 10:46:21",274
"2019-08-30 11:46:21",274
"2019-08-30 12:46:24",274
"2019-08-30 13:46:24",274
"2019-08-30 14:46:23",274
"2019-08-30 15:46:24",274
"2019-08-30 16:46:25",274
"2019-08-30 17:46:26",274
"2019-08-30 18:46:23",274
"2019-08-30 20:46:41",274
"2019-08-30 21:46:37",274
"2019-08-30 22:46:39",274
"2019-08-30 23:46:38",274
"2019-08-31 00:46:37",274
"2019-08-31 01:46:42",274
"2019-08-31 02:46:39",274
"2019-08-31 03:46:39",274
"2019-08-31 04:46:38",274
"2019-08-31 23:47:08",274
"2019-09-01 00:46:42",274
"2019-09-01 01:46:38",274
"2019-09-01 02:46:40",274
"2019-09-01 03:46:39",274
"2019-09-01 04:46:37",274
"2019-09-01 05:46:39",274
"2019-09-01 06:46:37",274
"2019-09-01 07:46:34",274
"2019-09-01 08:46:38",274
"2019-09-01 09:46:36",274
"2019-09-01 10:46:37",274
"2019-09-01 11:46:35",274
"2019-09-01 12:46:40",274
"2019-09-01 13:46:38",274
"2019-09-01 14:46:37",274
"2019-09-01 15:46:37",274
"2019-09-01 16:46:46",274
"2019-09-01 17:46:42",274
"2019-09-01 18:46:38",274
"2019-09-01 19:46:35",274
"2019-09-01 20:46:38",274
"2019-09-01 21:46:37",274
"2019-09-01 22:46:39",274
"2019-09-01 23:46:40",274
"2019-09-02 00:46:36",274
"2019-09-02 01:46:34",274
"2019-09-02 02:46:35",274
"2019-09-02 03:46:39",274
"2019-09-02 04:46:41",274
"2019-09-02 05:46:53",274
"2019-09-02 06:46:41",274
"2019-09-02 07:46:41",274
"2019-09-02 08:46:39",274
"2019-09-02 09:46:47",274
"2019-09-02 10:46:46",274
"2019-09-02 11:46:39",274
"2019-09-02 12:46:35",274
"2019-09-02 13:46:38",274
"2019-09-02 14:46:38",274
"2019-09-02 15:46:38",274
"2019-09-02 16:46:50",274
"2019-09-02 17:46:38",274
"2019-09-02 18:46:41",274
"2019-09-02 19:46:39",274
"2019-09-02 20:46:38",274
"2019-09-02 21:46:41",274
"2019-09-02 22:46:39",274
"2019-09-02 23:46:41",274
"2019-09-03 00:46:41",274
"2019-09-03 01:46:41",274
"2019-09-03 02:46:43",274
"2019-09-03 03:46:39",274
"2019-09-03 04:46:37",274
"2019-09-03 05:46:52",274
"2019-09-03 06:46:43",274
"2019-09-03 07:46:37",274
"2019-09-03 08:46:47",274
"2019-09-03 09:46:38",274
"2019-09-03 10:46:42",274
"2019-09-03 11:46:37",274
"2019-09-03 13:10:54",274
"2019-09-03 13:46:48",274
"2019-09-03 14:46:41",274
"2019-09-03 15:46:40",274
"2019-09-03 16:46:44",274
"2019-09-03 17:46:40",276
"2019-09-03 18:46:37",276
"2019-09-03 19:46:38",276
"2019-09-03 20:46:40",276
"2019-09-03 21:46:37",276
"2019-09-03 22:46:49",276
"2019-09-03 23:46:38",276
"2019-09-04 00:46:42",276
"2019-09-04 01:46:40",276
"2019-09-04 02:46:40",276
"2019-09-04 03:46:38",276
"2019-09-04 04:46:37",276
"2019-09-04 05:46:51",276
"2019-09-04 06:46:40",276
"2019-09-04 07:46:37",276
"2019-09-04 08:46:38",276
"2019-09-04 09:46:40",276
"2019-09-04 10:46:38",276
"2019-09-04 11:46:38",276
"2019-09-04 13:09:47",276
"2019-09-04 13:46:40",276
"2019-09-04 14:46:39",275
"2019-09-04 15:46:40",275
"2019-09-04 16:46:55",274
"2019-09-04 17:46:37",274
"2019-09-04 18:46:40",273
"2019-09-04 19:46:39",273
"2019-09-04 20:46:41",273
"2019-09-04 21:46:38",273
"2019-09-04 22:46:37",273
"2019-09-04 23:46:45",273
"2019-09-05 01:46:39",273
"2019-09-05 02:46:46",273
"2019-09-05 03:46:37",273
"2019-09-05 04:46:38",273
"2019-09-05 05:46:51",273
"2019-09-05 06:46:35",273
"2019-09-05 07:46:42",273
"2019-09-05 08:46:38",273
"2019-09-05 09:46:35",273
"2019-09-05 10:46:45",273
"2019-09-05 11:46:37",273
"2019-09-05 13:10:43",273
"2019-09-05 13:46:39",273
"2019-09-05 14:46:43",272
"2019-09-05 15:46:39",274
"2019-09-05 16:46:52",274
"2019-09-05 17:46:42",274
"2019-09-05 18:46:38",274
"2019-09-05 19:46:37",274
"2019-09-05 20:46:39",274
"2019-09-05 21:46:38",274
"2019-09-05 22:46:40",274
"2019-09-05 23:46:41",274
"2019-09-06 00:46:40",274
"2019-09-06 01:46:41",274
"2019-09-06 02:46:38",274
"2019-09-06 03:46:36",274
"2019-09-06 04:46:37",274
"2019-09-06 05:46:51",274
"2019-09-06 06:46:40",274
"2019-09-06 07:46:42",274
"2019-09-06 08:46:37",274
"2019-09-06 09:46:40",274
"2019-09-06 10:46:38",274
"2019-09-06 11:46:59",274
"2019-09-06 13:09:44",274
"2019-09-06 13:46:41",274
"2019-09-06 14:46:37",274
"2019-09-06 15:46:38",274
"2019-09-06 16:46:51",274
"2019-09-06 17:46:39",273
"2019-09-06 18:46:42",272
"2019-09-06 19:46:37",272
"2019-09-06 20:46:39",272
"2019-09-06 21:46:41",272
"2019-09-06 22:46:38",272
"2019-09-06 23:46:37",272
"2019-09-07 01:46:39",272
"2019-09-07 02:46:41",272
"2019-09-07 03:46:42",272
"2019-09-07 04:46:41",272
"2019-09-07 05:47:07",272
"2019-09-07 06:46:38",272
"2019-09-07 07:46:36",272
"2019-09-07 08:46:37",272
"2019-09-07 09:46:38",272
"2019-09-07 10:46:40",272
"2019-09-07 11:46:37",272
"2019-09-07 12:46:37",272
"2019-09-07 13:46:41",272
"2019-09-07 14:46:40",272
"2019-09-07 15:46:40",272
"2019-09-07 16:46:40",272
"2019-09-07 17:46:40",272
"2019-09-07 18:46:38",272
"2019-09-07 19:46:37",272
"2019-09-07 20:46:39",272
"2019-09-07 22:46:35",272
"2019-09-07 23:46:40",272
"2019-09-08 00:46:39",272
"2019-09-08 01:46:42",272
"2019-09-08 02:46:46",272
"2019-09-08 03:46:40",272
"2019-09-08 04:46:38",272
"2019-09-08 05:46:46",272
"2019-09-08 06:46:38",272
"2019-09-08 07:46:37",272
"2019-09-08 08:46:38",272
"2019-09-08 09:46:36",272
"2019-09-08 10:46:39",272
"2019-09-08 11:46:37",272
"2019-09-08 12:46:38",272
"2019-09-08 13:46:39",272
"2019-09-08 14:46:39",272
"2019-09-08 15:46:37",272
"2019-09-08 16:46:47",272
"2019-09-08 17:46:38",272
"2019-09-08 18:46:37",272
"2019-09-08 19:46:45",272
"2019-09-08 20:46:42",272
"2019-09-08 21:46:40",272
"2019-09-08 22:46:36",272
"2019-09-08 23:46:37",272
"2019-09-09 00:46:37",272
"2019-09-09 01:46:40",272
"2019-09-09 02:46:40",272
"2019-09-09 03:46:39",272
"2019-09-09 04:46:36",272
"2019-09-09 05:46:54",272
"2019-09-09 06:46:36",272
"2019-09-09 07:46:37",272
"2019-09-09 08:46:38",272
"2019-09-09 09:46:34",272
"2019-09-09 10:46:36",272
"2019-09-09 11:46:39",272
"2019-09-09 13:09:44",272
"2019-09-09 13:46:44",272
"2019-09-09 14:46:47",272
"2019-09-09 15:46:39",272
"2019-09-09 16:46:57",272
"2019-09-09 17:46:38",272
"2019-09-09 18:46:39",272
"2019-09-09 19:46:39",272
"2019-09-09 20:46:37",272
"2019-09-09 21:46:38",272
"2019-09-09 22:46:38",272
"2019-09-09 23:46:39",272
"2019-09-10 00:46:41",272
"2019-09-10 01:46:40",272
"2019-09-10 02:46:47",272
"2019-09-10 03:46:41",272
"2019-09-10 04:46:41",272
"2019-09-10 05:46:45",272
"2019-09-10 06:46:38",272
"2019-09-10 07:46:36",272
"2019-09-10 08:46:41",272
"2019-09-10 09:46:52",272
"2019-09-10 10:46:38",272
"2019-09-10 11:46:38",272
"2019-09-10 12:46:40",272
"2019-09-10 13:46:39",272
"2019-09-10 14:46:37",272
"2019-09-10 15:46:37",273
"2019-09-10 16:46:54",272
"2019-09-10 17:46:39",272
"2019-09-10 18:46:40",272
"2019-09-10 19:46:47",273
"2019-09-10 20:46:37",273
"2019-09-10 21:46:40",273
"2019-09-10 22:46:37",273
"2019-09-10 23:46:38",273
"2019-09-11 00:46:38",273
"2019-09-11 01:46:39",273
"2019-09-11 02:46:37",273
"2019-09-11 03:46:37",273
"2019-09-11 04:46:37",273
"2019-09-11 05:46:52",273
"2019-09-11 06:46:39",273
"2019-09-11 07:46:34",273
"2019-09-11 08:46:37",273
"2019-09-11 09:46:42",273
"2019-09-11 10:46:52",273
"2019-09-11 11:46:47",273
"2019-09-11 12:46:38",273
"2019-09-11 13:46:43",273
"2019-09-11 14:46:38",273
"2019-09-11 15:46:38",273
"2019-09-11 16:46:43",273
"2019-09-11 17:46:36",273
"2019-09-11 18:46:38",273
"2019-09-11 19:46:38",273
"2019-09-11 20:46:37",273
"2019-09-11 21:46:43",273
"2019-09-11 22:46:37",273
"2019-09-11 23:46:37",273
"2019-09-12 00:46:39",273
"2019-09-12 01:46:38",273
"2019-09-12 02:46:45",273
"2019-09-12 03:46:38",273
"2019-09-12 04:46:36",273
"2019-09-12 05:46:49",273
"2019-09-12 06:46:38",273
"2019-09-12 07:46:37",273
"2019-09-12 08:46:35",273
"2019-09-12 09:46:36",273
"2019-09-12 10:46:55",273
"2019-09-12 11:46:41",273
"2019-09-12 13:10:48",273
"2019-09-12 13:46:41",273
"2019-09-12 14:46:44",274
"2019-09-12 15:46:39",274
"2019-09-12 16:46:39",273
"2019-09-12 17:46:37",273
"2019-09-12 18:46:37",273
"2019-09-12 19:46:37",273
"2019-09-12 20:46:35",272
"2019-09-12 21:46:35",272
"2019-09-12 22:46:38",272
"2019-09-12 23:46:37",272
"2019-09-13 00:46:37",272
"2019-09-13 01:46:41",272
"2019-09-13 02:46:38",272
"2019-09-13 03:46:38",272
"2019-09-13 04:46:36",272
"2019-09-13 05:46:38",272
"2019-09-13 06:46:39",272
"2019-09-13 07:46:35",272
"2019-09-13 08:46:38",272
"2019-09-13 09:46:36",272
"2019-09-13 10:46:36",272
"2019-09-13 11:46:35",272
"2019-09-13 13:10:39",272
"2019-09-13 14:11:41",273
"2019-09-13 14:46:39",273
"2019-09-13 15:46:37",273
"2019-09-13 16:46:37",274
"2019-09-13 17:46:36",274
"2019-09-13 18:46:36",273
"2019-09-13 19:46:36",273
"2019-09-13 20:46:32",273
"2019-09-13 21:46:40",273
"2019-09-13 22:46:33",273
"2019-09-13 23:46:38",273
"2019-09-14 00:46:39",273
"2019-09-14 01:46:31",273
"2019-09-14 02:46:36",273
"2019-09-14 03:46:36",273
"2019-09-14 04:46:35",273
"2019-09-14 05:46:36",273
"2019-09-14 06:46:35",273
"2019-09-14 07:46:35",273
"2019-09-14 08:46:35",273
"2019-09-14 09:46:34",273
"2019-09-14 10:46:35",273
"2019-09-14 11:46:30",273
"2019-09-14 12:46:36",273
"2019-09-14 13:46:33",273
"2019-09-14 14:46:35",273
"2019-09-14 15:46:31",273
"2019-09-14 16:46:38",273
"2019-09-14 17:46:36",273
"2019-09-14 18:46:31",273
"2019-09-14 19:46:32",273
"2019-09-14 20:46:32",273
"2019-09-14 21:46:38",273
"2019-09-14 22:46:34",273
"2019-09-14 23:46:38",273
"2019-09-15 00:46:37",273
"2019-09-15 01:46:32",273
"2019-09-15 02:46:39",273
"2019-09-15 03:46:38",273
"2019-09-15 04:46:35",273
"2019-09-15 05:46:33",273
"2019-09-15 06:46:39",273
"2019-09-15 07:46:37",273
"2019-09-15 08:46:38",273
"2019-09-15 09:46:35",273
"2019-09-15 10:46:34",273
"2019-09-15 11:46:36",273
"2019-09-15 12:46:37",273
"2019-09-15 13:46:37",273
"2019-09-15 14:46:35",273
"2019-09-15 15:46:32",273
"2019-09-15 16:46:38",273
"2019-09-15 17:46:31",273
"2019-09-15 18:46:34",273
"2019-09-15 19:46:34",273
"2019-09-15 20:46:32",273
"2019-09-15 21:46:39",273
"2019-09-15 22:46:34",273
"2019-09-15 23:46:33",273
"2019-09-16 00:46:36",273
"2019-09-16 01:46:34",273
"2019-09-16 02:46:38",273
"2019-09-16 03:46:37",273
"2019-09-16 04:46:33",273
"2019-09-16 05:46:37",273
"2019-09-16 06:46:37",273
"2019-09-16 07:46:33",273
"2019-09-16 08:46:37",273
"2019-09-16 09:46:35",273
"2019-09-16 10:46:34",273
"2019-09-16 11:46:31",273
"2019-09-16 13:10:12",273
"2019-09-16 13:46:37",273
"2019-09-16 14:46:43",273
"2019-09-16 15:46:39",273
"2019-09-16 16:46:41",274
"2019-09-16 17:46:36",274
"2019-09-16 18:46:40",274
"2019-09-16 19:46:46",274
"2019-09-16 20:46:46",274
"2019-09-16 21:46:40",274
"2019-09-16 22:46:41",274
"2019-09-16 23:46:41",274
"2019-09-17 00:46:39",274
"2019-09-17 01:46:37",274
"2019-09-17 02:46:40",274
"2019-09-17 03:46:40",274
"2019-09-17 04:46:37",274
"2019-09-17 05:46:37",274
"2019-09-17 06:46:34",274
"2019-09-17 07:46:38",274
"2019-09-17 08:46:36",274
"2019-09-17 09:46:41",274
"2019-09-17 10:46:40",274
"2019-09-17 11:46:38",274
"2019-09-17 12:46:38",274
"2019-09-17 13:46:42",274
"2019-09-17 14:46:38",274
"2019-09-17 15:46:38",274
"2019-09-17 16:46:42",274
"2019-09-17 17:46:37",273
"2019-09-17 18:46:38",273
"2019-09-17 19:46:37",273
"2019-09-17 20:46:38",273
"2019-09-17 21:46:38",273
"2019-09-17 22:46:39",273
"2019-09-17 23:46:38",273
"2019-09-18 00:46:38",273
"2019-09-18 01:46:37",273
"2019-09-18 02:46:35",273
"2019-09-18 03:46:37",273
"2019-09-18 04:46:45",273
"2019-09-18 05:46:37",273
"2019-09-18 06:46:39",273
"2019-09-18 07:46:37",273
"2019-09-18 08:46:39",273
"2019-09-18 09:46:39",273
"2019-09-18 10:46:37",273
"2019-09-18 11:46:36",273
"2019-09-18 13:41:48",273
"2019-09-18 13:49:01",273
"2019-09-18 14:46:40",273
"2019-09-18 15:46:42",273
"2019-09-18 16:46:42",272
"2019-09-18 17:46:36",272
"2019-09-18 18:46:34",272
"2019-09-18 19:46:40",272
"2019-09-18 20:46:37",272
"2019-09-18 21:46:36",272
"2019-09-18 22:46:39",271
"2019-09-18 23:46:42",271
"2019-09-19 00:46:33",271
"2019-09-19 01:46:38",271
"2019-09-19 02:46:41",271
"2019-09-19 03:46:39",271
"2019-09-19 04:46:35",271
"2019-09-19 05:46:39",271
"2019-09-19 06:46:40",271
"2019-09-19 07:46:34",271
"2019-09-19 08:46:38",271
"2019-09-19 09:46:37",271
"2019-09-19 10:46:36",271
"2019-09-19 11:46:33",271
"2019-09-19 13:10:13",271
"2019-09-19 13:46:42",271
"2019-09-19 14:46:35",271
"2019-09-19 15:46:38",271
"2019-09-19 16:46:46",271
"2019-09-19 17:46:39",271
"2019-09-19 18:46:40",271
"2019-09-19 19:46:33",271
"2019-09-19 20:46:41",271
"2019-09-19 21:46:34",271
"2019-09-19 22:46:41",271
"2019-09-19 23:46:36",271
"2019-09-20 00:46:42",271
"2019-09-20 01:46:46",271
"2019-09-20 02:46:35",271
"2019-09-20 03:46:41",271
"2019-09-20 04:46:38",271
"2019-09-20 05:46:42",271
"2019-09-20 06:46:36",271
"2019-09-20 07:46:36",271
"2019-09-20 08:46:41",271
"2019-09-20 09:46:35",271
"2019-09-20 10:46:34",271
"2019-09-20 11:46:39",271
"2019-09-20 12:46:40",271
"2019-09-20 13:46:33",271
"2019-09-20 14:46:38",271
"2019-09-20 15:46:38",271
"2019-09-20 16:46:37",271
"2019-09-20 17:46:41",271
"2019-09-20 18:46:34",271
"2019-09-20 19:46:39",271
"2019-09-20 20:46:32",271
"2019-09-20 21:46:34",271
"2019-09-20 22:46:39",271
"2019-09-20 23:46:32",271
"2019-09-21 00:46:32",271
"2019-09-21 01:46:32",271
"2019-09-21 02:46:37",271
"2019-09-21 03:46:39",271
"2019-09-21 04:46:31",271
"2019-09-21 05:46:36",271
"2019-09-21 06:46:36",271
"2019-09-21 07:46:32",271
"2019-09-21 08:46:33",271
"2019-09-21 09:46:36",271
"2019-09-21 10:46:31",271
"2019-09-21 11:46:34",271
"2019-09-21 12:46:38",271
"2019-09-21 13:46:38",271
"2019-09-21 14:46:33",271
"2019-09-21 15:46:31",271
"2019-09-21 16:46:38",271
"2019-09-21 17:46:35",271
"2019-09-21 18:46:33",271
"2019-09-21 19:46:33",271
"2019-09-21 20:46:33",271
"2019-09-21 21:46:33",271
"2019-09-21 22:46:33",271
"2019-09-21 23:46:36",271
"2019-09-22 00:46:32",271
"2019-09-22 01:46:35",271
"2019-09-22 02:46:35",271
"2019-09-22 03:46:33",271
"2019-09-22 04:46:37",271
"2019-09-22 05:46:33",271
"2019-09-22 06:46:37",271
"2019-09-22 07:46:37",271
"2019-09-22 08:46:33",271
"2019-09-22 09:46:37",271
"2019-09-22 10:46:32",271
"2019-09-22 11:46:31",271
"2019-09-22 12:46:34",271
"2019-09-22 13:46:33",271
"2019-09-22 14:46:37",271
"2019-09-22 15:46:32",271
"2019-09-22 16:46:38",271
"2019-09-22 17:46:33",271
"2019-09-22 18:46:32",271
"2019-09-22 19:46:38",271
"2019-09-22 20:46:32",271
"2019-09-22 21:46:34",271
"2019-09-22 22:46:31",271
"2019-09-22 23:46:32",271
"2019-09-23 00:46:36",271
"2019-09-23 01:46:32",271
"2019-09-23 02:46:32",271
"2019-09-23 03:46:37",271
"2019-09-23 04:46:36",271
"2019-09-23 05:46:34",271
"2019-09-23 06:46:35",271
"2019-09-23 07:46:33",271
"2019-09-23 08:46:36",271
"2019-09-23 09:46:34",271
"2019-09-23 10:46:36",271
"2019-09-23 11:46:39",271
"2019-09-23 12:46:37",271
"2019-09-23 13:46:33",271
"2019-09-23 14:46:38",271
"2019-09-23 15:46:32",271
"2019-09-23 16:46:39",271
"2019-09-23 17:46:32",270
"2019-09-23 18:46:40",270
"2019-09-23 19:46:33",270
"2019-09-23 20:46:33",270
"2019-09-23 21:46:35",270
"2019-09-23 22:46:37",270
"2019-09-23 23:46:31",270
"2019-09-24 00:46:37",270
"2019-09-24 01:46:33",270
"2019-09-24 03:46:39",270
"2019-09-24 04:46:33",270
"2019-09-24 05:46:40",270
"2019-09-24 06:46:35",270
"2019-09-24 07:46:34",270
"2019-09-24 08:46:36",270
"2019-09-24 09:46:31",270
"2019-09-24 10:46:35",270
"2019-09-24 11:46:37",270
"2019-09-24 12:46:38",270
"2019-09-24 13:46:34",270
"2019-09-24 14:46:36",270
"2019-09-24 15:46:39",270
"2019-09-24 16:46:37",270
"2019-09-24 17:46:36",269
"2019-09-24 18:46:39",269
"2019-09-24 19:46:33",269
"2019-09-24 20:46:35",269
"2019-09-24 21:46:38",269
"2019-09-24 22:46:32",269
"2019-09-24 23:46:32",269
"2019-09-25 00:46:36",269
"2019-09-25 01:46:39",269
"2019-09-25 02:46:31",269
"2019-09-25 03:46:41",269
"2019-09-25 04:46:37",269
"2019-09-25 05:46:34",269
"2019-09-25 06:46:35",269
"2019-09-25 07:46:40",269
"2019-09-25 08:46:37",269
"2019-09-25 09:46:37",269
"2019-09-25 10:46:37",269
"2019-09-25 11:46:35",269
"2019-09-25 12:46:39",269
"2019-09-25 13:46:40",269
"2019-09-25 14:46:39",268
"2019-09-25 15:46:39",267
"2019-09-25 16:46:38",267
"2019-09-25 17:46:37",267
"2019-09-25 18:46:36",267
"2019-09-25 19:46:43",267
"2019-09-25 20:46:33",267
"2019-09-25 21:46:37",267
"2019-09-25 22:46:33",267
"2019-09-25 23:46:38",267
"2019-09-26 00:46:36",267
"2019-09-26 01:46:34",267
"2019-09-26 02:46:38",267
"2019-09-26 03:46:35",267
"2019-09-26 04:46:40",267
"2019-09-26 05:46:38",267
"2019-09-26 06:46:36",267
"2019-09-26 07:46:33",267
"2019-09-26 08:46:37",267
"2019-09-26 09:46:37",267
"2019-09-26 10:46:34",267
"2019-09-26 11:46:33",267
"2019-09-26 13:09:42",267
"2019-09-26 13:46:43",267
"2019-09-26 14:46:39",267
"2019-09-26 15:46:41",266
"2019-09-26 16:46:41",266
"2019-09-26 17:46:41",266
"2019-09-26 18:46:45",266
"2019-09-26 19:46:37",266
"2019-09-26 20:46:35",266
"2019-09-26 21:46:44",266
"2019-09-26 22:46:39",266
"2019-09-26 23:46:38",266
"2019-09-27 00:46:38",266
"2019-09-27 01:46:35",266
"2019-09-27 02:46:54",266
"2019-09-27 03:46:38",266
"2019-09-27 04:46:34",266
"2019-09-27 05:46:38",266
"2019-09-27 06:46:38",266
"2019-09-27 07:46:43",266
"2019-09-27 08:46:36",266
"2019-09-27 09:46:36",266
"2019-09-27 10:46:38",266
"2019-09-27 11:46:36",266
"2019-09-27 13:10:43",266
"2019-09-27 13:46:43",266
"2019-09-27 14:46:40",266
"2019-09-27 15:46:39",266
"2019-09-27 16:46:40",266
"2019-09-27 17:46:39",266
"2019-09-27 18:46:33",266
"2019-09-27 19:46:39",266
"2019-09-27 20:46:32",266
"2019-09-27 21:46:35",266
"2019-09-27 22:46:41",266
"2019-09-27 23:46:35",266
"2019-09-28 00:46:35",266
"2019-09-28 01:46:40",266
"2019-09-28 02:46:38",266
"2019-09-28 03:46:38",266
"2019-09-28 04:46:36",266
"2019-09-28 05:46:41",266
"2019-09-28 06:46:32",266
"2019-09-28 07:46:41",266
"2019-09-28 08:46:34",266
"2019-09-28 09:46:37",266
"2019-09-28 10:46:32",266
"2019-09-28 11:46:36",266
"2019-09-28 12:46:39",266
"2019-09-28 13:46:40",266
"2019-09-28 14:46:33",266
"2019-09-28 15:46:33",266
"2019-09-28 16:46:40",266
"2019-09-28 17:46:39",266
"2019-09-28 18:46:32",266
"2019-09-28 19:46:34",266
"2019-09-28 20:46:38",266
"2019-09-28 21:46:35",266
"2019-09-28 22:46:38",266
"2019-09-28 23:46:34",266
"2019-09-29 00:46:34",266
"2019-09-29 01:46:38",266
"2019-09-29 02:46:38",266
"2019-09-29 03:46:38",266
"2019-09-29 04:46:35",266
"2019-09-29 05:46:38",266
"2019-09-29 06:46:33",266
"2019-09-29 07:46:37",266
"2019-09-29 08:46:34",266
"2019-09-29 09:46:36",266
"2019-09-29 10:46:33",266
"2019-09-29 11:46:36",266
"2019-09-29 12:46:34",266
"2019-09-29 13:46:33",266
"2019-09-29 14:46:36",266
"2019-09-29 15:46:33",266
"2019-09-29 16:46:38",266
"2019-09-29 17:46:41",266
"2019-09-29 18:46:34",266
"2019-09-29 19:46:44",266
"2019-09-29 20:46:39",266
"2019-09-29 21:46:35",266
"2019-09-29 22:46:38",266
"2019-09-29 23:46:38",266
"2019-09-30 00:46:32",266
"2019-09-30 01:46:38",266
"2019-09-30 02:46:34",266
"2019-09-30 03:46:38",266
"2019-09-30 04:46:36",266
"2019-09-30 05:46:37",266
"2019-09-30 06:46:35",266
"2019-09-30 07:46:40",266
"2019-09-30 08:46:36",266
"2019-09-30 09:46:40",266
"2019-09-30 10:46:34",266
"2019-09-30 11:46:33",266
"2019-09-30 12:46:38",266
"2019-09-30 13:46:35",266
"2019-09-30 14:46:40",266
"2019-09-30 15:46:37",266
"2019-09-30 16:46:44",266
"2019-09-30 17:46:37",266
"2019-09-30 18:46:41",266
"2019-09-30 19:46:35",266
"2019-09-30 20:46:33",266
"2019-09-30 21:46:36",266
"2019-09-30 22:46:33",266
"2019-09-30 23:46:38",266
"2019-10-01 00:46:35",266
"2019-10-01 01:46:34",266
"2019-10-01 02:46:37",266
"2019-10-01 03:46:39",266
"2019-10-01 04:46:32",266
"2019-10-01 05:46:33",266
"2019-10-01 06:46:35",266
"2019-10-01 07:46:40",266
"2019-10-01 08:46:33",266
"2019-10-01 09:46:39",266
"2019-10-01 10:46:35",266
"2019-10-01 11:46:34",266
"2019-10-01 13:09:41",266
"2019-10-01 13:46:40",266
"2019-10-01 14:46:34",266
"2019-10-01 15:46:35",265
"2019-10-01 16:46:40",265
"2019-10-01 17:46:33",266
"2019-10-01 18:46:39",265
"2019-10-01 19:46:36",266
"2019-10-01 20:46:33",266
"2019-10-01 21:46:34",266
"2019-10-01 22:46:38",266
"2019-10-01 23:46:35",266
"2019-10-02 00:46:56",266
"2019-10-02 01:46:35",266
"2019-10-02 02:46:33",266
"2019-10-02 03:46:35",266
"2019-10-02 04:46:41",266
"2019-10-02 05:46:38",266
"2019-10-02 06:46:33",266
"2019-10-02 07:46:33",266
"2019-10-02 08:46:33",266
"2019-10-02 09:46:37",266
"2019-10-02 10:46:31",266
"2019-10-02 11:46:32",266
"2019-10-02 13:10:10",266
"2019-10-02 13:46:36",266
"2019-10-02 14:46:34",266
"2019-10-02 15:46:37",267
"2019-10-02 16:46:32",267
"2019-10-02 17:46:32",267
"2019-10-02 18:46:34",266
"2019-10-02 19:46:34",266
"2019-10-02 20:46:34",266
"2019-10-02 21:46:34",266
"2019-10-02 22:46:37",266
"2019-10-02 23:46:32",266
"2019-10-03 00:46:32",266
"2019-10-03 01:46:33",266
"2019-10-03 02:46:33",266
"2019-10-03 03:46:36",266
"2019-10-03 04:46:33",266
"2019-10-03 06:46:32",266
"2019-10-03 07:46:37",266
"2019-10-03 08:46:35",266
"2019-10-03 09:46:33",266
"2019-10-03 10:46:38",266
"2019-10-03 11:46:32",266
"2019-10-03 13:10:05",266
"2019-10-03 13:47:59",266
"2019-10-03 14:46:37",266
"2019-10-03 15:46:32",266
"2019-10-03 16:46:33",266
"2019-10-03 17:46:34",266
"2019-10-03 18:46:35",266
"2019-10-03 19:46:33",266
"2019-10-03 20:46:33",265
"2019-10-03 21:46:33",265
"2019-10-03 22:46:33",265
"2019-10-03 23:46:37",265
"2019-10-04 00:46:32",265
"2019-10-04 01:46:33",265
"2019-10-04 02:46:31",265
"2019-10-04 03:46:34",265
"2019-10-04 04:46:33",265
"2019-10-04 05:46:38",265
"2019-10-04 06:46:37",265
"2019-10-04 07:46:33",265
"2019-10-04 08:46:34",265
"2019-10-04 09:46:32",265
"2019-10-04 10:46:35",265
"2019-10-04 11:46:32",265
"2019-10-04 12:46:34",265
"2019-10-04 13:46:37",265
"2019-10-04 14:46:32",266
"2019-10-04 15:46:34",266
"2019-10-04 16:46:37",266
"2019-10-04 17:46:32",266
"2019-10-04 18:46:35",266
"2019-10-04 19:46:34",266
"2019-10-04 20:46:34",266
"2019-10-04 21:46:36",265
"2019-10-04 22:46:31",265
"2019-10-04 23:46:31",265
"2019-10-05 00:46:36",265
"2019-10-05 01:46:32",265
"2019-10-05 02:46:32",265
"2019-10-05 03:46:31",265
"2019-10-05 04:46:31",265
"2019-10-05 05:46:38",265
"2019-10-05 06:46:31",265
"2019-10-05 07:46:32",265
"2019-10-05 08:46:36",265
"2019-10-05 09:46:32",265
"2019-10-05 10:46:32",265
"2019-10-05 11:46:34",265
"2019-10-05 12:46:34",265
"2019-10-05 13:46:34",265
"2019-10-05 14:46:33",265
"2019-10-05 15:46:32",265
"2019-10-05 16:46:34",265
"2019-10-05 17:46:40",265
"2019-10-05 18:46:33",265
"2019-10-05 19:46:32",265
"2019-10-05 20:46:35",265
"2019-10-05 21:46:32",265
"2019-10-05 22:46:33",265
"2019-10-05 23:46:33",265
"2019-10-06 00:46:33",265
"2019-10-06 01:46:34",265
"2019-10-06 02:46:44",265
"2019-10-06 03:46:36",265
"2019-10-06 04:46:33",265
"2019-10-06 05:46:34",265
"2019-10-06 06:46:37",265
"2019-10-06 07:46:33",265
"2019-10-06 08:46:37",265
"2019-10-06 09:46:36",265
"2019-10-06 10:46:33",265
"2019-10-06 11:46:35",265
"2019-10-06 12:46:35",265
"2019-10-06 13:46:31",265
"2019-10-06 14:46:34",265
"2019-10-06 15:46:32",265
"2019-10-06 16:46:32",265
"2019-10-06 17:46:32",265
"2019-10-06 18:46:37",265
"2019-10-06 19:46:36",265
"2019-10-06 20:46:31",265
"2019-10-06 21:46:31",265
"2019-10-06 22:46:31",265
"2019-10-06 23:46:31",265
"2019-10-07 00:46:33",265
"2019-10-07 01:46:34",265
"2019-10-07 02:46:35",265
"2019-10-07 03:46:34",265
"2019-10-07 04:46:34",265
"2019-10-07 05:46:33",265
"2019-10-07 06:46:33",265
"2019-10-07 07:46:32",265
"2019-10-07 08:46:32",265
"2019-10-07 09:46:40",265
"2019-10-07 10:46:32",265
"2019-10-07 11:46:33",265
"2019-10-07 12:46:44",265
"2019-10-07 13:46:36",265
"2019-10-07 14:46:33",265
"2019-10-07 15:46:34",265
"2019-10-07 16:46:36",264
"2019-10-07 17:46:33",264
"2019-10-07 18:46:34",264
"2019-10-07 19:46:37",264
"2019-10-07 20:46:31",264
"2019-10-07 21:46:31",264
"2019-10-07 22:46:32",264
"2019-10-07 23:46:38",264
"2019-10-08 00:46:32",264
"2019-10-08 01:46:32",264
"2019-10-08 02:46:31",264
"2019-10-08 03:46:36",264
"2019-10-08 04:46:35",264
"2019-10-08 05:46:32",264
"2019-10-08 06:46:35",264
"2019-10-08 07:46:33",264
"2019-10-08 08:46:33",264
"2019-10-08 09:46:34",264
"2019-10-08 10:46:35",264
"2019-10-08 11:46:32",264
"2019-10-08 12:46:35",264
"2019-10-08 13:46:34",264
"2019-10-08 14:46:32",264
"2019-10-08 15:46:33",264
"2019-10-08 16:46:38",264
"2019-10-08 17:46:36",264
"2019-10-08 18:46:35",264
"2019-10-08 19:46:36",264
"2019-10-08 20:46:32",265
"2019-10-08 21:46:32",265
"2019-10-08 22:46:35",265
"2019-10-08 23:46:33",265
"2019-10-09 00:46:33",265
"2019-10-09 01:46:33",265
"2019-10-09 02:46:33",265
"2019-10-09 03:46:31",265
"2019-10-09 04:46:36",265
"2019-10-09 05:46:33",265
"2019-10-09 06:46:33",265
"2019-10-09 07:46:40",265
"2019-10-09 08:46:33",265
"2019-10-09 09:46:31",265
"2019-10-09 10:46:35",265
"2019-10-09 11:46:32",265
"2019-10-09 12:46:40",265
"2019-10-09 13:46:34",265
"2019-10-09 14:46:35",265
"2019-10-09 15:46:41",265
"2019-10-09 16:46:35",264
"2019-10-09 17:46:45",264
"2019-10-09 18:46:38",264
"2019-10-09 19:46:41",264
"2019-10-09 20:46:34",264
"2019-10-09 21:46:32",264
"2019-10-09 22:46:34",264
"2019-10-09 23:46:34",264
"2019-10-10 00:46:39",264
"2019-10-10 01:46:32",264
"2019-10-10 02:46:36",264
"2019-10-10 03:46:33",264
"2019-10-10 04:46:33",264
"2019-10-10 05:46:40",264
"2019-10-10 06:46:35",264
"2019-10-10 07:46:38",264
"2019-10-10 08:46:34",264
"2019-10-10 09:46:32",264
"2019-10-10 10:46:32",264
"2019-10-10 11:46:36",264
"2019-10-10 13:09:45",264
"2019-10-10 13:46:39",264
"2019-10-10 14:46:34",263
"2019-10-10 15:46:36",263
"2019-10-10 16:46:33",263
"2019-10-10 17:46:34",263
"2019-10-10 18:46:33",263
"2019-10-10 19:46:35",263
"2019-10-10 20:46:35",263
"2019-10-10 21:46:35",263
"2019-10-10 22:46:35",263
"2019-10-10 23:46:49",263
"2019-10-11 00:46:35",263
"2019-10-11 01:46:35",263
"2019-10-11 02:46:35",263
"2019-10-11 03:46:42",263
"2019-10-11 04:46:34",263
"2019-10-11 05:46:33",263
"2019-10-11 06:46:37",263
"2019-10-11 07:46:36",263
"2019-10-11 08:46:34",263
"2019-10-11 09:46:39",263
"2019-10-11 10:46:34",263
"2019-10-11 11:46:34",263
"2019-10-11 13:10:12",263
"2019-10-11 13:46:38",263
"2019-10-11 14:46:33",262
"2019-10-11 15:46:46",262
"2019-10-11 16:46:36",261
"2019-10-11 17:46:35",260
"2019-10-11 18:46:38",260
"2019-10-11 19:46:36",260
"2019-10-11 20:46:34",260
"2019-10-11 21:46:33",260
"2019-10-11 22:46:33",260
"2019-10-11 23:46:33",260
"2019-10-12 00:46:40",260
"2019-10-12 01:46:33",260
"2019-10-12 02:46:35",260
"2019-10-12 03:46:38",260
"2019-10-12 04:46:34",260
"2019-10-12 05:46:40",260
"2019-10-12 06:46:42",260
"2019-10-12 07:46:33",260
"2019-10-12 08:46:34",260
"2019-10-12 09:46:38",260
"2019-10-12 10:46:33",260
"2019-10-12 11:46:32",260
"2019-10-12 12:46:41",260
"2019-10-12 13:46:34",260
"2019-10-12 14:46:35",260
"2019-10-12 15:46:34",260
"2019-10-12 16:46:39",260
"2019-10-12 17:46:39",260
"2019-10-12 18:46:33",260
"2019-10-12 19:46:34",260
"2019-10-12 20:46:36",260
"2019-10-12 21:46:33",260
"2019-10-12 22:46:34",260
"2019-10-12 23:46:34",260
"2019-10-13 00:46:38",260
"2019-10-13 01:46:34",260
"2019-10-13 02:46:34",260
"2019-10-13 03:46:38",260
"2019-10-13 04:46:33",260
"2019-10-13 05:46:33",260
"2019-10-13 06:46:36",260
"2019-10-13 07:46:34",260
"2019-10-13 08:46:40",260
"2019-10-13 09:46:38",260
"2019-10-13 10:46:31",260
"2019-10-13 11:46:38",260
"2019-10-13 12:46:32",260
"2019-10-13 13:46:39",260
"2019-10-13 14:46:38",260
"2019-10-13 15:46:33",260
"2019-10-13 16:46:43",260
"2019-10-13 17:46:34",260
"2019-10-13 18:46:37",260
"2019-10-13 19:46:37",260
"2019-10-13 20:46:41",260
"2019-10-13 21:46:39",260
"2019-10-13 22:46:39",260
"2019-10-13 23:46:42",260
"2019-10-14 00:46:34",260
"2019-10-14 01:46:37",260
"2019-10-14 02:46:35",260
"2019-10-14 03:46:37",260
"2019-10-14 04:46:36",260
"2019-10-14 05:46:35",260
"2019-10-14 06:46:39",260
"2019-10-14 07:46:34",260
"2019-10-14 08:46:35",260
"2019-10-14 09:46:39",260
"2019-10-14 10:46:36",260
"2019-10-14 11:46:38",260
"2019-10-14 12:46:39",260
"2019-10-14 13:46:37",260
"2019-10-14 14:46:37",260
"2019-10-14 15:46:35",260
"2019-10-14 16:46:41",260
"2019-10-14 17:46:34",260
"2019-10-14 18:46:40",260
"2019-10-14 19:46:33",260
"2019-10-14 20:46:36",260
"2019-10-14 21:46:36",259
"2019-10-14 22:46:40",259
"2019-10-14 23:46:47",259
"2019-10-15 00:46:35",259
"2019-10-15 02:46:42",259
"2019-10-15 03:46:34",259
"2019-10-15 04:46:34",259
"2019-10-15 05:46:40",259
"2019-10-15 06:46:38",259
"2019-10-15 07:46:43",259
"2019-10-15 08:46:38",259
"2019-10-15 09:46:35",259
"2019-10-15 10:46:36",259
"2019-10-15 11:46:41",259
"2019-10-15 12:47:08",259
"2019-10-15 13:46:44",259
"2019-10-15 14:46:34",260
"2019-10-15 15:46:34",260
"2019-10-15 16:46:36",260
"2019-10-15 17:46:39",260
"2019-10-15 18:46:42",260
"2019-10-15 19:46:41",260
"2019-10-15 20:46:44",260
"2019-10-15 21:46:38",260
"2019-10-15 22:46:33",260
"2019-10-15 23:46:34",260
"2019-10-16 00:46:36",260
"2019-10-16 01:46:34",260
"2019-10-16 02:46:36",260
"2019-10-16 03:46:43",260
"2019-10-16 04:46:36",260
"2019-10-16 05:46:35",260
"2019-10-16 06:46:37",260
"2019-10-16 07:46:44",260
"2019-10-16 08:46:46",260
"2019-10-16 09:46:35",260
"2019-10-16 10:46:39",260
"2019-10-16 11:46:33",260
"2019-10-16 12:46:36",260
"2019-10-16 13:46:43",259
"2019-10-16 14:46:35",259
"2019-10-16 15:46:46",258
"2019-10-16 16:46:34",258
"2019-10-16 17:46:34",257
"2019-10-16 18:46:38",257
"2019-10-16 19:46:33",257
"2019-10-16 20:46:35",257
"2019-10-16 21:46:37",257
"2019-10-16 22:46:33",257
"2019-10-16 23:46:34",257
"2019-10-17 00:46:34",257
"2019-10-17 01:46:37",257
"2019-10-17 02:46:35",257
"2019-10-17 04:46:39",257
"2019-10-17 05:46:34",257
"2019-10-17 06:46:34",257
"2019-10-17 07:46:40",257
"2019-10-17 08:46:35",257
"2019-10-17 09:46:33",257
"2019-10-17 10:46:32",257
"2019-10-17 11:46:39",257
"2019-10-17 12:46:37",257
"2019-10-17 13:46:39",257
"2019-10-17 14:46:40",257
"2019-10-17 15:46:33",257
"2019-10-17 16:46:33",257
"2019-10-17 17:46:36",257
"2019-10-17 18:46:35",257
"2019-10-17 19:46:39",257
"2019-10-17 20:46:35",257
"2019-10-17 21:46:34",257
"2019-10-17 22:46:34",257
"2019-10-17 23:46:35",257
"2019-10-18 00:46:34",257
"2019-10-18 01:46:35",257
"2019-10-18 02:46:34",257
"2019-10-18 03:46:41",257
"2019-10-18 04:46:34",257
"2019-10-18 05:46:35",257
"2019-10-18 06:46:41",257
"2019-10-18 07:46:35",257
"2019-10-18 08:46:38",257
"2019-10-18 09:46:36",257
"2019-10-18 10:46:40",257
"2019-10-18 11:46:35",257
"2019-10-18 13:09:11",257
"2019-10-18 13:46:33",257
"2019-10-18 14:46:34",257
"2019-10-18 15:46:40",257
"2019-10-18 16:46:33",257
"2019-10-18 17:46:37",257
"2019-10-18 18:46:33",258
"2019-10-18 19:46:34",258
"2019-10-18 20:46:38",259
"2019-10-18 21:46:33",259
"2019-10-18 23:46:35",259
"2019-10-19 00:46:33",259
"2019-10-19 01:46:39",259
"2019-10-19 02:46:34",259
"2019-10-19 03:46:33",259
"2019-10-19 04:46:37",259
"2019-10-19 05:46:33",259
"2019-10-19 06:46:38",259
"2019-10-19 07:46:36",259
"2019-10-19 08:46:34",259
"2019-10-19 09:46:37",259
"2019-10-19 10:46:37",259
"2019-10-19 11:46:33",259
"2019-10-19 12:46:40",259
"2019-10-19 13:46:33",259
"2019-10-19 14:46:35",259
"2019-10-19 15:46:35",259
"2019-10-19 16:46:40",259
"2019-10-19 17:46:34",259
"2019-10-19 18:46:33",259
"2019-10-19 19:46:38",259
"2019-10-19 20:46:35",259
"2019-10-19 21:46:33",259
"2019-10-19 22:46:34",259
"2019-10-19 23:46:33",259
"2019-10-20 00:46:34",259
"2019-10-20 01:46:34",259
"2019-10-20 02:46:38",259
"2019-10-20 03:46:33",259
"2019-10-20 04:46:35",259
"2019-10-20 05:46:38",259
"2019-10-20 06:46:36",259
"2019-10-20 07:46:40",259
"2019-10-20 08:46:35",259
"2019-10-20 09:46:34",259
"2019-10-20 10:46:38",259
"2019-10-20 11:46:34",259
"2019-10-20 12:46:40",259
"2019-10-20 13:46:34",259
"2019-10-20 14:46:33",259
"2019-10-20 16:46:38",259
"2019-10-20 17:46:33",259
"2019-10-20 18:46:35",259
"2019-10-20 19:46:32",259
"2019-10-20 20:46:32",259
"2019-10-20 21:46:32",259
"2019-10-20 22:46:33",259
"2019-10-20 23:46:34",259
"2019-10-21 00:46:35",259
"2019-10-21 01:46:38",259
"2019-10-21 02:46:34",259
"2019-10-21 03:46:34",259
"2019-10-21 04:46:33",259
"2019-10-21 05:46:41",259
"2019-10-21 06:46:34",259
"2019-10-21 07:46:38",259
"2019-10-21 08:46:38",259
"2019-10-21 09:46:35",259
"2019-10-21 10:46:34",259
"2019-10-21 11:46:38",259
"2019-10-21 13:10:06",259
"2019-10-21 13:46:43",259
"2019-10-21 14:46:35",258
"2019-10-21 15:46:37",258
"2019-10-21 16:46:38",258
"2019-10-21 17:46:33",258
"2019-10-21 18:46:35",258
"2019-10-21 19:46:36",258
"2019-10-21 20:46:33",258
"2019-10-21 22:46:40",258
"2019-10-21 23:46:34",258
"2019-10-22 00:46:33",258
"2019-10-22 01:46:36",258
"2019-10-22 02:46:38",258
"2019-10-22 03:46:42",258
"2019-10-22 04:46:39",258
"2019-10-22 05:46:35",258
"2019-10-22 06:46:35",258
"2019-10-22 07:46:41",258
"2019-10-22 08:46:35",258
"2019-10-22 09:46:39",258
"2019-10-22 10:46:34",258
"2019-10-22 11:46:33",258
"2019-10-22 12:46:46",258
"2019-10-22 13:46:35",257
"2019-10-22 14:46:35",257
"2019-10-22 15:46:41",258
"2019-10-22 16:46:41",258
"2019-10-22 17:46:39",257
"2019-10-22 18:46:38",257
"2019-10-22 19:46:34",257
"2019-10-22 20:46:37",258
"2019-10-22 21:46:35",258
"2019-10-22 22:46:37",258
"2019-10-22 23:46:37",258
"2019-10-23 00:46:46",258
"2019-10-23 01:46:39",258
"2019-10-23 02:46:36",258
"2019-10-23 03:46:35",258
"2019-10-23 04:46:42",258
"2019-10-23 05:46:37",258
"2019-10-23 06:46:47",258
"2019-10-23 07:46:39",258
"2019-10-23 08:46:37",258
"2019-10-23 09:46:42",258
"2019-10-23 10:46:36",258
"2019-10-23 11:46:34",258
"2019-10-23 12:46:44",258
"2019-10-23 13:46:43",258
"2019-10-23 14:46:36",258
"2019-10-23 15:46:34",258
"2019-10-23 16:46:39",258
"2019-10-23 17:46:35",258
"2019-10-23 18:46:33",258
"2019-10-23 19:46:34",258
"2019-10-23 20:46:38",258
"2019-10-23 21:46:34",258
"2019-10-23 22:46:35",258
"2019-10-23 23:46:36",258
"2019-10-24 01:02:29",258
"2019-10-24 01:46:37",258
"2019-10-24 02:46:40",258
"2019-10-24 03:46:40",258
"2019-10-24 04:46:35",258
"2019-10-24 05:46:41",258
"2019-10-24 06:46:44",258
"2019-10-24 07:46:36",258
"2019-10-24 08:46:35",258
"2019-10-24 09:46:40",258
"2019-10-24 10:46:34",258
"2019-10-24 11:46:34",258
"2019-10-24 13:10:12",258
"2019-10-24 13:46:36",258
"2019-10-24 14:46:35",258
"2019-10-24 15:46:40",258
"2019-10-24 16:46:36",258
"2019-10-24 17:46:37",258
"2019-10-24 18:46:36",258
"2019-10-24 19:46:40",258
"2019-10-24 20:46:34",258
"2019-10-24 21:46:36",258
"2019-10-24 22:46:35",258
"2019-10-24 23:46:38",258
"2019-10-25 00:46:36",258
"2019-10-25 01:46:37",258
"2019-10-25 02:46:42",258
"2019-10-25 03:46:37",258
"2019-10-25 04:46:34",258
"2019-10-25 05:46:40",258
"2019-10-25 06:46:37",258
"2019-10-25 07:46:39",258
"2019-10-25 08:46:40",258
"2019-10-25 09:46:34",258
"2019-10-25 10:46:34",258
"2019-10-25 11:46:45",258
"2019-10-25 13:10:08",258
"2019-10-25 13:46:41",258
"2019-10-25 14:46:43",258
"2019-10-25 15:46:35",258
"2019-10-25 16:46:43",258
"2019-10-25 17:46:35",258
"2019-10-25 18:46:35",258
"2019-10-25 19:46:35",258
"2019-10-25 20:46:36",258
"2019-10-25 21:46:35",258
"2019-10-25 22:46:36",258
"2019-10-25 23:46:37",258
"2019-10-26 00:46:41",258
"2019-10-26 01:46:43",258
"2019-10-26 02:46:38",258
"2019-10-26 03:46:38",258
"2019-10-26 04:46:42",258
"2019-10-26 05:46:36",258
"2019-10-26 06:46:33",258
"2019-10-26 07:46:44",258
"2019-10-26 08:46:35",258
"2019-10-26 09:46:35",258
"2019-10-26 10:46:34",258
"2019-10-26 11:46:40",258
"2019-10-26 12:46:35",258
"2019-10-26 13:46:40",258
"2019-10-26 14:46:39",258
"2019-10-26 15:46:41",258
"2019-10-26 16:46:38",258
"2019-10-26 17:46:40",258
"2019-10-26 18:46:41",258
"2019-10-26 19:46:40",258
"2019-10-26 20:46:39",258
"2019-10-26 21:46:40",258
"2019-10-26 22:46:37",258
"2019-10-26 23:46:40",258
"2019-10-27 00:46:40",258
"2019-10-27 01:46:36",258
"2019-10-27 02:46:40",258
"2019-10-27 03:46:40",258
"2019-10-27 04:46:35",258
"2019-10-27 05:46:42",258
"2019-10-27 06:46:39",258
"2019-10-27 07:46:35",258
"2019-10-27 08:46:37",258
"2019-10-27 09:46:35",258
"2019-10-27 10:46:34",258
"2019-10-27 11:46:34",258
"2019-10-27 12:46:39",258
"2019-10-27 13:46:36",258
"2019-10-27 14:46:35",258
"2019-10-27 15:46:45",258
"2019-10-27 16:46:35",258
"2019-10-27 17:46:36",258
"2019-10-27 18:46:40",258
"2019-10-27 19:46:39",258
"2019-10-27 20:46:41",258
"2019-10-27 21:46:36",258
"2019-10-27 22:46:35",258
"2019-10-27 23:46:35",258
"2019-10-28 00:46:35",258
"2019-10-28 01:46:36",258
"2019-10-28 02:46:38",258
"2019-10-28 03:46:40",258
"2019-10-28 04:46:34",258
"2019-10-28 05:46:33",258
"2019-10-28 06:46:38",258
"2019-10-28 07:46:37",258
"2019-10-28 08:46:36",258
"2019-10-28 09:46:34",258
"2019-10-28 10:46:41",258
"2019-10-28 11:46:32",258
"2019-10-28 12:46:41",258
"2019-10-28 14:46:40",257
"2019-10-28 15:46:48",257
"2019-10-28 16:46:45",257
"2019-10-28 17:46:39",257
"2019-10-28 18:46:40",257
"2019-10-28 19:46:40",257
"2019-10-28 23:46:38",257
"2019-10-29 00:46:36",257
"2019-10-29 01:46:42",257
"2019-10-29 02:46:39",257
"2019-10-29 03:46:42",257
"2019-10-29 04:46:36",257
"2019-10-29 05:46:39",257
"2019-10-29 06:46:40",257
"2019-10-29 07:46:38",257
"2019-10-29 08:46:39",257
"2019-10-29 09:46:35",257
"2019-10-29 10:46:40",257
"2019-10-29 11:46:36",257
"2019-10-29 12:46:36",257
"2019-10-29 13:46:46",257
"2019-10-29 14:46:36",257
"2019-10-29 15:46:38",257
"2019-10-29 16:46:41",257
"2019-10-29 17:46:35",257
"2019-10-29 18:46:40",257
"2019-10-29 19:46:39",257
"2019-10-29 20:46:35",257
"2019-10-29 21:46:40",257
"2019-10-29 22:46:37",257
"2019-10-29 23:46:37",257
"2019-10-30 00:46:45",257
"2019-10-30 01:46:38",257
"2019-10-30 02:46:36",257
"2019-10-30 03:46:37",257
"2019-10-30 04:46:42",257
"2019-10-30 05:46:43",257
"2019-10-30 06:46:37",257
"2019-10-30 07:46:48",257
"2019-10-30 08:46:37",257
"2019-10-30 09:46:39",257
"2019-10-30 10:46:42",257
"2019-10-30 11:46:34",257
"2019-10-30 13:47:14",257
"2019-10-30 14:46:35",257
"2019-10-30 15:46:34",257
"2019-10-30 16:46:38",258
"2019-10-30 17:46:37",258
"2019-10-30 18:46:35",258
"2019-10-30 19:46:35",259
"2019-10-30 20:46:39",259
"2019-10-30 21:46:36",259
"2019-10-30 22:46:35",259
"2019-10-30 23:46:35",259
"2019-10-31 00:46:36",259
"2019-10-31 01:46:37",259
"2019-10-31 02:46:34",259
"2019-10-31 03:46:39",259
"2019-10-31 04:46:35",259
"2019-10-31 05:46:36",259
"2019-10-31 06:46:40",259
"2019-10-31 07:46:37",259
"2019-10-31 08:46:37",259
"2019-10-31 09:46:41",259
"2019-10-31 10:46:36",259
"2019-10-31 11:46:38",259
"2019-10-31 13:11:42",259
"2019-10-31 13:46:39",259
"2019-10-31 14:46:36",259
"2019-10-31 15:46:40",260
"2019-10-31 16:46:39",260
"2019-10-31 17:46:37",260
"2019-10-31 18:46:35",260
"2019-10-31 19:46:35",260
"2019-10-31 20:46:38",260
"2019-10-31 22:09:41",260
"2019-10-31 22:46:43",260
"2019-10-31 23:46:35",260
"2019-11-01 00:46:36",260
"2019-11-01 01:46:36",260
"2019-11-01 02:46:36",260
"2019-11-01 03:46:41",260
"2019-11-01 04:46:37",260
"2019-11-01 05:46:41",260
"2019-11-01 06:46:35",260
"2019-11-01 07:46:44",260
"2019-11-01 08:46:37",260
"2019-11-01 09:46:40",260
"2019-11-01 10:46:40",260
"2019-11-01 11:46:43",260
"2019-11-01 13:42:49",260
"2019-11-01 13:52:04",260
"2019-11-01 14:46:37",260
"2019-11-01 15:46:35",260
"2019-11-01 16:46:41",260
"2019-11-01 17:46:39",259
"2019-11-01 18:46:44",259
"2019-11-01 19:46:36",259
"2019-11-01 20:46:36",259
"2019-11-01 21:46:34",259
"2019-11-01 22:46:34",259
"2019-11-01 23:46:35",259
"2019-11-02 00:46:40",259
"2019-11-02 01:46:36",259
"2019-11-02 02:46:35",259
"2019-11-02 03:46:42",259
"2019-11-02 04:46:36",259
"2019-11-02 05:46:36",259
"2019-11-02 06:46:39",259
"2019-11-02 07:46:35",259
"2019-11-02 08:46:35",259
"2019-11-02 09:46:34",259
"2019-11-02 10:46:39",259
"2019-11-02 11:46:34",259
"2019-11-02 12:46:42",259
"2019-11-02 13:46:36",259
"2019-11-02 14:46:38",259
"2019-11-02 15:46:40",259
"2019-11-02 16:46:35",259
"2019-11-02 17:46:36",259
"2019-11-02 18:46:37",259
"2019-11-02 19:46:35",259
"2019-11-02 20:46:35",259
"2019-11-02 23:46:38",259
"2019-11-03 00:46:34",259
"2019-11-03 01:46:37",259
"2019-11-03 03:46:38",259
"2019-11-03 05:46:39",259
"2019-11-03 06:46:35",259
"2019-11-03 07:46:36",259
"2019-11-03 21:46:39",259
"2019-11-03 22:46:34",259
"2019-11-03 23:46:40",259
"2019-11-04 00:46:35",259
"2019-11-04 01:46:36",259
"2019-11-04 02:46:35",259
"2019-11-04 03:46:35",259
"2019-11-04 04:46:34",259
"2019-11-04 05:46:39",259
"2019-11-04 06:46:36",259
"2019-11-04 07:46:33",259
"2019-11-04 08:46:35",259
"2019-11-04 09:46:38",259
"2019-11-04 10:46:34",259
"2019-11-04 11:46:33",259
"2019-11-04 12:46:34",259
"2019-11-04 14:12:08",259
"2019-11-04 15:46:35",259
"2019-11-04 16:46:37",259
"2019-11-04 17:46:36",260
"2019-11-04 18:46:35",260
"2019-11-04 19:46:38",260
"2019-11-04 20:46:35",260
"2019-11-04 21:46:36",259
"2019-11-04 22:46:36",259
"2019-11-04 23:46:36",259
"2019-11-05 00:46:38",259
"2019-11-05 01:46:37",259
"2019-11-05 02:46:41",259
"2019-11-05 03:46:37",259
"2019-11-05 04:46:35",259
"2019-11-05 05:46:40",259
"2019-11-05 06:46:36",259
"2019-11-05 07:46:35",259
"2019-11-05 08:46:37",259
"2019-11-05 09:46:39",259
"2019-11-05 10:46:36",259
"2019-11-05 11:46:36",259
"2019-11-05 12:46:36",259
"2019-11-05 14:12:09",259
"2019-11-05 14:46:42",259
"2019-11-05 15:46:36",259
"2019-11-05 16:46:36",260
"2019-11-05 17:46:36",260
"2019-11-05 18:46:35",260
"2019-11-05 19:46:38",260
"2019-11-05 20:46:39",260
"2019-11-05 21:46:36",260
"2019-11-05 22:46:37",260
"2019-11-05 23:46:35",260
"2019-11-06 00:46:35",260
"2019-11-06 01:46:37",260
"2019-11-06 02:47:08",260
"2019-11-06 03:46:38",260
"2019-11-06 04:46:42",260
"2019-11-06 05:46:37",260
"2019-11-06 06:46:43",260
"2019-11-06 07:46:35",260
"2019-11-06 08:46:37",260
"2019-11-06 09:46:39",260
"2019-11-06 10:46:40",260
"2019-11-06 11:46:36",260
"2019-11-06 12:46:36",260
"2019-11-06 13:46:37",260
"2019-11-06 14:46:44",260
"2019-11-06 15:46:39",260
"2019-11-06 16:46:40",260
"2019-11-06 17:46:39",259
"2019-11-06 18:46:40",259
"2019-11-06 19:46:39",259
"2019-11-06 20:46:43",259
"2019-11-06 21:46:40",259
"2019-11-06 22:46:39",259
"2019-11-06 23:46:39",259
"2019-11-07 00:46:37",259
"2019-11-07 01:46:37",259
"2019-11-07 02:46:39",259
"2019-11-07 03:46:38",259
"2019-11-07 04:46:42",259
"2019-11-07 05:46:38",259
"2019-11-07 06:46:36",259
"2019-11-07 07:46:38",259
"2019-11-07 08:46:37",259
"2019-11-07 09:46:38",259
"2019-11-07 10:46:34",259
"2019-11-07 11:46:35",259
"2019-11-07 12:46:36",259
"2019-11-07 14:10:39",259
"2019-11-07 14:47:11",259
"2019-11-07 15:46:41",259
"2019-11-07 16:46:41",259
"2019-11-07 17:46:41",259
"2019-11-07 18:46:40",259
"2019-11-07 19:46:40",258
"2019-11-07 21:11:15",258
"2019-11-07 21:46:41",258
"2019-11-07 22:46:44",258
"2019-11-07 23:46:45",258
"2019-11-08 00:46:48",258
"2019-11-08 01:46:43",258
"2019-11-08 02:46:50",258
"2019-11-08 03:46:46",258
"2019-11-08 04:46:45",258
"2019-11-08 05:46:48",258
"2019-11-08 06:46:41",258
"2019-11-08 07:46:42",258
"2019-11-08 08:46:49",258
"2019-11-08 09:46:44",258
"2019-11-08 10:46:44",258
"2019-11-08 11:46:41",258
"2019-11-08 12:46:42",258
"2019-11-08 14:12:19",258
"2019-11-08 14:47:19",258
"2019-11-08 15:46:43",258
"2019-11-08 16:46:43",259
"2019-11-08 17:46:44",258
"2019-11-08 18:46:44",258
"2019-11-08 19:46:49",259
"2019-11-08 20:46:43",259
"2019-11-08 21:46:46",259
"2019-11-08 22:46:44",259
"2019-11-08 23:46:45",259
"2019-11-09 00:46:46",259
"2019-11-09 01:46:45",259
"2019-11-09 02:46:45",259
"2019-11-09 03:46:44",259
"2019-11-09 04:46:47",259
"2019-11-09 05:46:42",259
"2019-11-09 06:46:43",259
"2019-11-09 07:46:46",259
"2019-11-09 08:46:46",259
"2019-11-09 09:46:44",259
"2019-11-09 10:46:42",259
"2019-11-09 11:46:48",259
"2019-11-09 12:46:44",259
"2019-11-09 13:46:42",259
"2019-11-09 14:46:47",259
"2019-11-09 15:46:48",259
"2019-11-09 16:46:44",259
"2019-11-09 18:46:42",259
"2019-11-09 19:46:44",259
"2019-11-09 20:46:48",259
"2019-11-09 21:46:43",259
"2019-11-09 22:46:48",259
"2019-11-09 23:46:44",259
"2019-11-10 00:46:43",259
"2019-11-10 01:46:44",259
"2019-11-10 02:46:47",259
"2019-11-10 03:46:42",259
"2019-11-10 04:46:44",259
"2019-11-10 05:46:44",259
"2019-11-10 06:46:42",259
"2019-11-10 07:46:41",259
"2019-11-10 08:46:48",259
"2019-11-10 09:46:46",259
"2019-11-10 10:46:41",259
"2019-11-10 11:46:42",259
"2019-11-10 12:46:44",259
"2019-11-10 13:46:42",259
"2019-11-10 14:46:41",259
"2019-11-10 15:46:47",259
"2019-11-10 16:46:42",259
"2019-11-10 17:46:44",259
"2019-11-10 18:46:45",259
"2019-11-10 19:46:42",259
"2019-11-10 20:46:43",259
"2019-11-10 21:46:41",259
"2019-11-10 22:46:45",259
"2019-11-10 23:46:46",259
"2019-11-11 00:46:43",259
"2019-11-11 01:46:47",259
"2019-11-11 02:46:45",259
"2019-11-11 03:46:45",259
"2019-11-11 04:46:46",259
"2019-11-11 05:46:48",259
"2019-11-11 06:46:43",259
"2019-11-11 07:46:45",259
"2019-11-11 08:46:49",259
"2019-11-11 09:46:47",259
"2019-11-11 10:46:46",259
"2019-11-11 11:46:43",259
"2019-11-11 12:46:46",259
"2019-11-11 13:46:46",259
"2019-11-11 14:46:50",259
"2019-11-11 15:46:51",259
"2019-11-11 16:46:46",259
"2019-11-11 17:46:48",259
"2019-11-11 18:46:51",259
"2019-11-11 19:46:46",259
"2019-11-11 21:46:46",260
"2019-11-11 22:46:43",260
"2019-11-11 23:46:44",260
"2019-11-12 00:46:41",260
"2019-11-12 01:46:42",260
"2019-11-12 02:46:50",260
"2019-11-12 03:46:44",260
"2019-11-12 04:46:42",260
"2019-11-12 05:46:47",260
"2019-11-12 06:46:43",260
"2019-11-12 07:46:47",260
"2019-11-12 08:46:43",260
"2019-11-12 09:46:42",260
"2019-11-12 10:46:41",260
"2019-11-12 11:46:47",260
"2019-11-12 12:46:48",260
"2019-11-12 14:10:47",260
"2019-11-12 14:46:50",260
"2019-11-12 15:46:43",261
"2019-11-12 16:46:44",261
"2019-11-12 17:46:47",261
"2019-11-12 18:46:48",262
"2019-11-12 19:46:42",262
"2019-11-12 20:46:41",262
"2019-11-12 21:46:43",262
"2019-11-12 22:46:48",262
"2019-11-12 23:46:44",262
"2019-11-13 00:46:50",262
"2019-11-13 01:46:43",262
"2019-11-13 02:46:45",262
"2019-11-13 03:46:47",262
"2019-11-13 04:46:44",262
"2019-11-13 05:46:54",262
"2019-11-13 06:46:43",262
"2019-11-13 07:46:51",262
"2019-11-13 08:46:47",262
"2019-11-13 09:46:44",262
"2019-11-13 10:46:43",262
"2019-11-13 11:46:50",262
"2019-11-13 12:46:42",262
"2019-11-13 13:46:43",262
"2019-11-13 15:46:51",262
"2019-11-13 16:46:44",262
"2019-11-13 17:46:45",262
"2019-11-13 18:46:49",262
"2019-11-13 19:46:44",262
"2019-11-13 20:46:43",262
"2019-11-13 21:46:43",262
"2019-11-13 22:46:45",262
"2019-11-13 23:46:46",262
"2019-11-14 00:46:44",262
"2019-11-14 01:46:43",262
"2019-11-14 02:46:51",262
"2019-11-14 03:46:42",262
"2019-11-14 04:46:43",262
"2019-11-14 05:46:50",262
"2019-11-14 06:46:42",262
"2019-11-14 07:46:51",262
"2019-11-14 08:46:47",262
"2019-11-14 09:46:48",262
"2019-11-14 10:46:47",262
"2019-11-14 11:46:50",262
"2019-11-14 12:46:42",262
"2019-11-14 14:10:25",262
"2019-11-14 14:46:47",262
"2019-11-14 15:46:44",262
"2019-11-14 17:46:46",260
"2019-11-14 18:46:43",260
"2019-11-14 19:46:44",260
"2019-11-14 20:46:45",260
"2019-11-14 21:46:51",260
"2019-11-14 22:46:42",260
"2019-11-14 23:46:45",260
"2019-11-15 00:46:44",260
"2019-11-15 01:46:45",260
"2019-11-15 02:46:43",260
"2019-11-15 03:46:45",260
"2019-11-15 04:46:46",260
"2019-11-15 05:46:46",260
"2019-11-15 06:46:47",260
"2019-11-15 07:46:43",260
"2019-11-15 08:46:54",260
"2019-11-15 09:46:43",260
"2019-11-15 10:46:43",260
"2019-11-15 11:46:42",260
"2019-11-15 12:46:49",260
"2019-11-15 14:13:16",260
"2019-11-15 15:46:52",260
"2019-11-15 16:46:43",260
"2019-11-15 17:46:44",259
"2019-11-15 18:46:52",259
"2019-11-15 19:46:47",259
"2019-11-15 20:46:49",259
"2019-11-15 21:46:41",259
"2019-11-15 22:46:44",259
"2019-11-15 23:46:45",259
"2019-11-16 00:46:46",259
"2019-11-16 01:46:42",259
"2019-11-16 02:46:45",259
"2019-11-16 03:46:42",259
"2019-11-16 04:46:45",259
"2019-11-16 05:46:43",259
"2019-11-16 06:46:45",259
"2019-11-16 07:46:43",259
"2019-11-16 08:46:45",259
"2019-11-16 09:46:50",259
"2019-11-16 10:46:41",259
"2019-11-16 11:46:42",259
"2019-11-16 12:46:48",259
"2019-11-16 13:46:47",259
"2019-11-16 14:46:44",259
"2019-11-16 15:46:43",259
"2019-11-16 16:46:43",259
"2019-11-16 17:46:46",259
"2019-11-16 18:46:42",259
"2019-11-16 19:46:42",259
"2019-11-16 20:46:40",259
"2019-11-16 21:46:41",259
"2019-11-16 22:46:42",259
"2019-11-16 23:46:40",259
"2019-11-17 00:46:41",259
"2019-11-17 01:46:40",259
"2019-11-17 02:46:46",259
"2019-11-17 03:46:41",259
"2019-11-17 04:46:43",259
"2019-11-17 05:46:43",259
"2019-11-17 06:46:44",259
"2019-11-17 07:46:45",259
"2019-11-17 08:46:42",259
"2019-11-17 10:46:49",259
"2019-11-17 11:46:46",259
"2019-11-17 12:46:42",259
"2019-11-17 13:46:43",259
"2019-11-17 14:46:41",259
"2019-11-17 15:46:40",259
"2019-11-17 16:46:44",259
"2019-11-17 17:46:39",259
"2019-11-17 18:46:40",259
"2019-11-17 19:46:41",259
"2019-11-17 20:46:46",259
"2019-11-17 21:46:46",259
"2019-11-17 22:46:43",259
"2019-11-17 23:46:46",259
"2019-11-18 00:46:40",259
"2019-11-18 01:46:40",259
"2019-11-18 02:46:43",259
"2019-11-18 03:46:41",259
"2019-11-18 04:46:40",259
"2019-11-18 05:46:43",259
"2019-11-18 06:46:39",259
"2019-11-18 07:46:42",259
"2019-11-18 08:46:49",259
"2019-11-18 09:46:49",259
"2019-11-18 10:46:44",259
"2019-11-18 11:46:41",259
"2019-11-18 12:46:44",259
"2019-11-18 14:11:49",259
"2019-11-18 14:46:43",259
"2019-11-18 15:46:48",259
"2019-11-18 16:46:46",259
"2019-11-18 17:46:48",260
"2019-11-18 18:46:47",260
"2019-11-18 19:46:43",261
"2019-11-18 20:46:48",262
"2019-11-18 21:46:45",262
"2019-11-18 22:46:41",262
"2019-11-18 23:46:45",262
"2019-11-19 00:46:43",262
"2019-11-19 01:46:43",262
"2019-11-19 02:46:42",262
"2019-11-19 03:46:42",262
"2019-11-19 04:46:44",262
"2019-11-19 05:46:40",262
"2019-11-19 06:46:44",262
"2019-11-19 07:46:41",262
"2019-11-19 08:46:43",262
"2019-11-19 09:46:49",262
"2019-11-19 10:46:42",262
"2019-11-19 11:46:41",262
"2019-11-19 12:46:42",262
"2019-11-19 14:11:49",262
"2019-11-19 14:46:45",262
"2019-11-19 15:46:45",263
"2019-11-19 16:46:42",262
"2019-11-19 17:46:50",262
"2019-11-19 18:46:41",262
"2019-11-19 19:46:45",261
"2019-11-19 20:46:45",261
"2019-11-19 21:46:47",261
"2019-11-19 22:46:44",261
"2019-11-19 23:46:44",261
"2019-11-20 00:46:45",261
"2019-11-20 01:46:44",261
"2019-11-20 02:46:45",261
"2019-11-20 03:46:45",261
"2019-11-20 04:46:44",261
"2019-11-20 05:46:45",261
"2019-11-20 06:46:45",261
"2019-11-20 07:46:46",261
"2019-11-20 08:46:51",261
"2019-11-20 09:46:55",261
"2019-11-20 10:46:55",261
"2019-11-20 11:46:52",261
"2019-11-20 12:46:52",261
"2019-11-20 14:11:24",261
"2019-11-20 14:46:53",261
"2019-11-20 15:46:50",262
"2019-11-20 16:46:51",262
"2019-11-20 22:46:48",264
"2019-11-20 23:46:42",264
"2019-11-21 00:46:41",264
"2019-11-21 01:46:42",264
"2019-11-21 02:46:45",264
"2019-11-21 03:46:43",264
"2019-11-21 04:46:41",264
"2019-11-21 05:46:44",264
"2019-11-21 06:46:46",264
"2019-11-21 07:46:40",264
"2019-11-21 08:46:41",264
"2019-11-21 09:46:43",264
"2019-11-21 10:46:43",264
"2019-11-21 11:46:43",264
"2019-11-21 12:46:41",264
"2019-11-21 14:10:45",264
"2019-11-21 14:46:48",264
"2019-11-21 15:46:42",264
"2019-11-21 16:46:43",264
"2019-11-21 17:46:44",264
"2019-11-21 18:46:40",264
"2019-11-21 19:46:41",264
"2019-11-21 20:46:41",264
"2019-11-21 21:46:42",264
"2019-11-21 22:46:42",264
"2019-11-21 23:46:42",264
"2019-11-22 00:46:42",264
"2019-11-22 01:46:46",264
"2019-11-22 02:46:42",264
"2019-11-22 03:46:42",264
"2019-11-22 04:46:41",264
"2019-11-22 05:46:46",264
"2019-11-22 06:46:43",264
"2019-11-22 07:46:46",264
"2019-11-22 08:46:50",264
"2019-11-22 09:46:49",264
"2019-11-22 10:46:48",264
"2019-11-22 11:46:43",264
"2019-11-22 12:47:43",264
"2019-11-22 13:46:40",264
"2019-11-22 14:46:44",264
"2019-11-22 15:46:39",264
"2019-11-22 16:46:40",264
"2019-11-22 17:46:45",263
"2019-11-22 18:46:45",262
"2019-11-22 19:46:41",262
"2019-11-22 20:46:42",262
"2019-11-22 21:46:41",262
"2019-11-22 22:46:40",262
"2019-11-22 23:46:43",262
"2019-11-23 00:46:49",262
"2019-11-23 01:46:41",262
"2019-11-23 02:46:40",262
"2019-11-23 03:46:40",262
"2019-11-23 04:46:47",262
"2019-11-23 05:46:41",262
"2019-11-23 06:46:43",262
"2019-11-23 07:46:43",262
"2019-11-23 08:46:44",262
"2019-11-23 09:46:45",262
"2019-11-23 10:46:44",262
"2019-11-23 11:46:39",262
"2019-11-23 12:46:40",262
"2019-11-23 13:46:41",262
"2019-11-23 14:46:41",262
"2019-11-23 15:46:41",262
"2019-11-23 16:46:40",262
"2019-11-23 17:46:42",262
"2019-11-23 18:46:41",262
"2019-11-23 19:46:42",262
"2019-11-23 20:46:38",262
"2019-11-23 21:46:42",262
"2019-11-23 22:46:38",262
"2019-11-23 23:46:39",262
"2019-11-24 00:46:43",262
"2019-11-24 01:46:39",262
"2019-11-24 02:46:39",262
"2019-11-24 03:46:39",262
"2019-11-24 04:46:38",262
"2019-11-24 05:46:39",262
"2019-11-24 06:46:40",262
"2019-11-24 07:46:37",262
"2019-11-24 08:46:42",262
"2019-11-24 09:46:45",262
"2019-11-24 10:46:43",262
"2019-11-24 11:46:40",262
"2019-11-24 12:46:38",262
"2019-11-24 13:46:37",262
"2019-11-24 14:46:40",262
"2019-11-24 15:46:41",262
"2019-11-24 16:46:40",262
"2019-11-24 17:46:39",262
"2019-11-24 18:46:42",262
"2019-11-24 19:46:39",262
"2019-11-24 20:46:42",262
"2019-11-24 21:46:39",262
"2019-11-24 22:46:45",262
"2019-11-24 23:46:40",262
"2019-11-25 00:46:41",262
"2019-11-25 01:46:44",262
"2019-11-25 02:46:41",262
"2019-11-25 04:46:39",262
"2019-11-25 05:46:41",262
"2019-11-25 06:46:40",262
"2019-11-25 07:46:41",262
"2019-11-25 08:46:47",262
"2019-11-25 09:46:47",262
"2019-11-25 10:46:46",262
"2019-11-25 11:46:44",262
"2019-11-25 12:46:45",262
"2019-11-25 13:46:40",262
"2019-11-25 14:46:42",262
"2019-11-25 15:46:45",262
"2019-11-25 16:46:41",261
"2019-11-25 17:46:47",261
"2019-11-25 18:46:40",261
"2019-11-25 19:46:43",260
"2019-11-25 20:46:43",260
"2019-11-25 21:46:40",260
"2019-11-25 22:46:48",260
"2019-11-25 23:46:42",260
"2019-11-26 00:46:44",260
"2019-11-26 01:46:42",260
"2019-11-26 02:46:44",260
"2019-11-26 03:46:44",260
"2019-11-26 04:46:41",260
"2019-11-26 05:46:47",260
"2019-11-26 06:46:52",260
"2019-11-26 07:46:43",260
"2019-11-26 08:46:47",260
"2019-11-26 20:46:48",260
"2019-11-26 21:46:44",260
"2019-11-26 22:46:49",260
"2019-11-26 23:46:43",260
"2019-11-27 00:46:47",260
"2019-11-27 01:46:43",260
"2019-11-27 02:46:41",260
"2019-11-27 03:46:44",260
"2019-11-27 04:46:42",260
"2019-11-27 05:46:45",260
"2019-11-27 06:46:45",260
"2019-11-27 07:46:43",260
"2019-11-27 08:46:51",260
"2019-11-27 09:46:52",260
"2019-11-27 10:46:41",260
"2019-11-27 11:46:39",260
"2019-11-27 12:46:49",260
"2019-11-27 13:46:42",260
"2019-11-27 14:46:45",260
"2019-11-27 15:46:50",260
"2019-11-27 16:46:46",260
"2019-11-27 17:46:43",260
"2019-11-27 18:46:46",260
"2019-11-27 19:46:45",260
"2019-11-27 20:46:42",260
"2019-11-27 21:46:42",260
"2019-11-27 22:46:45",260
"2019-11-27 23:46:44",260
"2019-11-28 00:46:44",260
"2019-11-28 01:46:45",260
"2019-11-28 02:46:49",260
"2019-11-28 03:46:46",260
"2019-11-28 04:46:45",260
"2019-11-28 05:46:42",260
"2019-11-28 06:46:43",260
"2019-11-28 07:46:46",260
"2019-11-28 08:46:45",260
"2019-11-28 09:46:52",260
"2019-11-28 10:46:48",260
"2019-11-28 11:46:43",260
"2019-11-28 12:46:42",260
"2019-11-28 13:46:41",260
"2019-11-28 14:46:42",260
"2019-11-28 15:46:43",260
"2019-11-28 16:46:42",260
"2019-11-28 17:46:44",260
"2019-11-28 18:46:43",260
"2019-11-28 19:46:41",260
"2019-11-28 20:46:40",260
"2019-11-28 21:46:42",260
"2019-11-28 22:46:41",260
"2019-11-28 23:46:43",260
"2019-11-29 00:46:42",260
"2019-11-29 01:46:42",260
"2019-11-29 02:46:42",260
"2019-11-29 04:46:46",260
"2019-11-29 05:46:46",260
"2019-11-29 06:46:42",260
"2019-11-29 07:46:46",260
"2019-11-29 08:46:55",260
"2019-11-29 09:46:58",260
"2019-11-29 10:47:06",260
"2019-11-29 11:46:50",260
"2019-11-29 12:46:50",260
"2019-11-29 13:46:53",260
"2019-11-29 14:46:55",260
"2019-11-29 15:46:51",260
"2019-11-29 16:46:55",260
"2019-11-29 17:46:57",260
"2019-11-29 18:46:53",260
"2019-11-29 20:46:51",260
"2019-11-29 21:46:42",259
"2019-11-29 22:46:53",259
"2019-11-29 23:46:49",259
"2019-11-30 00:46:45",259
"2019-11-30 01:46:43",259
"2019-11-30 02:46:45",259
"2019-11-30 03:46:47",259
"2019-11-30 04:46:48",259
"2019-11-30 05:46:51",259
"2019-11-30 06:46:48",259
"2019-11-30 07:46:48",259
"2019-11-30 08:46:46",259
"2019-11-30 21:47:17",259
"2019-11-30 22:46:54",259
"2019-11-30 23:46:47",259
"2019-12-01 00:46:49",259
"2019-12-01 01:46:43",259
"2019-12-01 02:46:53",259
"2019-12-01 22:46:59",259
"2019-12-01 23:46:43",259
"2019-12-02 00:46:41",259
"2019-12-02 01:46:49",259
"2019-12-02 02:46:46",259
"2019-12-02 06:21:02",259
"2019-12-02 06:49:39",259
"2019-12-02 07:49:42",259
"2019-12-02 08:49:33",259
"2019-12-02 09:49:33",259
"2019-12-02 10:49:35",259
"2019-12-02 11:49:35",259
"2019-12-02 12:49:30",259
"2019-12-02 14:11:31",259
"2019-12-02 14:49:40",259
"2019-12-02 15:49:44",259
"2019-12-02 16:49:36",258
"2019-12-02 17:50:06",258
"2019-12-02 18:50:00",258
"2019-12-02 19:50:04",258
"2019-12-02 20:49:57",259
"2019-12-02 21:50:02",259
"2019-12-02 22:50:31",259
"2019-12-02 23:50:04",259
"2019-12-03 00:49:42",259
"2019-12-03 01:50:05",259
"2019-12-03 02:49:56",259
"2019-12-03 03:50:02",259
"2019-12-03 04:50:03",259
"2019-12-03 05:50:06",259
"2019-12-03 06:49:37",259
"2019-12-03 07:49:34",259
"2019-12-03 08:49:34",259
"2019-12-03 09:49:57",259
"2019-12-03 10:50:03",259
"2019-12-03 11:49:43",259
"2019-12-03 12:49:31",259
"2019-12-03 13:49:27",259
"2019-12-03 14:50:04",259
"2019-12-03 15:49:34",258
"2019-12-03 16:50:03",258
"2019-12-03 17:49:59",258
"2019-12-03 18:49:58",259
"2019-12-03 19:49:57",259
"2019-12-03 20:49:58",259
"2019-12-03 21:50:36",259
"2019-12-03 22:50:01",259
"2019-12-03 23:50:26",259
"2019-12-04 00:50:45",259
"2019-12-04 01:50:46",259
"2019-12-04 02:50:26",259
"2019-12-04 03:50:12",259
"2019-12-04 04:50:09",259
"2019-12-04 06:50:14",259
"2019-12-04 07:50:09",259
"2019-12-04 08:49:45",259
"2019-12-04 09:49:47",259
"2019-12-04 10:49:42",259
"2019-12-04 11:49:46",259
"2019-12-04 12:49:44",259
"2019-12-04 14:11:03",259
"2019-12-04 14:50:20",259
"2019-12-04 15:50:16",258
"2019-12-04 16:50:08",258
"2019-12-04 17:50:10",259
"2019-12-04 18:50:09",260
"2019-12-04 19:50:12",260
"2019-12-04 20:50:07",260
"2019-12-04 21:50:02",259
"2019-12-04 22:50:01",259
"2019-12-04 23:50:03",259
"2019-12-05 00:50:08",259
"2019-12-05 01:50:08",259
"2019-12-05 02:50:06",259
"2019-12-05 03:50:07",259
"2019-12-05 04:50:05",259
"2019-12-05 06:50:06",259
"2019-12-05 07:49:37",259
"2019-12-05 08:50:04",259
"2019-12-05 09:49:32",259
"2019-12-05 10:49:32",259
"2019-12-05 11:49:33",259
"2019-12-05 12:49:31",259
"2019-12-05 13:50:01",259
"2019-12-05 14:50:09",259
"2019-12-05 15:50:00",259
"2019-12-05 16:50:02",259
"2019-12-05 17:50:02",259
"2019-12-05 18:50:03",260
"2019-12-05 20:11:33",260
"2019-12-05 20:50:15",260
"2019-12-05 21:50:00",260
"2019-12-05 22:50:02",260
"2019-12-05 23:49:39",260
"2019-12-06 00:50:03",260
"2019-12-06 01:50:00",260
"2019-12-06 02:50:09",260
"2019-12-06 03:50:04",260
"2019-12-06 04:50:00",260
"2019-12-06 05:50:18",260
"2019-12-06 06:50:19",260
"2019-12-06 07:50:09",260
"2019-12-06 08:50:05",260
"2019-12-06 09:49:54",260
"2019-12-06 10:50:04",260
"2019-12-06 11:49:54",260
"2019-12-06 12:49:45",260
"2019-12-06 13:51:41",260
"2019-12-06 14:50:14",260
"2019-12-06 15:50:42",260
"2019-12-06 16:50:07",260
"2019-12-06 17:50:02",261
"2019-12-06 18:50:02",260
"2019-12-06 19:50:06",260
"2019-12-06 20:50:03",260
"2019-12-06 21:49:31",259
"2019-12-06 22:49:35",259
"2019-12-06 23:49:38",259
"2019-12-07 00:49:50",259
"2019-12-07 01:50:47",259
"2019-12-07 02:50:07",259
"2019-12-07 03:50:04",259
"2019-12-07 04:49:43",259
"2019-12-07 05:50:29",259
"2019-12-07 06:49:36",259
"2019-12-07 07:49:40",259
"2019-12-07 08:49:36",259
"2019-12-07 09:49:35",259
"2019-12-07 10:49:34",259
"2019-12-07 11:49:33",259
"2019-12-07 12:49:51",259
"2019-12-07 13:50:43",259
"2019-12-07 14:50:08",259
"2019-12-07 15:50:10",259
"2019-12-07 16:50:05",259
"2019-12-07 17:50:10",259
"2019-12-07 18:50:05",259
"2019-12-07 19:49:38",259
"2019-12-07 20:50:05",259
"2019-12-07 21:50:10",259
"2019-12-07 22:49:42",259
"2019-12-07 23:49:37",259
"2019-12-08 00:50:00",259
"2019-12-08 01:49:35",259
"2019-12-08 02:50:08",259
"2019-12-08 03:50:05",259
"2019-12-08 04:50:01",259
"2019-12-08 05:50:09",259
"2019-12-08 06:50:08",259
"2019-12-08 07:50:04",259
"2019-12-08 08:50:03",259
"2019-12-08 09:50:01",259
"2019-12-08 10:50:04",259
"2019-12-08 11:49:35",259
"2019-12-08 12:49:45",259
"2019-12-08 13:49:58",259
"2019-12-08 14:50:00",259
"2019-12-08 15:49:38",259
"2019-12-08 16:50:03",259
"2019-12-08 17:50:08",259
"2019-12-08 18:49:35",259
"2019-12-08 19:49:58",259
"2019-12-08 20:49:59",259
"2019-12-08 21:50:06",259
"2019-12-08 22:50:07",259
"2019-12-08 23:50:05",259
"2019-12-09 00:50:04",259
"2019-12-09 01:49:34",259
"2019-12-09 02:50:05",259
"2019-12-09 03:50:13",259
"2019-12-09 04:49:39",259
"2019-12-09 05:49:44",259
"2019-12-09 06:50:04",259
"2019-12-09 07:49:42",259
"2019-12-09 08:49:41",259
"2019-12-09 09:49:33",259
"2019-12-09 10:49:37",259
"2019-12-09 11:49:31",259
"2019-12-09 12:49:47",259
"2019-12-09 14:12:03",259
"2019-12-09 14:49:51",259
"2019-12-09 15:49:53",260
"2019-12-09 16:50:18",260
"2019-12-09 17:50:24",260
"2019-12-09 18:49:52",260
"2019-12-09 19:49:35",260
"2019-12-09 20:50:17",259
"2019-12-09 21:50:10",259
"2019-12-09 22:49:37",259
"2019-12-09 23:50:00",259
"2019-12-10 00:50:20",259
"2019-12-10 01:50:03",259
"2019-12-10 02:50:08",259
"2019-12-10 03:50:14",259
"2019-12-10 04:50:06",259
"2019-12-10 05:50:16",259
"2019-12-10 06:50:10",259
"2019-12-10 07:50:05",259
"2019-12-10 08:50:10",259
"2019-12-10 09:49:38",259
"2019-12-10 10:49:38",259
"2019-12-10 11:49:35",259
"2019-12-10 12:50:13",259
"2019-12-10 13:49:36",259
"2019-12-10 14:49:43",259
"2019-12-10 15:49:44",259
"2019-12-10 16:50:20",259
"2019-12-10 17:50:03",260
"2019-12-10 18:50:04",260
"2019-12-10 19:49:40",260
"2019-12-10 20:50:04",259
"2019-12-10 21:50:03",259
"2019-12-10 22:50:11",259
"2019-12-10 23:50:19",259
"2019-12-11 00:50:17",259
"2019-12-11 01:50:21",259
"2019-12-11 02:50:33",259
"2019-12-11 03:50:06",259
"2019-12-11 04:50:19",259
"2019-12-11 05:50:15",259
"2019-12-11 06:49:49",259
"2019-12-11 07:49:49",259
"2019-12-11 08:50:06",259
"2019-12-11 09:49:48",259
"2019-12-11 10:49:51",259
"2019-12-11 11:50:02",259
"2019-12-11 12:50:13",259
"2019-12-11 13:49:58",259
"2019-12-11 14:50:43",259
"2019-12-11 15:49:56",259
"2019-12-11 16:50:18",259
"2019-12-11 17:50:33",259
"2019-12-11 18:50:19",259
"2019-12-11 19:50:25",259
"2019-12-11 20:50:26",259
"2019-12-11 21:50:10",259
"2019-12-11 22:50:14",259
"2019-12-11 23:50:25",259
"2019-12-12 00:49:53",259
"2019-12-12 01:50:42",259
"2019-12-12 02:50:18",259
"2019-12-12 03:49:56",259
"2019-12-12 04:50:16",259
"2019-12-12 05:50:14",259
"2019-12-12 06:50:21",259
"2019-12-12 07:50:12",259
"2019-12-12 08:49:49",259
"2019-12-12 09:50:10",259
"2019-12-12 10:50:12",259
"2019-12-12 11:49:50",259
"2019-12-12 12:49:51",259
"2019-12-12 14:10:33",259
"2019-12-12 15:49:57",259
"2019-12-12 16:50:19",259
"2019-12-12 17:49:51",260
"2019-12-12 18:49:53",260
"2019-12-12 19:49:57",260
"2019-12-12 20:50:03",260
"2019-12-12 21:49:53",260
"2019-12-12 22:49:52",260
"2019-12-12 23:50:02",260
"2019-12-13 00:51:09",260
"2019-12-13 01:51:46",260
"2019-12-13 02:51:27",260
"2019-12-13 03:51:48",260
"2019-12-13 04:51:43",260
"2019-12-13 05:51:55",260
"2019-12-13 06:52:14",260
"2019-12-13 08:51:16",260
"2019-12-13 09:51:26",260
"2019-12-13 10:50:47",260
"2019-12-13 11:51:04",260
"2019-12-13 12:51:21",260
"2019-12-13 14:42:43",260
"2019-12-13 14:52:24",260
"2019-12-13 15:51:57",261
"2019-12-13 16:51:32",261
"2019-12-13 17:51:40",261
"2019-12-13 18:51:35",261
"2019-12-13 19:51:27",261
"2019-12-13 20:52:09",262
"2019-12-13 21:51:23",262
"2019-12-13 22:51:14",262
"2019-12-13 23:51:03",262
"2019-12-14 00:51:17",262
"2019-12-14 01:51:22",262
"2019-12-14 02:51:23",262
"2019-12-14 04:51:26",262
"2019-12-14 05:51:33",262
"2019-12-14 06:51:20",262
"2019-12-14 07:50:48",262
"2019-12-14 08:51:09",262
"2019-12-14 09:50:53",262
"2019-12-14 11:51:04",262
"2019-12-14 12:50:54",262
"2019-12-14 13:51:46",262
"2019-12-14 14:51:14",262
"2019-12-14 15:51:24",262
"2019-12-14 16:51:33",262
"2019-12-14 17:51:17",262
"2019-12-14 18:51:42",262
"2019-12-14 19:51:15",262
"2019-12-14 22:51:36",262
"2019-12-14 23:51:09",262
"2019-12-15 00:51:31",262
"2019-12-15 01:51:56",262
"2019-12-15 02:51:32",262
"2019-12-15 03:51:17",262
"2019-12-15 04:51:35",262
"2019-12-15 05:50:51",262
"2019-12-15 06:51:23",262
"2019-12-15 07:50:57",262
"2019-12-15 08:50:59",262
"2019-12-15 09:50:40",262
"2019-12-15 10:50:44",262
"2019-12-15 11:51:03",262
"2019-12-15 13:50:56",262
"2019-12-15 14:50:57",262
"2019-12-15 15:51:41",262
"2019-12-15 17:51:32",262
"2019-12-15 19:51:23",262
"2019-12-15 20:51:22",262
"2019-12-15 21:51:16",262
"2019-12-15 22:51:06",262
"2019-12-15 23:51:35",262
"2019-12-16 00:51:18",262
"2019-12-16 01:51:34",262
"2019-12-16 02:51:20",262
"2019-12-16 04:52:15",262
"2019-12-16 05:51:38",262
"2019-12-16 06:51:41",262
"2019-12-16 07:50:58",262
"2019-12-16 08:50:44",262
"2019-12-16 09:50:57",262
"2019-12-16 10:50:57",262
"2019-12-16 11:51:10",262
"2019-12-16 12:51:13",262
"2019-12-16 13:51:09",262
"2019-12-16 14:53:49",262
"2019-12-16 16:10:03",262
"2019-12-16 16:52:16",262
"2019-12-16 17:51:43",262
"2019-12-16 18:51:59",262
"2019-12-16 19:51:29",263
"2019-12-16 20:51:36",263
"2019-12-16 21:51:25",263
"2019-12-16 22:51:26",263
"2019-12-16 23:51:14",263
"2019-12-17 00:51:09",263
"2019-12-17 01:51:32",263
"2019-12-17 02:51:55",263
"2019-12-17 03:51:38",263
"2019-12-17 05:51:39",263
"2019-12-17 06:51:46",263
"2019-12-17 07:51:09",263
"2019-12-17 08:51:41",263
"2019-12-17 09:50:51",263
"2019-12-17 10:51:00",263
"2019-12-17 11:50:46",263
"2019-12-17 12:50:51",263
"2019-12-17 14:11:32",263
"2019-12-17 14:52:29",263
"2019-12-17 15:51:56",263
"2019-12-17 16:51:38",263
"2019-12-17 17:51:42",263
"2019-12-17 18:51:32",263
"2019-12-17 19:51:56",263
"2019-12-17 20:51:49",263
"2019-12-17 21:51:15",262
"2019-12-17 22:51:27",262
"2019-12-17 23:51:27",262
"2019-12-18 01:52:18",262
"2019-12-18 02:51:40",262
"2019-12-18 03:51:22",262
"2019-12-18 04:50:56",262
"2019-12-18 05:51:18",262
"2019-12-18 06:51:12",262
"2019-12-18 07:50:55",262
"2019-12-18 08:51:17",262
"2019-12-18 09:50:56",262
"2019-12-18 10:50:55",262
"2019-12-18 11:51:02",262
"2019-12-18 12:50:54",262
"2019-12-18 14:10:34",262
"2019-12-18 14:52:34",262
"2019-12-18 15:51:42",262
"2019-12-18 16:51:35",263
"2019-12-18 17:52:00",262
"2019-12-18 18:51:40",262
"2019-12-18 19:51:32",262
"2019-12-18 20:51:37",263
"2019-12-18 21:51:09",264
"2019-12-18 22:51:26",264
"2019-12-18 23:51:13",264
"2019-12-19 00:51:33",264
"2019-12-19 01:51:14",264
"2019-12-19 02:51:47",264
"2019-12-19 03:51:17",264
"2019-12-19 04:51:22",264
"2019-12-19 05:50:57",264
"2019-12-19 06:51:38",264
"2019-12-19 07:51:15",264
"2019-12-19 08:50:47",264
"2019-12-19 09:50:48",264
"2019-12-19 10:50:42",264
"2019-12-19 11:50:37",264
"2019-12-19 12:51:03",264
"2019-12-19 14:12:05",264
"2019-12-19 14:52:10",264
"2019-12-19 15:52:47",264
"2019-12-19 16:52:02",264
"2019-12-19 17:52:03",264
"2019-12-19 18:51:44",264
"2019-12-19 19:51:55",262
"2019-12-19 21:12:08",262
"2019-12-19 21:51:38",262
"2019-12-19 22:51:48",262
"2019-12-19 23:51:55",262
"2019-12-20 00:51:48",262
"2019-12-20 01:51:42",262
"2019-12-20 02:51:39",262
"2019-12-20 03:51:42",262
"2019-12-20 04:52:00",262
"2019-12-20 05:51:39",262
"2019-12-20 06:52:09",262
"2019-12-20 07:51:41",262
"2019-12-20 08:51:33",262
"2019-12-20 09:51:30",262
"2019-12-20 10:50:38",262
"2019-12-20 11:51:17",262
"2019-12-20 12:51:32",262
"2019-12-20 14:11:05",262
"2019-12-20 14:53:07",262
"2019-12-20 15:52:53",262
"2019-12-20 16:52:48",262
"2019-12-20 17:52:34",262
"2019-12-20 18:52:20",262
"2019-12-20 19:52:40",262
"2019-12-20 20:52:30",261
"2019-12-20 21:51:51",261
"2019-12-20 22:51:42",261
"2019-12-20 23:51:53",261
"2019-12-21 00:51:36",261
"2019-12-21 01:51:47",261
"2019-12-21 02:52:23",261
"2019-12-21 03:51:35",261
"2019-12-21 04:52:01",261
"2019-12-21 05:51:17",261
"2019-12-21 06:51:27",261
"2019-12-21 07:51:30",261
"2019-12-21 08:51:23",261
"2019-12-21 09:50:51",261
"2019-12-21 10:50:49",261
"2019-12-21 11:50:33",261
"2019-12-21 12:51:15",261
"2019-12-21 13:51:04",261
"2019-12-21 14:51:20",261
"2019-12-21 15:51:13",261
"2019-12-21 16:51:51",261
"2019-12-21 17:51:15",261
"2019-12-21 18:51:08",261
"2019-12-21 19:51:16",261
"2019-12-21 20:51:05",261
"2019-12-21 22:51:54",261
"2019-12-21 23:50:55",261
"2019-12-22 00:51:11",261
"2019-12-22 01:51:05",261
"2019-12-22 02:51:12",261
"2019-12-22 04:51:26",261
"2019-12-22 05:51:04",261
"2019-12-22 06:50:44",261
"2019-12-22 07:50:59",261
"2019-12-22 08:50:58",261
"2019-12-22 09:50:49",261
"2019-12-22 10:50:45",261
"2019-12-22 11:50:28",261
"2019-12-22 12:50:50",261
"2019-12-22 13:51:03",261
"2019-12-22 14:51:12",261
"2019-12-22 15:51:36",261
"2019-12-22 16:51:24",261
"2019-12-22 17:51:07",261
"2019-12-22 18:51:18",261
"2019-12-22 19:51:44",261
"2019-12-22 20:51:35",261
"2019-12-22 22:51:08",261
"2019-12-22 23:51:30",261
"2019-12-23 00:51:39",261
"2019-12-23 01:51:51",261
"2019-12-23 02:51:31",261
"2019-12-23 03:51:41",261
"2019-12-23 04:51:59",261
"2019-12-23 05:51:29",261
"2019-12-23 06:51:26",261
"2019-12-23 07:50:53",261
"2019-12-23 08:51:00",261
"2019-12-23 09:50:38",261
"2019-12-23 10:50:47",261
"2019-12-23 11:51:04",261
"2019-12-23 12:51:10",261
"2019-12-23 14:12:09",260
"2019-12-23 14:53:03",260
"2019-12-23 15:51:58",262
"2019-12-23 16:51:42",262
"2019-12-23 17:52:00",262
"2019-12-23 18:51:56",262
"2019-12-23 19:51:58",262
"2019-12-23 20:52:05",262
"2019-12-23 21:51:46",262
"2019-12-23 22:51:33",262
"2019-12-23 23:51:48",262
"2019-12-24 00:51:18",262
"2019-12-24 01:51:27",262
"2019-12-24 02:51:58",262
"2019-12-24 03:52:04",262
"2019-12-24 04:52:01",262
"2019-12-24 05:51:22",262
"2019-12-24 06:51:48",262
"2019-12-24 07:50:54",262
"2019-12-24 08:51:18",262
"2019-12-24 09:51:01",262
"2019-12-24 10:50:40",262
"2019-12-24 11:50:54",262
"2019-12-24 12:50:48",262
"2019-12-24 13:50:57",262
"2019-12-24 14:52:51",262
"2019-12-24 15:51:38",261
"2019-12-24 16:51:23",261
"2019-12-24 17:51:29",261
"2019-12-24 18:51:13",262
"2019-12-24 20:51:01",262
"2019-12-24 21:50:59",262
"2019-12-24 22:51:55",262
"2019-12-24 23:51:18",262
"2019-12-25 00:51:31",262
"2019-12-25 01:50:52",262
"2019-12-25 02:50:55",262
"2019-12-25 03:51:26",262
"2019-12-25 04:51:36",262
"2019-12-25 05:51:35",262
"2019-12-25 06:51:25",262
"2019-12-25 07:51:17",262
"2019-12-25 08:51:40",262
"2019-12-25 09:50:59",262
"2019-12-25 10:50:47",262
"2019-12-25 11:50:45",262
"2019-12-25 12:50:41",262
"2019-12-25 13:50:58",262
"2019-12-25 14:51:18",262
"2019-12-25 15:51:38",262
"2019-12-25 16:51:12",262
"2019-12-25 17:51:35",262
"2019-12-25 18:51:04",262
"2019-12-25 19:51:00",262
"2019-12-25 20:51:04",262
"2019-12-25 21:51:04",262
"2019-12-25 22:51:10",262
"2019-12-26 00:51:21",262
"2019-12-26 01:51:39",262
"2019-12-26 02:51:47",262
"2019-12-26 03:51:57",262
"2019-12-26 04:51:55",262
"2019-12-26 05:51:20",262
"2019-12-26 06:51:39",262
"2019-12-26 07:51:26",262
"2019-12-26 08:50:52",262
"2019-12-26 09:50:50",262
"2019-12-26 10:50:55",262
"2019-12-26 11:50:40",262
"2019-12-26 12:50:37",262
"2019-12-26 13:51:23",262
"2019-12-26 14:52:14",262
"2019-12-26 15:51:54",262
"2019-12-26 16:51:40",262
"2019-12-26 17:52:18",261
"2019-12-26 18:51:30",260
"2019-12-26 19:51:28",260
"2019-12-26 20:52:26",260
"2019-12-26 21:51:51",260
"2019-12-26 23:51:37",260
"2019-12-27 00:51:15",260
"2019-12-27 01:52:04",260
"2019-12-27 02:52:18",260
"2019-12-27 03:51:33",260
"2019-12-27 04:52:01",260
"2019-12-27 05:52:04",260
"2019-12-27 06:52:04",260
"2019-12-27 07:51:20",260
"2019-12-27 08:51:36",260
"2019-12-27 09:50:54",260
"2019-12-27 10:50:43",260
"2019-12-27 11:50:49",260
"2019-12-27 12:50:54",260
"2019-12-27 14:12:05",260
"2019-12-27 14:52:19",260
"2019-12-27 15:51:53",261
"2019-12-27 16:51:35",261
"2019-12-27 17:51:40",261
"2019-12-27 18:51:53",261
"2019-12-27 19:52:28",261
"2019-12-27 20:51:37",261
"2019-12-27 21:52:10",261
"2019-12-27 22:51:53",261
"2019-12-27 23:51:08",261
"2019-12-28 00:51:49",261
"2019-12-28 01:51:31",261
"2019-12-28 02:51:28",261
"2019-12-28 03:51:23",261
"2019-12-28 04:51:40",261
"2019-12-28 05:51:48",261
"2019-12-28 06:51:51",261
"2019-12-28 07:51:29",261
"2019-12-28 08:51:41",261
"2019-12-28 09:50:59",261
"2019-12-28 10:51:15",261
"2019-12-28 11:50:51",261
"2019-12-28 12:50:48",261
"2019-12-28 13:51:03",261
"2019-12-28 14:51:41",261
"2019-12-28 15:51:53",261
"2019-12-28 16:51:31",261
"2019-12-28 17:51:48",261
"2019-12-28 18:51:25",261
"2019-12-28 19:51:23",261
"2019-12-28 20:51:58",261
"2019-12-28 21:51:14",261
"2019-12-28 22:51:19",261
"2019-12-28 23:51:32",261
"2019-12-29 00:51:25",261
"2019-12-29 01:52:03",261
"2019-12-29 02:51:38",261
"2019-12-29 03:52:09",261
"2019-12-29 05:51:59",261
"2019-12-29 06:51:58",261
"2019-12-29 07:51:12",261
"2019-12-29 08:51:42",261
"2019-12-29 09:51:09",261
"2019-12-29 10:51:11",261
"2019-12-29 11:50:49",261
"2019-12-29 12:50:58",261
"2019-12-29 13:51:12",261
"2019-12-29 14:51:34",261
"2019-12-29 15:51:46",261
"2019-12-29 16:51:32",261
"2019-12-29 17:51:10",261
"2019-12-29 18:51:43",261
"2019-12-29 19:51:39",261
"2019-12-29 20:51:13",261
"2019-12-29 21:52:31",261
"2019-12-29 22:51:19",261
"2019-12-29 23:51:22",261
"2019-12-30 00:51:08",261
"2019-12-30 01:51:56",261
"2019-12-30 02:52:26",261
"2019-12-30 03:51:17",261
"2019-12-30 04:52:01",261
"2019-12-30 05:51:37",261
"2019-12-30 06:51:05",261
"2019-12-30 07:50:48",261
"2019-12-30 08:51:18",261
"2019-12-30 09:51:22",261
"2019-12-30 10:50:43",261
"2019-12-30 11:51:15",261
"2019-12-30 12:51:01",261
"2019-12-30 14:12:03",261
"2019-12-30 14:53:03",261
"2019-12-30 15:51:56",261
"2019-12-30 16:51:39",260
"2019-12-30 17:51:38",260
"2019-12-30 18:51:52",260
"2019-12-30 19:51:54",260
"2019-12-30 20:51:35",260
"2019-12-30 21:51:20",260
"2019-12-30 23:51:22",260
"2019-12-31 00:51:26",260
"2019-12-31 01:51:28",260
"2019-12-31 02:51:41",260
"2019-12-31 03:51:49",260
"2019-12-31 04:51:15",260
"2019-12-31 05:51:06",260
"2019-12-31 06:51:20",260
"2019-12-31 07:51:19",260
"2019-12-31 08:51:32",260
"2019-12-31 09:51:21",260
"2019-12-31 10:51:41",260
"2019-12-31 11:51:24",260
"2019-12-31 12:51:05",260
"2019-12-31 14:13:05",260
"2019-12-31 14:52:46",260
"2019-12-31 15:52:23",260
"2019-12-31 16:51:34",259
"2019-12-31 17:51:30",259
"2019-12-31 18:51:33",260
"2019-12-31 19:51:40",261
"2019-12-31 20:51:26",261
"2019-12-31 21:51:16",261
"2019-12-31 22:51:19",261
"2019-12-31 23:51:18",261
"2020-01-01 00:51:09",261
"2020-01-01 01:51:08",261
"2020-01-01 02:51:19",261
"2020-01-01 03:51:28",261
"2020-01-01 04:50:55",261
"2020-01-01 05:51:49",261
"2020-01-01 06:51:42",261
"2020-01-01 07:51:24",261
"2020-01-01 08:51:07",261
"2020-01-01 09:50:42",261
"2020-01-01 10:50:39",261
"2020-01-01 11:50:52",261
"2020-01-01 12:50:57",261
"2020-01-01 13:50:54",261
"2020-01-01 14:50:57",261
"2020-01-01 15:51:06",261
"2020-01-01 16:51:18",261
"2020-01-01 17:51:15",261
"2020-01-01 18:51:20",261
"2020-01-01 19:51:12",261
"2020-01-01 20:51:25",261
"2020-01-01 21:51:22",261
"2020-01-01 22:51:42",261
"2020-01-01 23:52:00",261
"2020-01-02 00:52:07",261
"2020-01-02 01:51:55",261
"2020-01-02 02:52:32",261
"2020-01-02 03:51:45",261
"2020-01-02 04:51:24",261
"2020-01-02 05:51:18",261
"2020-01-02 06:51:15",261
"2020-01-02 07:51:08",261
"2020-01-02 08:51:20",261
"2020-01-02 09:50:55",261
"2020-01-02 10:50:54",261
"2020-01-02 11:51:02",261
"2020-01-02 12:51:11",261
"2020-01-02 14:13:34",261
"2020-01-02 14:53:33",261
"2020-01-02 15:52:13",260
"2020-01-02 16:51:54",261
"2020-01-02 17:52:02",260
"2020-01-02 18:52:06",260
"2020-01-02 19:51:56",260
"2020-01-02 20:52:16",260
"2020-01-02 21:51:26",260
"2020-01-02 22:52:23",260
"2020-01-02 23:51:17",260
"2020-01-03 00:51:55",260
"2020-01-03 01:51:35",260
"2020-01-03 02:52:02",260
"2020-01-03 03:51:37",260
"2020-01-03 04:51:32",260
"2020-01-03 05:51:35",260
"2020-01-03 06:51:43",260
"2020-01-03 07:51:27",260
"2020-01-03 08:51:48",260
"2020-01-03 09:51:13",260
"2020-01-03 10:51:09",260
"2020-01-03 11:51:08",260
"2020-01-03 12:50:55",260
"2020-01-03 14:13:33",260
"2020-01-03 14:56:33",260
"2020-01-03 15:51:45",259
"2020-01-03 16:52:00",259
"2020-01-03 17:52:36",259
"2020-01-03 18:51:47",259
"2020-01-03 19:51:36",261
"2020-01-03 20:52:01",261
"2020-01-03 21:51:15",261
"2020-01-03 22:51:24",261
"2020-01-03 23:51:30",260
"2020-01-04 00:51:30",260
"2020-01-04 01:51:24",260
"2020-01-04 02:51:25",260
"2020-01-04 03:52:08",260
"2020-01-04 04:51:46",260
"2020-01-04 05:51:26",260
"2020-01-04 06:51:22",260
"2020-01-04 07:50:56",260
"2020-01-04 08:51:15",259
"2020-01-04 09:50:42",259
"2020-01-04 10:50:56",259
"2020-01-04 11:50:37",259
"2020-01-04 12:51:12",259
"2020-01-04 13:51:09",259
"2020-01-04 14:51:18",259
"2020-01-04 15:51:35",259
"2020-01-04 16:51:39",259
"2020-01-04 17:51:47",259
"2020-01-04 19:51:39",259
"2020-01-04 20:51:43",259
"2020-01-04 21:52:11",259
"2020-01-04 22:51:47",259
"2020-01-04 23:51:57",259
"2020-01-05 00:51:08",259
"2020-01-05 01:52:40",259
"2020-01-05 02:52:04",259
"2020-01-05 03:51:37",259
"2020-01-05 04:51:20",259
"2020-01-05 05:51:22",259
"2020-01-05 06:51:12",259
"2020-01-05 07:51:03",259
"2020-01-05 08:50:42",259
"2020-01-05 09:50:46",259
"2020-01-05 10:50:38",259
"2020-01-05 11:51:11",259
"2020-01-05 12:50:37",259
"2020-01-05 13:51:13",259
"2020-01-05 14:51:00",259
"2020-01-05 15:50:48",259
"2020-01-05 16:51:24",259
"2020-01-05 17:52:51",259
"2020-01-05 18:51:42",259
"2020-01-05 20:51:29",259
"2020-01-05 21:51:43",259
"2020-01-05 22:51:21",259
"2020-01-05 23:51:31",259
"2020-01-06 00:51:37",259
"2020-01-06 01:51:36",259
"2020-01-06 02:52:12",259
"2020-01-06 03:52:07",259
"2020-01-06 04:52:21",259
"2020-01-06 05:51:58",259
"2020-01-06 06:51:48",259
"2020-01-06 07:51:06",259
"2020-01-06 08:51:14",259
"2020-01-16 06:50:58",264
"2020-01-16 07:50:55",264
"2020-01-16 08:50:53",264
"2020-01-16 09:50:31",264
"2020-01-16 10:50:35",264
"2020-01-16 11:50:32",264
"2020-01-16 12:50:41",264
"2020-01-16 14:13:34",264
"2020-01-16 15:51:11",264
"2020-01-16 16:51:16",265
"2020-01-16 17:51:13",265
"2020-01-16 18:50:55",265
"2020-01-16 19:51:08",265
"2020-01-16 20:51:10",265
"2020-01-16 21:50:45",265
"2020-01-16 22:51:18",265
"2020-01-16 23:51:14",265
"2020-01-17 00:51:44",265
"2020-01-17 01:51:57",265
"2020-01-17 02:50:45",265
"2020-01-17 03:50:32",265
"2020-01-17 04:50:40",265
"2020-01-17 05:50:52",265
"2020-01-17 06:50:43",265
"2020-01-17 07:50:09",265
"2020-01-17 08:50:04",265
"2020-01-17 09:51:35",265
"2020-01-17 10:50:03",265
"2020-01-17 11:50:14",265
"2020-01-17 12:50:34",265
"2020-01-17 14:11:37",265
"2020-01-17 14:51:20",265
"2020-01-17 15:51:00",265
"2020-01-17 16:50:51",265
"2020-01-17 17:50:46",265
"2020-01-17 18:50:42",265
"2020-01-17 19:50:51",266
"2020-01-17 20:50:39",266
"2020-01-17 21:50:22",266
"2020-01-17 22:50:35",266
"2020-01-17 23:50:24",266
"2020-01-18 00:51:33",266
"2020-01-18 01:50:43",266
"2020-01-18 02:50:53",266
"2020-01-18 03:50:51",266
"2020-01-18 04:50:31",266
"2020-01-18 05:50:38",266
"2020-01-18 06:50:12",266
"2020-01-18 07:50:26",266
"2020-01-18 08:50:26",266
"2020-01-18 09:50:14",266
"2020-01-18 10:50:14",266
"2020-01-18 11:50:04",266
"2020-01-18 12:50:28",266
"2020-01-18 13:50:23",266
"2020-01-18 14:50:28",266
"2020-01-18 15:50:40",266
"2020-01-18 16:50:19",266
"2020-01-18 17:50:48",266
"2020-01-18 18:50:40",266
"2020-01-18 19:51:08",266
"2020-01-18 20:50:32",266
"2020-01-18 21:50:44",266
"2020-01-18 23:50:51",266
"2020-01-19 00:50:12",266
"2020-01-19 01:50:39",266
"2020-01-19 02:50:44",266
"2020-01-19 03:50:37",266
"2020-01-19 04:50:35",266
"2020-01-19 05:50:24",266
"2020-01-19 06:50:26",266
"2020-01-19 07:50:17",266
"2020-01-19 08:50:59",266
"2020-01-19 09:50:14",266
"2020-01-19 10:49:59",266
"2020-01-19 11:50:03",266
"2020-01-19 12:50:21",266
"2020-01-19 13:50:24",266
"2020-01-19 14:51:05",266
"2020-01-19 15:51:15",266
"2020-01-19 16:50:14",266
"2020-01-19 17:50:26",266
"2020-01-19 18:50:20",266
"2020-01-19 19:51:33",266
"2020-01-19 20:50:28",266
"2020-01-19 21:50:33",266
"2020-01-19 23:51:59",266
"2020-01-20 00:51:38",266
"2020-01-20 01:51:15",266
"2020-01-20 02:51:04",266
"2020-01-20 03:51:28",266
"2020-01-20 04:51:30",266
"2020-01-20 05:50:30",266
"2020-01-20 06:51:36",266
"2020-01-20 07:50:18",266
"2020-01-20 08:51:34",266
"2020-01-20 09:56:27",266
"2020-01-20 10:51:00",266
"2020-01-20 11:50:03",266
"2020-01-20 12:50:21",266
"2020-01-20 13:51:25",266
"2020-01-20 14:50:42",266
"2020-01-20 15:51:33",266
"2020-01-20 16:50:27",266
"2020-01-20 17:51:19",266
"2020-01-20 18:50:18",266
"2020-01-20 19:51:15",266
"2020-01-20 21:51:48",266
"2020-01-20 22:51:37",266
"2020-01-20 23:51:25",266
"2020-01-21 00:51:43",266
"2020-01-21 01:51:13",266
"2020-01-21 02:51:37",266
"2020-01-21 03:50:26",266
"2020-01-21 04:50:34",266
"2020-01-21 05:50:22",266
"2020-01-21 06:50:14",266
"2020-01-21 07:50:06",266
"2020-01-21 08:50:28",266
"2020-01-21 10:05:02",266
"2020-01-21 10:51:30",266
"2020-01-21 11:50:23",266
"2020-01-21 12:50:24",266
"2020-01-21 13:50:25",266
"2020-01-21 15:51:53",265
"2020-01-21 16:51:08",265
"2020-01-21 17:51:36",266
"2020-01-21 18:51:02",266
"2020-01-21 19:51:47",266
"2020-01-21 20:50:47",266
"2020-01-21 21:51:49",267
"2020-01-21 22:51:31",267
"2020-01-21 23:51:06",267
"2020-01-22 00:50:51",267
"2020-01-22 01:51:17",267
"2020-01-22 02:51:33",267
"2020-01-22 03:50:39",267
"2020-01-22 04:50:50",267
"2020-01-22 05:50:39",267
"2020-01-22 06:50:21",267
"2020-01-22 07:50:25",267
"2020-01-22 08:50:32",267
"2020-01-22 10:01:10",267
"2020-01-22 10:50:06",267
"2020-01-22 11:50:10",267
"2020-01-22 12:50:54",267
"2020-01-22 13:50:55",267
"2020-01-22 14:51:51",267
"2020-01-22 15:51:19",267
"2020-01-22 16:51:51",267
"2020-01-22 17:51:41",267
"2020-01-22 18:51:00",267
"2020-01-22 19:51:51",267
"2020-01-22 20:51:39",267
"2020-01-22 21:51:47",268
"2020-01-22 22:51:21",268
"2020-01-22 23:51:33",268
"2020-01-23 00:51:20",268
"2020-01-23 01:51:50",268
"2020-01-23 02:50:51",268
"2020-01-23 03:50:50",268
"2020-01-23 04:50:41",268
"2020-01-23 05:50:10",268
"2020-01-23 06:50:35",268
"2020-01-23 07:50:37",268
"2020-01-23 08:50:26",268
"2020-01-23 10:50:14",268
"2020-01-23 11:50:21",268
"2020-01-23 12:50:34",268
"2020-01-23 14:13:08",268
"2020-01-23 14:51:40",268
"2020-01-23 15:51:01",268
"2020-01-23 16:50:51",268
"2020-01-23 17:50:37",268
"2020-01-23 18:51:03",268
"2020-01-23 19:50:39",268
"2020-01-23 20:50:58",267
"2020-01-23 21:51:00",269
"2020-01-23 22:50:30",269
"2020-01-23 23:50:27",269
"2020-01-24 00:50:32",269
"2020-01-24 01:50:49",269
"2020-01-24 02:51:27",269
"2020-01-24 03:50:26",269
"2020-01-24 04:50:37",269
"2020-01-24 05:50:51",269
"2020-01-24 06:50:06",269
"2020-01-24 07:50:43",269
"2020-01-24 08:50:13",269
"2020-01-24 09:59:16",269
"2020-01-24 10:50:29",269
"2020-01-24 11:50:12",269
"2020-01-24 12:50:22",269
"2020-01-24 14:12:07",269
"2020-01-24 14:51:09",269
"2020-01-24 15:51:06",271
"2020-01-24 16:50:51",272
"2020-01-24 17:50:40",272
"2020-01-24 18:50:36",272
"2020-01-24 19:50:56",273
"2020-01-24 20:51:02",273
"2020-01-24 21:50:28",273
"2020-01-24 22:50:28",273
"2020-01-24 23:50:31",273
"2020-01-25 00:50:32",273
"2020-01-25 01:50:35",273
"2020-01-25 02:51:03",273
"2020-01-25 03:50:58",273
"2020-01-25 04:50:26",273
"2020-01-25 05:50:36",273
"2020-01-25 07:50:32",273
"2020-01-25 08:50:32",273
"2020-01-25 09:59:40",273
"2020-01-25 10:50:03",273
"2020-01-25 11:50:12",273
"2020-01-25 12:50:27",273
"2020-01-25 14:50:33",273
"2020-01-25 15:50:20",273
"2020-01-25 16:50:37",273
"2020-01-25 17:50:31",273
"2020-01-25 18:50:35",273
"2020-01-25 19:50:32",273
"2020-01-25 20:50:29",273
"2020-01-25 21:50:26",273
"2020-01-25 22:50:34",273
"2020-01-25 23:50:28",273
"2020-01-26 00:50:44",273
"2020-01-26 01:50:27",273
"2020-01-26 02:50:42",273
"2020-01-26 03:50:33",273
"2020-01-26 04:50:20",273
"2020-01-26 06:50:03",273
"2020-01-26 07:50:06",273
"2020-01-27 02:50:46",273
"2020-01-27 03:50:38",273
"2020-01-27 04:50:38",273
"2020-01-27 05:50:40",273
"2020-01-27 06:50:39",273
"2020-01-27 07:50:26",273
"2020-01-27 08:50:31",273
"2020-01-27 09:50:45",273
"2020-01-27 10:50:27",273
"2020-01-27 11:50:32",273
"2020-01-27 12:49:50",273
"2020-01-27 13:50:48",273
"2020-01-27 14:52:22",273
"2020-01-27 15:51:24",271
"2020-01-27 16:51:02",270
"2020-01-27 17:51:13",270
"2020-01-27 18:51:10",270
"2020-01-27 19:51:19",270
"2020-01-27 20:51:07",270
"2020-01-27 21:51:09",270
"2020-01-27 22:51:56",270
"2020-01-27 23:51:20",270
"2020-01-28 00:50:30",270
"2020-01-28 01:51:20",270
"2020-01-28 02:51:15",270
"2020-01-28 03:50:50",270
"2020-01-28 04:51:01",270
"2020-01-28 05:50:36",270
"2020-01-28 06:50:07",270
"2020-01-28 07:50:22",270
"2020-01-28 08:50:43",270
"2020-01-28 09:51:16",270
"2020-01-28 10:50:30",270
"2020-01-28 11:50:18",270
"2020-01-28 12:50:26",270
"2020-01-28 14:12:40",270
"2020-01-28 14:51:55",270
"2020-01-28 15:51:08",271
"2020-01-28 16:51:28",271
"2020-01-28 17:50:55",271
"2020-01-28 18:51:06",271
"2020-01-28 19:50:56",271
"2020-01-28 21:51:50",271
"2020-01-28 22:51:09",271
"2020-01-28 23:50:43",271
"2020-01-29 00:50:45",271
"2020-01-29 01:51:11",271
"2020-01-29 02:51:35",271
"2020-01-29 03:50:56",271
"2020-01-29 04:51:06",271
"2020-01-29 05:51:05",271
"2020-01-29 06:50:50",271
"2020-01-29 07:50:22",271
"2020-01-29 08:50:36",271
"2020-01-29 09:50:46",271
"2020-01-29 10:50:08",271
"2020-01-29 11:50:22",271
"2020-01-29 12:50:38",271
"2020-01-29 13:51:05",271
"2020-01-29 14:51:51",271
"2020-01-29 15:51:19",272
"2020-01-29 16:51:15",272
"2020-01-29 17:51:43",272
"2020-01-29 18:51:21",272
"2020-01-29 19:51:28",272
"2020-01-29 20:51:22",272
"2020-01-29 21:51:12",273
"2020-01-29 22:50:53",273
"2020-01-29 23:50:43",273
"2020-01-30 00:50:57",273
"2020-01-30 01:51:14",273
"2020-01-30 02:51:11",273
"2020-01-30 03:50:51",273
"2020-01-30 04:51:27",273
"2020-01-30 05:51:30",273
"2020-01-30 06:50:42",273
"2020-01-30 07:50:24",273
"2020-01-30 08:50:39",273
"2020-01-30 09:50:44",273
"2020-01-30 10:50:07",273
"2020-01-30 11:50:30",273
"2020-01-30 12:50:33",273
"2020-01-30 13:50:40",273
"2020-01-30 14:51:45",271
"2020-01-30 15:51:28",271
"2020-01-30 16:51:30",270
"2020-01-30 17:51:18",270
"2020-01-30 18:51:13",270
"2020-01-30 19:51:31",270
"2020-01-30 20:50:49",270
"2020-01-30 21:51:14",269
"2020-01-30 22:50:20",269
"2020-01-30 23:50:34",269
"2020-01-31 00:50:42",269
"2020-01-31 01:51:15",269
"2020-01-31 02:50:53",269
"2020-01-31 03:51:03",269
"2020-01-31 04:50:51",269
"2020-01-31 05:50:35",269
"2020-01-31 06:50:23",269
"2020-01-31 07:50:39",268
"2020-01-31 08:50:56",268
"2020-01-31 09:51:04",268
"2020-01-31 10:50:30",268
"2020-01-31 11:50:27",268
"2020-01-31 12:50:24",268
"2020-01-31 13:50:52",268
"2020-01-31 14:51:17",268
"2020-01-31 15:51:07",268
"2020-01-31 16:51:00",268
"2020-01-31 17:50:59",268
"2020-01-31 18:50:54",268
"2020-01-31 19:51:18",269
"2020-01-31 20:51:03",269
"2020-01-31 21:50:28",269
"2020-01-31 22:50:31",269
"2020-01-31 23:50:37",269
"2020-02-01 00:50:26",269
"2020-02-01 01:51:23",269
"2020-02-01 02:50:54",269
"2020-02-01 03:50:42",269
"2020-02-01 04:50:46",269
"2020-02-01 05:51:00",269
"2020-02-01 06:51:12",269
"2020-02-01 07:50:33",269
"2020-02-01 08:50:42",269
"2020-02-01 09:50:56",269
"2020-02-01 10:50:13",269
"2020-02-01 11:50:38",269
"2020-02-01 12:50:19",269
"2020-02-01 13:50:38",269
"2020-02-01 14:50:50",269
"2020-02-01 15:50:49",269
"2020-02-01 16:50:36",269
"2020-02-01 17:50:53",269
"2020-02-01 18:50:42",269
"2020-02-01 19:50:50",269
"2020-02-01 20:50:57",269
"2020-02-01 21:51:15",269
"2020-02-01 22:51:06",269
"2020-02-01 23:51:16",269
"2020-02-02 00:51:11",269
"2020-02-02 01:51:16",269
"2020-02-02 02:51:06",269
"2020-02-02 03:51:09",269
"2020-02-02 04:50:53",269
"2020-02-02 05:50:57",269
"2020-02-02 06:50:52",269
"2020-02-02 07:50:54",269
"2020-02-02 08:50:59",269
"2020-02-02 09:50:46",269
"2020-02-02 10:50:38",269
"2020-02-02 11:50:47",269
"2020-02-02 12:50:56",269
"2020-02-02 13:51:05",269
"2020-02-02 14:50:50",269
"2020-02-02 15:50:52",269
"2020-02-02 16:51:10",269
"2020-02-02 17:51:24",269
"2020-02-02 18:50:51",269
"2020-02-02 19:51:07",269
"2020-02-02 20:51:13",269
"2020-02-02 21:51:01",269
"2020-02-02 22:51:04",269
"2020-02-02 23:51:19",269
"2020-02-03 00:51:51",269
"2020-02-03 01:51:28",269
"2020-02-03 02:51:17",269
"2020-02-03 03:51:23",269
"2020-02-03 04:51:18",269
"2020-02-03 05:51:15",269
"2020-02-03 06:50:50",269
"2020-02-03 07:50:50",269
"2020-02-03 08:50:55",269
"2020-02-03 09:50:57",269
"2020-02-03 10:50:40",269
"2020-02-03 11:50:41",269
"2020-02-03 12:50:30",269
"2020-02-03 14:49:21",269
"2020-02-03 14:57:06",269
"2020-02-03 15:51:44",269
"2020-02-03 16:51:25",268
"2020-02-03 17:51:32",266
"2020-02-03 18:51:32",265
"2020-02-03 19:51:22",265
"2020-02-03 20:51:23",265
"2020-02-03 21:51:17",265
"2020-02-03 22:51:12",265
"2020-02-03 23:51:17",265
"2020-02-04 00:51:12",265
"2020-02-04 01:51:28",265
"2020-02-04 02:51:28",265
"2020-02-04 03:51:34",265
"2020-02-04 04:51:33",265
"2020-02-04 05:51:36",265
"2020-02-04 06:51:03",265
"2020-02-04 07:51:20",265
"2020-02-04 08:50:39",265
"2020-02-04 09:51:17",265
"2020-02-04 10:50:43",265
"2020-02-04 11:51:05",265
"2020-02-04 12:51:08",265
"2020-02-04 14:16:16",265
"2020-02-04 15:51:42",265
"2020-02-04 16:51:33",265
"2020-02-04 17:51:27",266
"2020-02-04 18:51:12",266
"2020-02-04 19:51:18",266
"2020-02-04 20:51:17",266
"2020-02-04 21:51:16",266
"2020-02-04 22:51:11",266
"2020-02-04 23:51:15",266
"2020-02-05 00:51:28",266
"2020-02-05 01:51:13",266
"2020-02-05 02:51:32",266
"2020-02-05 03:51:28",266
"2020-02-05 04:52:28",266
"2020-02-05 05:51:10",266
"2020-02-05 06:51:18",266
"2020-02-05 07:51:17",266
"2020-02-05 08:51:00",266
"2020-02-05 09:50:53",266
"2020-02-05 10:51:10",266
"2020-02-05 11:51:00",266
"2020-02-05 12:51:14",266
"2020-02-05 14:10:16",266
"2020-02-05 14:52:03",266
"2020-02-05 15:51:52",265
"2020-02-05 16:51:39",265
"2020-02-05 17:51:28",265
"2020-02-05 18:51:31",264
"2020-02-05 19:51:37",263
"2020-02-05 20:51:40",263
"2020-02-05 21:51:14",263
"2020-02-05 22:51:18",263
"2020-02-05 23:51:12",263
"2020-02-06 00:51:25",263
"2020-02-06 01:51:27",263
"2020-02-06 02:51:41",263
"2020-02-06 03:51:55",263
"2020-02-06 04:51:37",263
"2020-02-06 05:51:29",263
"2020-02-06 06:51:09",263
"2020-02-06 07:51:25",263
"2020-02-06 08:51:08",262
"2020-02-06 09:51:01",262
"2020-02-06 10:51:00",262
"2020-02-06 11:50:57",262
"2020-02-06 12:50:55",262
"2020-02-06 13:51:01",262
"2020-02-06 14:51:57",262
"2020-02-06 15:51:52",262
"2020-02-06 16:51:33",261
"2020-02-06 17:51:34",263
"2020-02-06 18:51:28",264
"2020-02-06 19:51:31",264
"2020-02-06 20:51:32",264
"2020-02-06 21:51:15",264
"2020-02-06 22:51:26",265
"2020-02-06 23:51:13",265
"2020-02-07 00:51:31",265
"2020-02-07 01:51:30",265
"2020-02-07 02:51:05",265
"2020-02-07 03:51:29",265
"2020-02-07 04:51:14",265
"2020-02-07 05:51:34",265
"2020-02-07 06:51:32",265
"2020-02-07 07:51:24",265
"2020-02-07 08:51:14",265
"2020-02-07 09:51:21",265
"2020-02-07 10:51:03",265
"2020-02-07 11:51:00",265
"2020-02-07 12:51:15",265
"2020-02-07 14:11:46",265
"2020-02-07 14:51:52",265
"2020-02-07 15:51:38",264
"2020-02-07 16:51:39",264
"2020-02-07 17:51:48",264
"2020-02-07 18:51:32",264
"2020-02-07 19:51:31",264
"2020-02-07 20:51:43",265
"2020-02-07 21:51:15",265
"2020-02-07 22:51:29",265
"2020-02-07 23:50:54",265
"2020-02-08 00:51:09",265
"2020-02-08 01:51:06",265
"2020-02-08 02:51:22",265
"2020-02-08 03:51:10",265
"2020-02-08 04:51:26",265
"2020-02-08 05:51:13",265
"2020-02-08 06:51:05",265
"2020-02-08 07:51:10",265
"2020-02-08 08:50:55",265
"2020-02-08 09:50:57",265
"2020-02-08 10:50:42",265
"2020-02-08 11:50:50",265
"2020-02-08 12:50:55",265
"2020-02-08 13:50:47",265
"2020-02-08 14:51:29",265
"2020-02-08 15:51:08",265
"2020-02-08 16:51:14",265
"2020-02-08 17:51:12",265
"2020-02-08 18:54:04",265
"2020-02-08 19:51:02",265
"2020-02-08 20:51:07",265
"2020-02-08 21:51:14",265
"2020-02-08 22:51:25",265
"2020-02-08 23:51:08",265
"2020-02-09 00:50:55",265
"2020-02-09 01:51:18",265
"2020-02-09 02:51:09",265
"2020-02-09 03:51:12",265
"2020-02-09 04:51:03",265
"2020-02-09 05:51:08",265
"2020-02-09 06:50:59",265
"2020-02-09 07:51:07",265
"2020-02-09 08:50:57",265
"2020-02-09 09:51:05",265
"2020-02-09 10:51:06",265
"2020-02-09 11:51:14",265
"2020-02-09 12:50:58",265
"2020-02-09 13:51:02",265
"2020-02-09 14:51:01",265
"2020-02-09 15:51:13",265
"2020-02-09 16:50:59",265
"2020-02-09 17:51:15",265
"2020-02-09 18:51:13",265
"2020-02-09 19:51:09",265
"2020-02-09 20:51:09",265
"2020-02-09 21:51:28",265
"2020-02-09 22:51:08",265
"2020-02-09 23:52:05",265
"2020-02-10 00:51:14",265
"2020-02-10 01:51:28",265
"2020-02-10 02:51:12",265
"2020-02-10 03:51:07",265
"2020-02-10 04:51:16",265
"2020-02-10 05:51:17",265
"2020-02-10 06:51:11",265
"2020-02-10 07:51:10",265
"2020-02-10 08:51:07",265
"2020-02-10 09:51:23",265
"2020-02-10 10:51:04",265
"2020-02-10 11:51:04",265
"2020-02-10 12:50:51",265
"2020-02-10 13:51:09",265
"2020-02-10 14:51:39",265
"2020-02-10 15:51:48",265
"2020-02-10 16:51:39",265
"2020-02-10 17:51:25",265
"2020-02-10 18:51:25",265
"2020-02-10 19:51:35",265
"2020-02-10 20:51:48",265
"2020-02-10 21:51:25",265
"2020-02-10 22:51:15",265
"2020-02-10 23:51:15",265
"2020-02-11 00:51:18",265
"2020-02-11 01:51:48",265
"2020-02-11 02:51:26",265
"2020-02-11 03:51:16",265
"2020-02-11 04:51:32",265
"2020-02-11 05:51:24",265
"2020-02-11 06:51:11",265
"2020-02-11 07:51:07",265
"2020-02-11 08:51:13",265
"2020-02-11 09:51:11",265
"2020-02-11 10:50:50",265
"2020-02-11 11:51:06",265
"2020-02-11 12:50:48",265
"2020-02-11 14:12:13",265
"2020-02-11 14:51:55",265
"2020-02-11 15:51:43",265
"2020-02-11 16:51:38",265
"2020-02-11 17:51:32",265
"2020-02-11 18:51:31",265
"2020-02-11 19:51:22",265
"2020-02-11 20:51:44",265
"2020-02-11 21:56:01",265
"2020-02-11 22:51:48",265
"2020-02-11 23:51:24",265
"2020-02-12 00:51:57",265
"2020-02-12 01:51:29",265
"2020-02-12 02:52:07",265
"2020-02-12 03:51:21",265
"2020-02-12 04:51:21",265
"2020-02-12 05:51:05",265
"2020-02-12 06:51:10",265
"2020-02-12 07:51:02",265
"2020-02-12 08:51:09",265
"2020-02-12 09:51:26",265
"2020-02-12 10:51:04",265
"2020-02-12 11:50:57",265
"2020-02-12 12:51:02",265
"2020-02-12 14:12:15",265
"2020-02-12 14:51:55",265
"2020-02-12 15:51:39",265
"2020-02-12 16:51:32",264
"2020-02-12 17:51:41",264
"2020-02-12 18:51:34",264
"2020-02-12 19:51:25",264
"2020-02-12 20:51:38",264
"2020-02-12 21:51:26",264
"2020-02-12 22:50:46",264
"2020-02-12 23:50:23",264
"2020-02-13 00:51:12",264
"2020-02-13 01:50:56",264
"2020-02-13 02:51:50",264
"2020-02-13 03:51:39",264
"2020-02-13 04:51:16",264
"2020-02-13 05:51:14",264
"2020-02-13 06:51:15",264
"2020-02-13 07:50:52",264
"2020-02-13 08:51:01",264
"2020-02-13 09:50:44",264
"2020-02-13 10:50:27",264
"2020-02-13 11:51:11",264
"2020-02-13 12:50:42",264
"2020-02-13 14:12:10",264
"2020-02-13 14:51:27",264
"2020-02-13 15:51:25",264
"2020-02-13 16:51:17",263
"2020-02-13 17:51:43",263
"2020-02-13 18:51:40",263
"2020-02-13 19:51:28",264
"2020-02-13 20:51:04",264
"2020-02-13 21:51:26",264
"2020-02-13 22:50:53",264
"2020-02-13 23:50:46",264
"2020-02-14 00:50:43",264
"2020-02-14 01:51:07",264
"2020-02-14 02:51:20",264
"2020-02-14 03:50:57",264
"2020-02-14 04:51:01",264
"2020-02-14 05:51:09",264
"2020-02-14 06:50:32",264
"2020-02-14 07:50:19",264
"2020-02-14 08:50:51",264
"2020-02-14 09:50:33",264
"2020-02-14 10:50:46",264
"2020-02-14 11:50:29",264
"2020-02-14 12:50:46",264
"2020-02-14 13:50:48",264
"2020-02-14 14:51:25",264
"2020-02-14 15:51:47",265
"2020-02-14 16:51:04",265
"2020-02-14 17:51:01",264
"2020-02-14 18:51:01",264
"2020-02-14 19:51:06",264
"2020-02-14 20:51:29",264
"2020-02-14 21:50:52",264
"2020-02-14 22:50:41",264
"2020-02-14 23:51:16",264
"2020-02-15 00:50:45",264
"2020-02-15 01:51:01",264
"2020-02-15 02:51:10",264
"2020-02-15 03:51:04",264
"2020-02-15 04:50:51",264
"2020-02-15 05:49:43",264
"2020-02-15 06:49:54",264
"2020-02-15 07:49:44",264
"2020-02-15 08:49:44",264
"2020-02-15 09:49:50",264
"2020-02-15 10:49:37",264
"2020-02-15 11:49:43",264
"2020-02-15 12:49:51",264
"2020-02-15 13:49:42",264
"2020-02-15 14:49:50",264
"2020-02-15 15:49:47",264
"2020-02-15 16:49:45",264
"2020-02-15 17:49:40",264
"2020-02-15 18:50:07",264
"2020-02-15 19:49:42",264
"2020-02-15 20:49:45",264
"2020-02-15 21:49:40",264
"2020-02-15 22:49:42",264
"2020-02-15 23:49:43",264
"2020-02-16 00:49:41",264
"2020-02-16 01:49:41",264
"2020-02-16 02:49:48",264
"2020-02-16 03:49:42",264
"2020-02-16 04:49:46",264
"2020-02-16 05:49:44",264
"2020-02-16 06:49:40",264
"2020-02-16 07:49:41",264
"2020-02-16 08:49:39",264
"2020-02-16 09:49:47",264
"2020-02-16 10:49:38",264
"2020-02-16 11:49:40",264
"2020-02-16 12:49:44",264
"2020-02-16 13:49:40",264
"2020-02-16 14:49:47",264
"2020-02-16 15:50:10",264
"2020-02-16 16:49:55",264
"2020-02-16 17:49:42",264
"2020-02-16 18:49:47",264
"2020-02-16 19:49:42",264
"2020-02-16 20:49:43",264
"2020-02-16 21:49:41",264
"2020-02-16 22:49:44",264
"2020-02-16 23:49:43",264
"2020-02-17 00:49:41",264
"2020-02-17 01:49:40",264
"2020-02-17 02:49:46",264
"2020-02-17 03:49:45",264
"2020-02-17 04:49:42",264
"2020-02-17 05:49:42",264
"2020-02-17 06:49:45",264
"2020-02-17 07:49:37",264
"2020-02-17 08:49:44",264
"2020-02-17 09:49:48",264
"2020-02-17 10:49:40",264
"2020-02-17 11:49:36",264
"2020-02-17 12:49:56",264
"2020-02-17 13:49:37",264
"2020-02-17 14:49:34",264
"2020-02-17 15:49:40",264
"2020-02-17 16:50:05",264
"2020-02-17 17:49:39",264
"2020-02-17 18:49:45",264
"2020-02-17 19:49:37",264
"2020-02-17 20:49:37",264
"2020-02-17 22:50:04",264
"2020-02-17 23:50:11",264
"2020-02-18 00:49:35",264
"2020-02-18 01:49:45",264
"2020-02-18 02:49:48",264
"2020-02-18 03:49:50",264
"2020-02-18 04:49:43",264
"2020-02-18 05:50:49",264
"2020-02-18 06:50:17",264
"2020-02-18 07:50:40",264
"2020-02-18 08:50:50",264
"2020-02-18 09:50:44",264
"2020-02-18 10:50:36",264
"2020-02-18 11:50:32",264
"2020-02-18 12:51:14",264
"2020-02-18 14:12:39",264
"2020-02-18 14:51:40",264
"2020-02-18 15:51:28",264
"2020-02-18 16:51:25",264
"2020-02-18 18:51:18",264
"2020-02-18 19:51:12",264
"2020-02-18 20:50:56",264
"2020-02-18 21:50:45",264
"2020-02-18 22:50:37",264
"2020-02-18 23:50:51",264
"2020-02-19 01:50:40",264
"2020-02-19 02:51:05",264
"2020-02-19 03:51:03",264
"2020-02-19 04:51:06",264
"2020-02-19 05:50:30",264
"2020-02-19 06:51:11",264
"2020-02-19 07:50:51",264
"2020-02-19 08:50:40",264
"2020-02-19 09:51:07",264
"2020-02-19 10:50:25",264
"2020-02-19 11:50:24",264
"2020-02-19 12:50:39",264
"2020-02-19 14:14:10",264
"2020-02-19 14:51:42",264
"2020-02-19 15:51:21",264
"2020-02-19 16:50:58",265
"2020-02-19 17:51:12",266
"2020-02-19 18:51:01",266
"2020-02-19 19:50:55",266
"2020-02-19 20:51:08",265
"2020-02-19 21:51:35",264
"2020-02-19 22:51:05",264
"2020-02-19 23:50:46",264
"2020-02-20 00:51:16",264
"2020-02-20 01:51:08",264
"2020-02-20 02:51:16",264
"2020-02-20 03:51:15",264
"2020-02-20 04:51:15",264
"2020-02-20 05:51:18",264
"2020-02-20 06:51:41",264
"2020-02-20 07:51:28",264
"2020-02-20 08:51:34",264
"2020-02-20 09:50:57",264
"2020-02-20 10:50:58",264
"2020-02-20 11:51:15",264
"2020-02-20 12:51:24",264
"2020-02-20 13:51:32",264
"2020-02-20 14:50:30",264
"2020-02-20 15:50:45",264
"2020-02-20 16:50:18",264
"2020-02-20 17:51:15",264
"2020-02-20 18:51:44",264
"2020-02-20 19:52:16",264
"2020-02-20 20:51:55",264
"2020-02-20 21:51:53",264
"2020-02-20 22:51:59",264
"2020-02-20 23:51:31",264
"2020-02-21 01:51:46",264
"2020-02-21 02:52:04",264
"2020-02-21 03:52:41",264
"2020-02-21 04:52:47",264
"2020-02-21 05:51:59",264
"2020-02-21 06:51:55",264
"2020-02-21 07:52:04",264
"2020-02-21 08:51:38",264
"2020-02-21 09:52:44",264
"2020-02-21 10:53:41",264
"2020-02-21 11:52:46",264
"2020-02-21 12:52:22",264
"2020-02-21 13:52:42",264
"2020-02-21 14:52:44",264
"2020-02-21 15:53:12",265
"2020-02-21 16:54:02",265
"2020-02-21 17:53:36",265
"2020-02-21 18:52:54",265
"2020-02-21 19:51:57",265
"2020-02-21 20:51:57",264
"2020-02-21 21:52:59",264
"2020-02-21 22:52:13",264
"2020-02-21 23:55:32",264
"2020-02-22 00:53:20",264
"2020-02-22 01:52:20",264
"2020-02-22 02:52:10",264
"2020-02-22 03:53:31",264
"2020-02-22 04:52:31",264
"2020-02-22 05:51:21",264
"2020-02-22 06:50:21",264
"2020-02-22 07:51:10",264
"2020-02-22 08:52:06",264
"2020-02-22 09:50:25",264
"2020-02-22 10:50:55",264
"2020-02-22 11:50:26",264
"2020-02-22 12:51:31",264
"2020-02-22 13:54:14",264
"2020-02-22 14:50:26",264
"2020-02-22 15:50:45",264
"2020-02-22 16:52:58",264
"2020-02-22 17:51:43",264
"2020-02-22 18:50:36",264
"2020-02-22 19:50:30",264
"2020-02-22 20:51:28",264
"2020-02-22 21:53:24",264
"2020-02-22 22:52:03",264
"2020-02-22 23:50:27",264
"2020-02-23 00:50:42",264
"2020-02-23 01:50:52",264
"2020-02-23 02:51:16",264
"2020-02-23 03:50:40",264
"2020-02-23 04:51:29",264
"2020-02-23 05:51:30",264
"2020-02-23 06:50:44",264
"2020-02-23 07:50:51",264
"2020-02-23 08:52:08",264
"2020-02-23 09:50:36",264
"2020-02-23 10:50:46",264
"2020-02-23 11:50:52",264
"2020-02-23 12:50:45",264
"2020-02-23 13:50:45",264
"2020-02-23 14:51:36",264
"2020-02-23 15:50:44",264
"2020-02-23 16:50:49",264
"2020-02-23 17:50:27",264
"2020-02-23 18:50:46",264
"2020-02-23 19:50:48",264
"2020-02-23 20:50:41",264
"2020-02-23 21:51:32",264
"2020-02-23 22:50:20",264
"2020-02-23 23:50:53",264
"2020-02-24 00:51:50",264
"2020-02-24 01:50:35",264
"2020-02-24 02:51:43",264
"2020-02-24 03:50:43",264
"2020-02-24 04:51:02",264
"2020-02-24 05:52:59",264
"2020-02-24 06:51:52",264
"2020-02-24 07:51:46",264
"2020-02-24 08:51:52",264
"2020-02-24 10:00:33",264
"2020-02-24 10:51:26",264
"2020-02-24 11:52:45",264
"2020-02-24 12:51:41",264
"2020-02-24 13:52:35",264
"2020-02-24 14:53:40",264
"2020-02-24 15:52:00",263
"2020-02-24 16:53:14",264
"2020-02-24 17:52:09",264
"2020-02-24 18:52:22",265
"2020-02-24 19:53:17",263
"2020-02-24 20:53:23",263
"2020-02-24 21:52:57",263
"2020-02-24 22:52:56",263
"2020-02-24 23:51:41",263
"2020-02-25 00:51:56",263
"2020-02-25 01:51:50",263
"2020-02-25 02:52:26",263
"2020-02-25 03:52:19",263
"2020-02-25 04:52:14",263
"2020-02-25 05:53:39",263
"2020-02-25 06:52:19",263
"2020-02-25 07:52:20",263
"2020-02-25 08:52:35",263
"2020-02-25 10:01:17",263
"2020-02-25 10:52:34",263
"2020-02-25 11:51:46",263
"2020-02-25 12:52:19",263
"2020-02-25 14:13:34",263
"2020-02-25 14:52:32",263
"2020-02-25 15:52:23",265
"2020-02-25 16:52:24",267
"2020-02-25 17:52:09",267
"2020-02-25 18:52:49",267
"2020-02-25 19:52:17",267
"2020-02-25 20:53:17",266
"2020-02-25 21:53:10",266
"2020-02-25 22:52:11",266
"2020-02-25 23:52:06",266
"2020-02-26 00:51:56",266
"2020-02-26 01:52:15",266
"2020-02-26 02:52:30",266
"2020-02-26 03:51:50",266
"2020-02-26 04:53:26",266
"2020-02-26 05:53:02",266
"2020-02-26 06:52:51",266
"2020-02-26 07:53:53",266
"2020-02-26 08:52:38",266
"2020-02-26 09:52:16",266
"2020-02-26 10:51:52",266
"2020-02-26 11:52:31",266
"2020-02-26 12:51:54",266
"2020-02-26 13:53:02",266
"2020-02-26 14:53:44",266
"2020-02-26 15:53:24",267
"2020-02-26 16:52:22",267
"2020-02-26 17:52:20",267
"2020-02-26 18:52:29",267
"2020-02-26 19:53:04",267
"2020-02-26 20:52:58",268
"2020-02-26 21:52:56",268
"2020-02-26 22:52:59",268
"2020-02-26 23:52:58",268
"2020-02-27 00:51:58",268
"2020-02-27 01:52:33",268
"2020-02-27 02:51:46",268
"2020-02-27 03:53:26",268
"2020-02-27 04:52:04",268
"2020-02-27 05:52:07",268
"2020-02-27 06:52:09",268
"2020-02-27 07:51:54",268
"2020-02-27 08:52:38",268
"2020-02-27 09:52:04",268
"2020-02-27 10:53:07",268
"2020-02-27 11:52:27",268
"2020-02-27 12:52:56",268
"2020-02-27 14:12:07",268
"2020-02-27 14:53:59",268
"2020-02-27 15:53:01",267
"2020-02-27 16:53:19",266
"2020-02-27 17:52:39",266
"2020-02-27 18:52:49",265
"2020-02-27 19:51:53",265
"2020-02-27 20:52:36",265
"2020-02-27 21:52:12",265
"2020-02-27 22:52:54",266
"2020-02-27 23:52:05",266
"2020-02-28 00:53:14",266
"2020-02-28 01:51:58",266
"2020-02-28 02:52:04",266
"2020-02-28 03:53:12",266
"2020-02-28 04:53:24",266
"2020-02-28 05:53:11",266
"2020-02-28 06:52:26",266
"2020-02-28 07:52:51",266
"2020-02-28 08:53:28",266
"2020-02-28 09:53:09",266
"2020-02-28 10:51:54",266
"2020-02-28 11:52:22",266
"2020-02-28 12:52:48",266
"2020-02-28 14:12:41",266
"2020-02-28 14:52:32",266
"2020-02-28 15:52:18",262
"2020-02-28 16:52:26",262
"2020-02-28 17:52:20",264
"2020-02-28 18:52:23",264
"2020-02-28 19:53:21",265
"2020-02-28 20:52:13",265
"2020-02-28 21:52:04",266
"2020-02-28 22:52:54",266
"2020-02-28 23:51:58",266
"2020-02-29 00:52:19",266
"2020-02-29 01:52:10",266
"2020-02-29 02:52:03",266
"2020-02-29 03:51:55",266
"2020-02-29 04:52:33",266
"2020-02-29 05:51:54",266
"2020-02-29 06:51:30",266
"2020-02-29 07:53:23",266
"2020-02-29 09:53:21",266
"2020-02-29 10:50:36",266
"2020-02-29 11:50:32",266
"2020-02-29 12:53:27",266
"2020-02-29 13:53:28",266
"2020-02-29 14:50:53",266
"2020-02-29 15:50:50",266
"2020-02-29 16:51:47",266
"2020-02-29 17:51:30",266
"2020-02-29 18:50:46",266
"2020-02-29 19:50:41",266
"2020-02-29 20:50:29",266
"2020-02-29 21:51:14",266
"2020-02-29 22:54:24",266
"2020-02-29 23:53:16",266
"2020-03-01 00:53:20",266
"2020-03-01 01:53:24",266
"2020-03-01 02:50:49",266
"2020-03-01 03:53:18",266
"2020-03-01 04:50:39",266
"2020-03-01 05:51:35",266
"2020-03-01 06:50:44",266
"2020-03-01 07:51:22",266
"2020-03-01 08:50:30",266
"2020-03-01 09:53:21",266
"2020-03-01 10:53:13",266
"2020-03-01 11:51:18",266
"2020-03-01 12:51:33",266
"2020-03-01 13:50:32",266
"2020-03-01 14:50:28",266
"2020-03-01 15:53:27",266
"2020-03-01 16:51:44",266
"2020-03-01 17:53:14",266
"2020-03-01 18:53:29",266
"2020-03-01 19:53:34",266
"2020-03-01 20:53:29",266
"2020-03-01 21:50:38",266
"2020-03-01 22:50:43",266
"2020-03-01 23:53:24",266
"2020-03-02 00:50:23",266
"2020-03-02 01:51:39",266
"2020-03-02 02:53:19",266
"2020-03-02 03:54:23",266
"2020-03-02 04:51:43",266
"2020-03-02 05:55:07",266
"2020-03-02 07:52:07",266
"2020-03-02 08:54:55",266
"2020-03-02 09:54:16",266
"2020-03-02 10:52:34",266
"2020-03-02 11:51:59",266
"2020-03-02 12:52:54",266
"2020-03-02 13:54:56",266
"2020-03-02 18:51:42",266
"2020-03-03 00:53:02",266
"2020-03-03 01:53:31",266
"2020-03-03 02:52:59",266
"2020-03-03 03:53:54",266
"2020-03-03 04:54:56",266
"2020-03-03 06:55:50",266
"2020-03-03 07:52:40",266
"2020-03-03 08:55:48",266
"2020-03-03 09:56:07",266
"2020-03-03 10:52:55",266
"2020-03-03 11:56:54",266
"2020-03-03 12:52:46",266
"2020-03-03 13:56:15",266
"2020-03-03 14:54:58",266
"2020-03-03 16:57:13",265
"2020-03-03 17:56:24",264
"2020-03-03 18:52:04",264
"2020-03-03 19:52:06",264
"2020-03-03 20:53:19",264
"2020-03-03 21:52:55",264
"2020-03-03 22:57:19",264
"2020-03-03 23:54:43",264
"2020-03-04 00:55:49",264
"2020-03-04 01:55:07",264
"2020-03-04 02:52:16",264
"2020-03-04 03:52:53",264
"2020-03-04 04:55:42",264
"2020-03-04 05:52:21",264
"2020-03-04 06:55:48",264
"2020-03-04 07:52:46",264
"2020-03-04 08:54:58",264
"2020-03-04 09:52:39",264
"2020-03-04 10:51:43",264
"2020-03-04 11:55:42",264
"2020-03-04 12:55:26",264
"2020-03-04 13:53:51",264
"2020-03-04 14:52:13",264
"2020-03-04 15:56:03",264
"2020-03-04 16:52:16",264
"2020-03-04 17:53:02",263
"2020-03-04 18:55:01",264
"2020-03-04 20:00:27",263
"2020-03-04 20:55:15",263
"2020-03-04 21:51:58",263
"2020-03-04 22:54:56",263
"2020-03-04 23:52:21",263
"2020-03-05 00:52:37",263
"2020-03-05 01:53:10",263
"2020-03-05 02:52:12",263
"2020-03-05 03:52:21",263
"2020-03-05 04:52:53",263
"2020-03-05 05:52:58",263
"2020-03-05 06:52:23",263
"2020-03-05 07:52:06",263
"2020-03-05 08:53:51",263
"2020-03-05 09:52:57",263
"2020-03-05 10:52:07",263
"2020-03-05 11:55:47",263
"2020-03-05 12:52:54",263
"2020-03-05 13:52:49",263
"2020-03-05 14:55:22",263
"2020-03-05 15:53:11",263
"2020-03-05 16:55:12",263
"2020-03-05 17:52:11",264
"2020-03-05 18:52:28",264
"2020-03-05 19:52:24",264
"2020-03-05 20:52:15",264
"2020-03-05 21:52:05",264
"2020-03-05 22:54:52",264
"2020-03-05 23:54:56",264
"2020-03-06 00:52:07",264
"2020-03-06 01:52:16",264
"2020-03-06 02:56:42",264
"2020-03-06 03:54:57",264
"2020-03-06 04:55:04",264
"2020-03-06 05:55:12",264
"2020-03-06 06:55:44",264
"2020-03-06 07:54:41",264
"2020-03-06 08:52:27",264
"2020-03-06 09:55:09",264
"2020-03-06 10:52:03",264
"2020-03-06 11:55:39",264
"2020-03-06 12:52:23",264
"2020-03-06 13:51:48",264
"2020-03-06 14:56:36",264
"2020-03-06 15:53:14",265
"2020-03-06 16:53:13",266
"2020-03-06 17:52:39",266
"2020-03-06 18:52:02",266
"2020-03-06 19:52:55",266
"2020-03-06 20:52:26",266
"2020-03-06 21:52:06",267
"2020-03-06 22:52:10",267
"2020-03-06 23:53:04",267
"2020-03-07 00:52:01",267
"2020-03-07 01:53:06",267
"2020-03-07 02:52:08",267
"2020-03-07 03:55:43",267
"2020-03-07 04:55:57",267
"2020-03-07 05:55:12",267
"2020-03-07 06:54:55",267
"2020-03-07 07:53:05",267
"2020-03-07 08:54:42",267
"2020-03-07 09:52:25",267
"2020-03-07 10:52:54",267
"2020-03-07 11:54:43",267
"2020-03-07 12:52:50",267
"2020-03-07 13:51:52",266
"2020-03-07 14:52:21",266
"2020-03-07 15:51:50",266
"2020-03-07 16:52:16",266
"2020-03-07 17:53:00",266
"2020-03-07 18:52:16",266
"2020-03-07 19:52:25",266
"2020-03-07 20:55:02",266
"2020-03-07 21:56:03",266
"2020-03-07 22:55:10",266
"2020-03-07 23:54:59",266
"2020-03-08 00:52:08",266
"2020-03-08 01:53:03",266
"2020-03-08 02:53:10",266
"2020-03-08 03:55:12",266
"2020-03-08 04:54:59",266
"2020-03-08 05:54:59",266
"2020-03-08 06:53:38",266
"2020-03-08 07:54:51",266
"2020-03-08 08:54:58",266
"2020-03-08 09:52:54",266
"2020-03-08 10:54:53",266
"2020-03-08 11:52:51",266
"2020-03-08 12:55:39",266
"2020-03-08 13:55:53",266
"2020-03-08 14:52:12",266
"2020-03-08 15:55:04",266
"2020-03-08 16:52:00",266
"2020-03-08 17:52:19",266
"2020-03-08 18:56:10",266
"2020-03-08 19:53:51",266
"2020-03-08 20:53:14",266
"2020-03-08 21:52:09",266
"2020-03-08 22:54:47",266
"2020-03-08 23:52:20",266
"2020-03-09 00:55:33",266
"2020-03-09 01:52:10",266
"2020-03-09 02:55:37",266
"2020-03-09 03:55:22",266
"2020-03-09 04:55:02",266
"2020-03-09 05:52:18",266
"2020-03-09 06:52:03",266
"2020-03-09 07:52:26",266
"2020-03-09 08:51:55",266
"2020-03-09 09:52:39",266
"2020-03-09 10:54:37",266
"2020-03-09 11:54:47",266
"2020-03-09 12:53:45",266
"2020-03-09 13:51:15",266
"2020-03-09 14:54:29",267
"2020-03-09 15:52:43",267
"2020-03-09 16:52:00",267
"2020-03-09 17:50:59",267
"2020-03-09 18:51:25",269
"2020-03-09 19:52:11",269
"2020-03-09 20:52:23",270
"2020-03-09 21:54:53",270
"2020-03-09 22:54:46",270
"2020-03-09 23:55:47",270
"2020-03-10 00:51:55",270
"2020-03-10 01:54:53",270
"2020-03-10 02:52:54",270
"2020-03-10 03:55:37",270
"2020-03-10 04:52:55",270
"2020-03-10 06:55:49",270
"2020-03-10 07:55:24",270
"2020-03-10 08:52:19",270
"2020-03-10 09:54:32",270
"2020-03-10 10:54:19",270
"2020-03-10 11:54:43",270
"2020-03-10 12:52:51",270
"2020-03-10 13:53:26",270
"2020-03-10 14:55:57",270
"2020-03-10 15:56:07",269
"2020-03-10 16:51:58",269
"2020-03-10 17:55:13",268
"2020-03-10 18:55:07",268
"2020-03-10 19:55:19",267
"2020-03-10 20:58:07",267
"2020-03-10 21:55:42",267
"2020-03-10 22:54:48",267
"2020-03-10 23:52:51",267
"2020-03-11 00:55:23",267
"2020-03-11 01:55:36",267
"2020-03-11 02:56:00",267
"2020-03-11 03:52:57",267
"2020-03-11 04:53:10",267
"2020-03-11 05:55:37",267
"2020-03-11 06:54:49",267
"2020-03-11 07:52:01",267
"2020-03-11 08:52:55",267
"2020-03-11 09:51:43",267
"2020-03-11 10:51:59",267
"2020-03-11 11:55:09",267
"2020-03-11 12:55:31",267
"2020-03-11 13:55:04",267
"2020-03-11 14:53:09",267
"2020-03-11 15:52:23",267
"2020-03-11 16:55:47",268
"2020-03-11 17:53:05",268
"2020-03-11 18:52:15",268
"2020-03-11 19:55:59",269
"2020-03-11 20:55:59",269
"2020-03-11 21:53:01",269
"2020-03-11 22:53:07",269
"2020-03-11 23:53:34",269
"2020-03-12 00:52:02",269
"2020-03-12 01:55:11",269
"2020-03-12 02:52:48",269
"2020-03-12 03:55:11",269
"2020-03-12 04:55:49",269
"2020-03-12 05:53:14",269
"2020-03-12 06:52:37",269
"2020-03-12 07:52:53",269
"2020-03-12 08:55:10",269
"2020-03-12 09:53:43",269
"2020-03-12 10:54:57",269
"2020-03-12 11:54:56",269
"2020-03-12 12:54:54",269
"2020-03-12 13:56:16",270
"2020-03-12 14:52:07",266
"2020-03-12 15:51:56",266
"2020-03-12 16:52:29",266
"2020-03-12 17:52:13",266
"2020-03-12 18:55:56",266
"2020-03-12 19:53:14",266
"2020-03-12 20:52:22",266
"2020-03-12 21:56:17",266
"2020-03-12 22:52:11",266
"2020-03-12 23:55:43",266
"2020-03-13 00:56:06",266
"2020-03-13 01:52:03",266
"2020-03-13 02:55:11",266
"2020-03-13 03:55:12",266
"2020-03-13 04:52:54",266
"2020-03-13 05:53:42",266
"2020-03-13 06:56:59",266
"2020-03-13 07:56:29",266
"2020-03-13 08:56:33",266
"2020-03-13 09:56:40",266
"2020-03-13 10:52:56",266
"2020-03-13 11:54:47",266
"2020-03-13 13:12:15",266
"2020-03-13 13:53:52",266
"2020-03-13 14:53:29",265
"2020-03-13 15:53:19",265
"2020-03-13 16:55:20",265
"2020-03-13 17:55:06",265
"2020-03-13 18:56:06",265
"2020-03-13 19:55:21",265
"2020-03-13 20:52:27",265
"2020-03-13 21:53:00",265
"2020-03-13 22:52:11",265
"2020-03-13 23:54:50",265
"2020-03-14 00:53:11",265
"2020-03-14 01:55:49",265
"2020-03-14 02:55:16",265
"2020-03-14 03:52:55",265
"2020-03-14 04:56:00",265
"2020-03-14 05:55:15",265
"2020-03-14 06:53:17",265
"2020-03-14 07:55:51",265
"2020-03-14 08:54:59",265
"2020-03-14 09:54:59",265
"2020-03-14 10:52:40",265
"2020-03-14 11:52:29",265
"2020-03-14 12:52:46",265
"2020-03-14 13:52:11",265
"2020-03-14 14:55:08",265
"2020-03-14 15:52:12",265
"2020-03-14 16:54:57",265
"2020-03-14 17:52:58",265
"2020-03-14 18:55:11",265
"2020-03-14 19:53:16",265
"2020-03-14 20:55:43",265
"2020-03-14 21:55:05",265
"2020-03-14 22:56:04",265
"2020-03-14 23:54:54",265
"2020-03-15 00:52:47",265
"2020-03-15 01:52:58",265
"2020-03-15 02:55:49",265
"2020-03-15 03:56:00",265
"2020-03-15 04:52:22",265
"2020-03-15 05:55:54",265
"2020-03-15 06:53:16",265
"2020-03-15 07:56:04",265
"2020-03-15 09:05:09",265
"2020-03-15 09:53:51",265
"2020-03-15 10:54:44",265
"2020-03-15 11:55:55",265
"2020-03-15 12:54:59",265
"2020-03-15 13:52:24",265
"2020-03-15 14:53:42",265
"2020-03-15 15:52:48",265
"2020-03-15 16:54:59",265
"2020-03-15 17:53:16",265
"2020-03-15 18:55:50",265
"2020-03-15 19:55:07",265
"2020-03-15 20:53:07",265
"2020-03-15 21:53:12",265
"2020-03-15 22:55:04",265
"2020-03-15 23:54:56",265
"2020-03-16 00:52:19",265
"2020-03-16 01:52:26",265
"2020-03-16 02:52:10",265
"2020-03-16 03:54:12",265
"2020-03-16 04:55:05",265
"2020-03-16 05:56:05",265
"2020-03-16 06:53:05",265
"2020-03-16 07:55:49",265
"2020-03-16 09:03:44",265
"2020-03-16 09:54:59",265
"2020-03-16 10:53:02",265
"2020-03-16 11:54:43",265
"2020-03-16 13:13:54",266
"2020-03-16 14:53:01",269
"2020-03-16 15:54:56",268
"2020-03-16 16:52:26",269
"2020-03-16 17:53:09",271
"2020-03-16 18:52:29",271
"2020-03-16 19:55:59",271
"2020-03-16 20:52:10",270
"2020-03-16 21:53:19",270
"2020-03-16 22:52:31",270
"2020-03-16 23:55:25",270
"2020-03-17 00:55:16",270
"2020-03-17 01:52:23",270
"2020-03-17 02:55:08",270
"2020-03-17 20:15:39",269
"2020-03-17 20:25:01",269
"2020-03-17 20:53:10",269
"2020-03-17 21:52:35",269
"2020-03-17 22:52:15",269
"2020-03-17 23:52:44",269
"2020-03-18 00:53:18",269
"2020-03-18 01:53:19",269
"2020-03-18 02:53:20",269
"2020-03-18 03:53:37",269
"2020-03-18 04:53:25",269
"2020-03-18 05:53:34",269
"2020-03-18 06:52:45",269
"2020-03-18 07:53:34",269
"2020-03-18 08:51:57",269
"2020-03-18 09:52:59",269
"2020-03-18 10:52:20",269
"2020-03-18 11:52:20",269
"2020-03-18 13:13:45",269
"2020-03-18 13:53:48",269
"2020-03-18 14:53:00",271
"2020-03-18 15:52:59",272
"2020-03-18 16:52:48",273
"2020-03-18 17:53:41",275
"2020-03-18 18:52:39",275
"2020-03-18 19:53:26",275
"2020-03-18 20:52:44",275
"2020-03-18 21:52:36",275
"2020-03-18 22:52:29",275
"2020-03-18 23:53:02",275
"2020-03-19 00:52:44",275
"2020-03-19 01:53:21",275
"2020-03-19 02:52:28",275
"2020-03-19 03:52:21",275
"2020-03-19 04:52:35",275
"2020-03-19 05:55:50",275
"2020-03-19 06:52:50",275
"2020-03-19 07:52:54",275
"2020-03-19 08:52:28",275
"2020-03-19 09:53:08",275
"2020-03-19 10:52:04",275
"2020-03-19 11:52:23",275
"2020-03-19 12:52:10",275
"2020-03-19 13:52:51",275
"2020-03-19 14:52:56",275
"2020-03-19 15:52:51",276
"2020-03-19 16:52:55",274
"2020-03-19 17:52:48",274
"2020-03-19 18:52:19",274
"2020-03-19 19:53:05",274
"2020-03-19 20:53:40",274
"2020-03-19 21:53:10",274
"2020-03-19 22:52:28",274
"2020-03-19 23:54:06",274
"2020-03-20 00:52:27",274
"2020-03-20 01:52:21",274
"2020-03-20 02:54:20",274
"2020-03-20 03:52:39",274
"2020-03-20 04:52:45",274
"2020-03-20 06:53:21",274
"2020-03-20 07:52:52",274
"2020-03-20 08:54:13",274
"2020-03-20 09:53:18",274
"2020-03-20 10:52:41",274
"2020-03-20 11:52:25",274
"2020-03-20 13:12:38",274
"2020-03-20 13:53:51",274
"2020-03-20 14:52:43",275
"2020-03-20 15:52:34",276
"2020-03-20 16:52:41",277
"2020-03-20 17:52:45",277
"2020-03-20 18:52:29",277
"2020-03-20 19:52:50",277
"2020-03-20 20:52:40",277
"2020-03-20 21:52:18",277
"2020-03-20 22:53:23",277
"2020-03-20 23:53:41",277
"2020-03-21 00:52:55",277
"2020-03-21 01:52:41",277
"2020-03-21 02:53:24",277
"2020-03-21 03:53:27",277
"2020-03-21 04:52:26",277
"2020-03-21 05:52:17",277
"2020-03-21 06:52:29",277
"2020-03-21 07:53:09",277
"2020-03-21 09:15:05",277
"2020-03-21 09:52:34",277
"2020-03-21 10:52:42",277
"2020-03-21 11:52:56",277
"2020-03-21 12:52:12",277
"2020-03-21 13:52:30",277
"2020-03-21 14:53:58",277
"2020-03-21 15:53:17",277
"2020-03-21 16:53:07",277
"2020-03-21 17:53:43",277
"2020-03-21 18:52:45",277
"2020-03-21 19:52:46",277
"2020-03-21 20:52:14",277
"2020-03-21 21:52:43",277
"2020-03-21 22:52:26",277
"2020-03-21 23:52:31",277
"2020-03-22 00:52:15",277
"2020-03-22 01:53:06",277
"2020-03-22 02:52:25",277
"2020-03-22 03:53:48",277
"2020-03-22 04:52:48",277
"2020-03-22 05:52:50",277
"2020-03-22 06:53:23",277
"2020-03-22 07:53:12",277
"2020-03-22 09:19:19",277
"2020-03-22 09:52:35",277
"2020-03-22 10:53:06",277
"2020-03-22 11:52:19",277
"2020-03-22 12:53:03",277
"2020-03-22 22:02:23",277
"2020-03-22 22:53:21",277
"2020-03-22 23:52:40",277
"2020-03-23 00:54:42",277
"2020-03-23 01:53:31",277
"2020-03-23 02:52:19",277
"2020-03-23 03:52:31",277
"2020-03-23 04:53:33",277
"2020-03-23 05:53:19",277
"2020-03-23 06:53:04",277
"2020-03-23 07:52:31",277
"2020-03-23 08:52:39",277
"2020-03-23 09:53:27",277
"2020-03-23 10:52:36",277
"2020-03-23 11:53:15",277
"2020-03-23 13:12:08",277
"2020-03-23 13:53:11",277
"2020-03-23 14:53:30",280
"2020-03-23 15:52:57",280
"2020-03-23 16:53:40",281
"2020-03-23 17:52:48",283
"2020-03-23 18:52:33",283
"2020-03-23 19:53:18",284
"2020-03-23 20:53:21",283
"2020-03-23 21:52:38",283
"2020-03-23 22:52:40",283
"2020-03-23 23:52:42",283
"2020-03-24 00:52:26",283
"2020-03-24 01:52:29",283
"2020-03-24 02:52:19",283
"2020-03-24 03:52:49",283
"2020-03-24 04:53:20",283
"2020-03-24 05:55:50",283
"2020-03-24 06:53:41",283
"2020-03-24 07:54:00",283
"2020-03-24 09:13:38",283
"2020-03-24 09:52:05",283
"2020-03-24 10:52:14",283
"2020-03-24 11:52:16",283
"2020-03-24 12:51:49",283
"2020-03-24 13:54:35",283
"2020-03-24 14:54:56",283
"2020-03-24 15:54:09",283
"2020-03-24 16:54:13",283
"2020-03-24 17:53:34",283
"2020-03-24 18:53:30",284
"2020-03-24 19:52:54",282
"2020-03-24 20:52:28",281
"2020-03-24 21:52:15",281
"2020-03-24 22:53:21",281
"2020-03-24 23:53:12",281
"2020-03-25 00:52:35",281
"2020-03-25 01:52:44",281
"2020-03-25 02:52:26",281
"2020-03-25 03:52:26",281
"2020-03-25 04:51:59",281
"2020-03-25 06:53:49",281
"2020-03-25 07:52:26",281
"2020-03-25 09:54:18",281
"2020-03-25 10:52:35",281
"2020-03-25 11:53:09",281
"2020-03-25 12:53:15",281
"2020-03-25 13:53:58",281
"2020-03-25 14:53:47",283
"2020-03-25 15:54:18",284
"2020-03-25 16:53:44",284
"2020-03-25 17:54:35",285
"2020-03-25 18:52:40",284
"2020-03-25 19:52:45",285
"2020-03-25 20:52:57",285
"2020-03-25 21:52:18",285
"2020-03-25 22:52:26",284
"2020-03-25 23:52:37",284
"2020-03-26 02:10:32",284
"2020-03-26 02:52:38",284
"2020-03-26 03:53:09",284
"2020-03-26 04:54:16",284
"2020-03-26 05:52:54",284
"2020-03-26 06:53:01",284
"2020-03-26 07:53:01",284
"2020-03-26 08:52:28",284
"2020-03-26 09:53:12",284
"2020-03-26 10:52:03",284
"2020-03-26 11:52:42",284
"2020-03-26 12:52:42",284
"2020-03-26 13:52:52",284
"2020-03-26 14:53:12",286
"2020-03-26 15:53:02",289
"2020-03-26 16:52:46",290
"2020-03-26 17:53:20",290
"2020-03-26 18:52:36",290
"2020-03-26 19:52:38",290
"2020-03-26 20:52:46",291
"2020-03-26 21:53:11",291
"2020-03-26 22:52:22",291
"2020-03-26 23:53:30",291
"2020-03-27 00:52:41",291
"2020-03-27 01:53:04",291
"2020-03-27 02:53:20",291
"2020-03-27 03:52:48",291
"2020-03-27 04:53:05",291
"2020-03-27 05:52:42",291
"2020-03-27 06:53:17",291
"2020-03-27 07:54:08",291
"2020-03-27 08:56:36",291
"2020-03-27 09:53:57",291
"2020-03-27 10:52:57",291
"2020-03-27 11:52:28",291
"2020-03-27 12:52:19",291
"2020-03-27 13:53:24",291
"2020-03-27 14:52:39",292
"2020-03-27 15:52:47",293
"2020-03-27 16:53:07",293
"2020-03-27 17:52:45",293
"2020-03-27 18:53:39",295
"2020-03-27 19:52:45",298
"2020-03-27 20:52:41",296
"2020-03-27 21:53:37",297
"2020-03-27 22:52:45",297
"2020-03-27 23:53:01",297
"2020-03-28 00:53:16",297
"2020-03-28 01:52:10",297
"2020-03-28 02:52:23",297
"2020-03-28 03:52:47",297
"2020-03-28 04:52:34",297
"2020-03-28 05:54:13",297
"2020-03-28 06:52:45",297
"2020-03-28 07:52:08",297
"2020-03-28 08:52:29",297
"2020-03-28 09:53:03",297
"2020-03-28 10:53:30",297
"2020-03-28 11:52:31",297
"2020-03-28 12:53:19",297
"2020-03-28 13:53:14",297
"2020-03-28 14:52:42",297
"2020-03-28 15:52:35",297
"2020-03-28 16:52:22",297
"2020-03-28 17:52:39",297
"2020-03-28 18:52:54",297
"2020-03-28 19:52:19",297
"2020-03-28 20:52:42",297
"2020-03-28 21:52:14",297
"2020-03-28 22:54:00",297
"2020-03-28 23:52:42",297
"2020-03-29 00:53:00",297
"2020-03-29 01:53:20",297
"2020-03-29 02:54:05",297
"2020-03-29 03:54:21",297
"2020-03-29 04:53:20",297
"2020-03-29 05:52:57",297
"2020-03-29 06:54:17",297
"2020-03-29 07:53:07",297
"2020-03-29 08:52:36",297
"2020-03-29 09:52:32",297
"2020-03-29 10:53:38",297
"2020-03-29 11:52:42",297
"2020-03-29 12:52:25",297
"2020-03-29 13:52:27",297
"2020-03-29 14:52:27",297
"2020-03-29 15:52:27",297
"2020-03-29 16:52:38",297
"2020-03-29 17:53:15",297
"2020-03-29 18:52:35",297
"2020-03-29 19:52:28",297
"2020-03-29 20:52:23",297
"2020-03-29 21:54:02",297
"2020-03-29 22:52:45",297
"2020-03-29 23:52:53",297
"2020-03-30 00:52:44",297
"2020-03-30 01:52:32",297
"2020-03-30 02:53:41",297
"2020-03-30 03:52:40",297
"2020-03-30 04:53:34",297
"2020-03-30 05:52:25",297
"2020-03-30 06:52:52",297
"2020-03-30 07:53:26",297
"2020-03-30 08:52:30",297
"2020-03-30 09:52:09",297
"2020-03-30 10:52:19",297
"2020-03-30 11:51:51",297
"2020-03-30 12:52:21",297
"2020-03-30 13:53:46",297
"2020-03-30 14:52:34",300
"2020-03-30 15:53:26",301
"2020-03-30 16:52:47",301
"2020-03-30 17:53:17",302
"2020-03-30 18:52:50",302
"2020-03-30 19:53:34",302
"2020-03-30 20:52:35",303
"2020-03-30 21:53:14",303
"2020-03-30 22:52:23",303
"2020-03-30 23:52:15",303
"2020-03-31 00:52:09",303
"2020-03-31 01:52:21",303
"2020-03-31 02:52:27",303
"2020-03-31 03:52:56",303
"2020-03-31 04:52:26",303
"2020-03-31 05:52:33",303
"2020-03-31 06:52:27",303
"2020-03-31 07:52:40",302
"2020-03-31 08:52:35",302
"2020-03-31 09:52:28",302
"2020-03-31 10:52:23",302
"2020-03-31 11:53:15",302
"2020-03-31 13:11:11",302
"2020-03-31 13:52:50",302
"2020-03-31 14:53:51",303
"2020-03-31 15:52:36",303
"2020-03-31 16:53:48",304
"2020-03-31 17:52:38",304
"2020-03-31 18:53:11",303
"2020-03-31 19:52:27",303
"2020-03-31 20:53:20",303
"2020-03-31 21:52:26",303
"2020-03-31 22:52:31",303
"2020-03-31 23:51:36",303
"2020-04-01 00:50:57",303
"2020-04-01 01:50:57",303
"2020-04-01 02:50:53",303
"2020-04-01 03:51:04",303
"2020-04-01 04:51:31",303
"2020-04-01 05:51:54",303
"2020-04-01 06:51:12",303
"2020-04-01 07:51:51",303
"2020-04-01 08:50:56",303
"2020-04-01 09:51:18",303
"2020-04-01 10:50:29",303
"2020-04-01 11:52:18",303
"2020-04-01 13:14:12",303
"2020-04-01 13:50:55",303
"2020-04-01 14:52:19",305
"2020-04-01 15:51:42",306
"2020-04-01 16:50:37",306
"2020-04-01 17:50:34",308
"2020-04-01 18:50:42",308
"2020-04-01 19:50:55",310
"2020-04-01 20:50:59",310
"2020-04-01 21:50:41",310
"2020-04-01 22:50:41",310
"2020-04-01 23:51:50",310
"2020-04-02 00:50:51",310
"2020-04-02 01:51:44",310
"2020-04-02 02:50:48",310
"2020-04-02 03:51:40",310
"2020-04-02 04:50:54",310
"2020-04-02 05:51:06",310
"2020-04-02 06:50:25",309
"2020-04-02 07:51:41",309
"2020-04-02 08:52:44",309
"2020-04-02 09:51:39",309
"2020-04-02 10:50:58",309
"2020-04-02 11:50:44",309
"2020-04-02 13:15:14",309
"2020-04-02 13:51:53",309
"2020-04-02 14:50:36",310
"2020-04-02 15:51:04",311
"2020-04-02 16:50:28",312
"2020-04-02 17:50:39",311
"2020-04-02 19:50:42",311
"2020-04-02 20:51:25",310
"2020-04-02 21:52:28",310
"2020-04-02 22:51:55",310
"2020-04-02 23:50:40",310
"2020-04-03 00:51:05",310
"2020-04-03 01:51:37",310
"2020-04-03 02:50:55",310
"2020-04-03 03:50:42",310
"2020-04-03 04:51:25",310
"2020-04-03 05:51:42",310
"2020-04-03 06:50:51",310
"2020-04-03 08:50:52",310
"2020-04-03 09:50:52",310
"2020-04-03 10:51:36",310
"2020-04-03 11:50:43",310
"2020-04-03 13:16:14",310
"2020-04-03 13:51:06",310
"2020-04-03 14:51:10",310
"2020-04-03 15:51:46",311
"2020-04-03 16:51:41",312
"2020-04-03 17:51:45",313
"2020-04-03 18:51:47",313
"2020-04-03 19:50:47",314
"2020-04-03 20:50:44",314
"2020-04-03 21:51:04",314
"2020-04-03 22:52:21",314
"2020-04-03 23:50:55",314
"2020-04-04 00:50:37",314
"2020-04-04 01:51:35",314
"2020-04-04 02:51:00",314
"2020-04-04 03:51:05",314
"2020-04-04 04:51:21",314
"2020-04-04 05:51:36",314
"2020-04-04 06:50:39",314
"2020-04-04 07:51:50",314
"2020-04-04 08:51:25",314
"2020-04-04 09:51:23",314
"2020-04-04 10:50:52",314
"2020-04-04 11:50:49",314
"2020-04-04 12:50:47",314
"2020-04-04 13:50:44",314
"2020-04-04 14:51:17",314
"2020-04-04 15:50:31",314
"2020-04-04 16:50:51",314
"2020-04-04 17:50:53",314
"2020-04-04 18:50:45",314
"2020-04-04 19:50:50",314
"2020-04-04 20:50:37",314
"2020-04-04 21:50:43",314
"2020-04-04 22:51:47",314
"2020-04-04 23:50:40",314
"2020-04-05 00:52:10",314
"2020-04-05 01:51:34",314
"2020-04-05 02:50:36",314
"2020-04-05 03:50:53",314
"2020-04-05 04:51:37",314
"2020-04-05 05:51:20",314
"2020-04-05 06:51:27",314
"2020-04-05 07:50:53",314
"2020-04-05 08:51:02",314
"2020-04-05 09:50:44",314
"2020-04-05 10:51:48",314
"2020-04-05 11:51:34",314
"2020-04-05 12:50:38",314
"2020-04-05 13:51:43",314
"2020-04-05 14:50:50",314
"2020-04-05 15:50:34",314
"2020-04-05 16:51:37",314
"2020-04-05 17:50:28",314
"2020-04-05 18:50:54",314
"2020-04-05 19:50:40",314
"2020-04-05 20:50:52",314
"2020-04-05 21:50:59",314
"2020-04-05 22:51:29",314
"2020-04-05 23:50:41",314
"2020-04-06 00:50:36",314
"2020-04-06 01:50:58",314
"2020-04-06 02:51:26",314
"2020-04-06 03:52:29",314
"2020-04-06 04:50:21",314
"2020-04-06 05:51:13",314
"2020-04-06 06:51:15",314
"2020-04-06 07:50:48",314
"2020-04-06 08:51:36",314
"2020-04-06 09:50:41",314
"2020-04-06 10:51:13",314
"2020-04-06 11:50:29",314
"2020-04-06 12:51:10",314
"2020-04-06 13:50:54",314
"2020-04-06 14:50:51",313
"2020-04-06 15:50:53",314
"2020-04-06 16:50:38",314
"2020-04-06 17:50:36",314
"2020-04-06 18:54:13",314
"2020-04-06 19:51:35",314
"2020-04-06 20:50:44",314
"2020-04-06 21:50:31",314
"2020-04-06 22:50:52",314
"2020-04-06 23:51:16",314
"2020-04-07 00:50:54",314
"2020-04-07 01:51:12",314
"2020-04-07 02:50:56",314
"2020-04-07 03:50:41",314
"2020-04-07 04:50:46",314
"2020-04-07 05:50:30",314
"2020-04-07 06:51:07",314
"2020-04-07 07:50:52",314
"2020-04-07 08:51:29",314
"2020-04-07 09:50:39",314
"2020-04-07 10:50:21",314
"2020-04-07 11:50:38",314
"2020-04-07 12:50:38",314
"2020-04-07 13:50:48",313
"2020-04-07 14:50:15",316
"2020-04-07 15:50:32",317
"2020-04-07 16:50:59",317
"2020-04-07 17:50:25",316
"2020-04-07 18:50:30",317
"2020-04-07 19:50:26",317
"2020-04-07 20:50:48",317
"2020-04-07 21:50:58",317
"2020-04-07 22:50:35",317
"2020-04-07 23:50:42",317
"2020-04-08 00:50:54",317
"2020-04-08 01:50:32",317
"2020-04-08 02:50:11",317
"2020-04-08 03:50:57",317
"2020-04-08 04:50:22",317
"2020-04-08 06:50:49",317
"2020-04-08 07:51:07",317
"2020-04-08 09:12:36",317
"2020-04-08 09:50:41",317
"2020-04-08 10:50:33",317
"2020-04-08 11:50:27",317
"2020-04-08 12:50:29",317
"2020-04-08 13:50:39",317
"2020-04-08 14:50:22",317
"2020-04-08 15:50:46",320
"2020-04-08 16:50:29",319
"2020-04-08 17:51:07",319
"2020-04-08 18:50:28",320
"2020-04-08 19:51:03",320
"2020-04-08 20:50:42",319
"2020-04-08 21:50:30",319
"2020-04-08 22:50:20",319
"2020-04-08 23:50:36",319
"2020-04-09 00:50:27",319
"2020-04-09 02:50:35",319
"2020-04-09 03:50:27",319
"2020-04-09 04:51:11",319
"2020-04-09 05:50:44",319
"2020-04-09 06:51:18",319
"2020-04-09 07:50:16",319
"2020-04-09 08:50:22",319
"2020-04-09 09:50:18",319
"2020-04-09 10:50:30",319
"2020-04-09 11:50:30",319
"2020-04-09 12:50:25",319
"2020-04-09 13:50:48",319
"2020-04-09 14:50:48",317
"2020-04-09 15:50:08",318
"2020-04-09 16:50:30",319
"2020-04-09 17:50:29",320
"2020-04-09 18:50:05",321
"2020-04-09 19:51:03",320
"2020-04-09 20:50:28",319
"2020-04-09 21:50:26",319
"2020-04-09 22:50:22",319
"2020-04-09 23:50:19",319
"2020-04-10 00:50:32",319
"2020-04-10 01:50:16",319
"2020-04-10 02:50:39",319
"2020-04-10 03:50:31",319
"2020-04-10 04:50:22",319
"2020-04-10 05:50:43",319
"2020-04-10 06:50:20",319
"2020-04-10 07:50:22",319
"2020-04-10 08:50:42",319
"2020-04-10 09:50:25",319
"2020-04-10 10:50:33",319
"2020-04-10 11:50:30",319
"2020-04-10 12:50:26",319
"2020-04-10 13:50:36",319
"2020-04-10 14:50:53",319
"2020-04-10 15:50:30",319
"2020-04-10 16:50:14",319
"2020-04-10 17:50:26",319
"2020-04-10 18:50:27",319
"2020-04-10 19:50:28",319
"2020-04-10 20:51:12",319
"2020-04-10 21:49:56",319
"2020-04-10 22:49:51",319
"2020-04-10 23:49:54",319
"2020-04-11 00:50:05",319
"2020-04-11 01:49:43",319
"2020-04-11 02:49:54",319
"2020-04-11 03:49:53",319
"2020-04-11 04:50:04",319
"2020-04-11 05:49:48",319
"2020-04-11 06:49:54",319
"2020-04-11 07:49:51",319
"2020-04-11 08:49:40",319
"2020-04-11 09:49:44",319
"2020-04-11 10:50:04",319
"2020-04-11 11:49:41",319
"2020-04-11 12:49:51",319
"2020-04-11 13:50:04",319
"2020-04-11 14:49:41",319
"2020-04-11 15:50:07",319
"2020-04-11 16:49:59",319
"2020-04-11 17:50:00",319
"2020-04-11 18:49:57",319
"2020-04-11 19:49:50",319
"2020-04-11 20:49:40",319
"2020-04-11 21:49:52",319
"2020-04-11 22:49:50",319
"2020-04-11 23:49:52",319
"2020-04-12 00:50:05",319
"2020-04-12 01:49:50",319
"2020-04-12 02:49:50",319
"2020-04-12 03:49:44",319
"2020-04-12 04:50:13",319
"2020-04-12 05:49:58",319
"2020-04-12 06:49:57",319
"2020-04-12 07:49:47",319
"2020-04-12 08:49:49",319
"2020-04-12 09:49:55",319
"2020-04-12 10:49:56",319
"2020-04-12 11:49:45",319
"2020-04-12 12:49:52",319
"2020-04-12 13:50:04",319
"2020-04-12 14:49:55",319
"2020-04-12 15:49:52",319
"2020-04-12 16:49:51",319
"2020-04-12 17:49:41",319
"2020-04-12 18:50:00",319
"2020-04-12 19:49:52",319
"2020-04-12 20:50:19",319
"2020-04-12 21:50:00",319
"2020-04-12 22:50:07",319
"2020-04-12 23:50:19",319
"2020-04-13 00:50:35",319
"2020-04-13 01:50:10",319
"2020-04-13 02:50:16",319
"2020-04-13 03:50:42",319
"2020-04-13 04:50:23",319
"2020-04-13 05:50:16",319
"2020-04-13 06:49:54",319
"2020-04-13 07:49:41",319
"2020-04-13 08:49:55",319
"2020-04-13 09:49:50",319
"2020-04-13 10:49:49",319
"2020-04-13 11:50:03",319
"2020-04-13 13:13:03",319
"2020-04-13 13:49:47",319
"2020-04-13 14:49:45",326
"2020-04-13 15:49:49",326
"2020-04-13 16:49:57",326
"2020-04-13 17:50:13",327
"2020-04-13 18:49:42",327
"2020-04-13 19:49:46",327
"2020-04-13 20:49:55",327
"2020-04-13 21:49:57",327
"2020-04-13 22:49:44",327
"2020-04-13 23:49:57",327
"2020-04-14 00:50:39",327
"2020-04-14 01:50:31",327
"2020-04-14 02:50:22",327
"2020-04-14 03:50:24",327
"2020-04-14 04:50:23",327
"2020-04-14 05:50:32",327
"2020-04-14 06:50:05",327
"2020-04-14 07:49:56",327
"2020-04-14 08:50:00",327
"2020-04-14 09:49:57",327
"2020-04-14 10:49:56",327
"2020-04-14 11:49:57",327
"2020-04-14 12:49:52",327
"2020-04-14 13:50:01",327
"2020-04-14 14:50:15",329
"2020-04-14 15:50:18",330
"2020-04-14 16:50:21",330
"2020-04-14 17:49:42",329
"2020-04-14 18:50:27",329
"2020-04-14 19:49:53",329
"2020-04-14 20:49:51",328
"2020-04-14 21:49:55",328
"2020-04-14 22:49:51",328
"2020-04-14 23:50:13",328
"2020-04-15 00:50:17",328
"2020-04-15 01:50:18",328
"2020-04-15 02:50:16",328
"2020-04-15 03:50:12",328
"2020-04-15 04:50:14",328
"2020-04-15 05:49:49",328
"2020-04-15 06:49:45",328
"2020-04-15 07:49:55",328
"2020-04-15 08:50:00",328
"2020-04-15 09:49:54",328
"2020-04-15 10:49:45",328
"2020-04-15 11:49:43",328
"2020-04-15 13:16:07",328
"2020-04-15 14:49:55",333
"2020-04-15 15:49:46",333
"2020-04-15 16:50:05",333
"2020-04-15 17:49:47",334
"2020-04-15 18:49:53",333
"2020-04-15 19:50:06",335
"2020-04-15 20:49:50",334
"2020-04-15 21:50:03",334
"2020-04-15 22:50:04",334
"2020-04-15 23:50:09",334
"2020-04-16 00:50:17",334
"2020-04-16 01:50:25",334
"2020-04-16 02:50:27",334
"2020-04-16 03:50:28",334
"2020-04-16 04:50:29",334
"2020-04-16 05:50:02",334
"2020-04-16 06:50:17",334
"2020-04-16 07:49:57",334
"2020-04-16 08:49:56",333
"2020-04-16 09:49:47",333
"2020-04-16 10:49:57",333
"2020-04-16 11:49:56",333
"2020-04-16 12:49:56",333
"2020-04-16 13:49:56",333
"2020-04-16 14:49:51",336
"2020-04-16 15:50:27",336
"2020-04-16 16:50:27",335
"2020-04-16 17:50:00",335
"2020-04-16 18:50:21",335
"2020-04-16 19:49:50",334
"2020-04-16 20:50:05",336
"2020-04-16 21:50:29",336
"2020-04-16 22:49:59",336
"2020-04-16 23:50:30",336
"2020-04-17 00:50:16",336
"2020-04-17 01:50:19",336
"2020-04-17 02:50:27",336
"2020-04-17 03:50:06",336
"2020-04-17 04:50:00",336
"2020-04-17 05:50:05",336
"2020-04-17 06:50:06",336
"2020-04-17 07:50:20",336
"2020-04-17 08:50:02",336
"2020-04-17 09:49:57",336
"2020-04-17 10:50:01",336
"2020-04-17 11:49:47",336
"2020-04-17 13:13:08",336
"2020-04-17 13:50:20",336
"2020-04-17 14:50:01",338
"2020-04-17 15:50:08",337
"2020-04-17 16:49:45",341
"2020-04-17 17:49:55",341
"2020-04-17 18:50:27",341
"2020-04-17 19:50:17",342
"2020-04-17 20:50:26",341
"2020-04-17 21:50:23",341
"2020-04-17 22:50:09",341
"2020-04-17 23:50:22",341
"2020-04-18 00:50:20",341
"2020-04-18 01:50:15",341
"2020-04-18 02:50:08",341
"2020-04-18 03:50:10",341
"2020-04-18 04:50:25",341
"2020-04-18 05:50:23",341
"2020-04-18 06:49:58",341
"2020-04-18 07:49:51",341
"2020-04-18 08:50:22",341
"2020-04-18 09:49:41",341
"2020-04-18 10:49:55",341
"2020-04-18 11:50:01",341
"2020-04-18 12:49:42",341
"2020-04-18 13:50:13",341
"2020-04-18 14:49:51",341
"2020-04-18 15:50:06",341
"2020-04-18 16:49:42",341
"2020-04-18 17:50:01",341
"2020-04-18 18:50:02",341
"2020-04-18 19:49:56",341
"2020-04-18 20:50:01",341
"2020-04-18 21:49:51",341
"2020-04-18 22:50:12",341
"2020-04-18 23:50:34",341
"2020-04-19 00:50:36",341
"2020-04-19 01:50:55",341
"2020-04-19 02:50:23",341
"2020-04-19 03:50:27",341
"2020-04-19 04:50:56",341
"2020-04-19 05:50:16",341
"2020-04-19 06:50:25",341
"2020-04-19 07:50:12",341
"2020-04-19 08:49:58",341
"2020-04-19 09:49:56",341
"2020-04-19 10:49:55",341
"2020-04-19 11:49:43",341
"2020-04-19 12:49:47",341
"2020-04-19 13:50:20",341
"2020-04-19 14:49:49",341
"2020-04-19 15:50:03",341
"2020-04-19 16:50:05",341
"2020-04-19 17:50:28",341
"2020-04-19 18:49:58",341
"2020-04-19 19:49:54",341
"2020-04-19 20:49:45",341
"2020-04-19 21:50:44",341
"2020-04-19 22:50:32",341
"2020-04-19 23:50:17",341
"2020-04-20 00:50:45",341
"2020-04-20 01:50:31",341
"2020-04-20 02:50:49",341
"2020-04-20 03:50:48",341
"2020-04-20 04:50:18",341
"2020-04-20 05:50:44",341
"2020-04-20 06:50:27",341
"2020-04-20 07:49:56",341
"2020-04-20 08:49:52",341
"2020-04-20 09:49:54",341
"2020-04-20 10:49:53",341
"2020-04-20 11:49:52",341
"2020-04-20 12:49:53",341
"2020-04-20 13:49:50",341
"2020-04-20 14:50:36",345
"2020-04-20 15:50:01",346
"2020-04-20 16:50:14",347
"2020-04-20 17:50:11",346
"2020-04-20 18:50:27",346
"2020-04-20 20:51:17",345
"2020-04-20 21:51:05",345
"2020-04-20 22:51:35",345
"2020-04-20 23:50:26",345
"2020-04-21 00:50:46",345
"2020-04-21 01:50:29",345
"2020-04-21 02:50:25",345
"2020-04-21 03:52:53",345
"2020-04-21 04:53:37",345
"2020-04-21 05:53:56",345
"2020-04-21 06:50:28",345
"2020-04-21 07:50:13",345
"2020-04-21 08:50:07",345
"2020-04-21 09:50:02",345
"2020-04-21 10:50:01",345
"2020-04-21 11:49:59",345
"2020-04-21 12:50:02",345
"2020-04-21 13:50:38",345
"2020-04-21 14:50:28",346
"2020-04-21 15:49:47",347
"2020-04-21 16:49:43",348
"2020-04-21 17:50:27",349
"2020-04-21 18:49:44",350
"2020-04-21 19:49:57",350
"2020-04-21 20:50:36",352
"2020-04-21 21:50:44",352
"2020-04-21 22:50:35",352
"2020-04-21 23:49:53",352
"2020-04-22 00:50:21",352
"2020-04-22 01:50:35",352
"2020-04-22 02:50:39",352
"2020-04-22 03:50:20",352
"2020-04-22 04:49:52",352
"2020-04-22 05:49:57",352
"2020-04-22 06:50:30",352
"2020-04-22 07:50:14",352
"2020-04-22 08:49:48",352
"2020-04-22 09:50:06",352
"2020-04-22 10:50:42",352
"2020-04-22 11:49:48",352
"2020-04-22 12:49:58",352
"2020-04-22 13:49:48",352
"2020-04-22 14:50:24",354
"2020-04-22 15:49:52",354
"2020-04-22 16:50:33",354
"2020-04-22 17:50:46",356
"2020-04-22 18:50:22",357
"2020-04-22 19:49:55",357
"2020-04-22 20:50:10",357
"2020-04-22 21:50:27",357
"2020-04-22 22:50:21",357
"2020-04-22 23:50:30",357
"2020-04-23 00:49:53",357
"2020-04-23 01:50:22",357
"2020-04-23 02:50:32",357
"2020-04-23 03:50:31",357
"2020-04-23 04:50:12",357
"2020-04-23 05:49:45",357
"2020-04-23 06:49:57",357
"2020-04-23 07:50:04",357
"2020-04-23 08:49:55",357
"2020-04-23 09:49:42",357
"2020-04-23 10:49:55",357
"2020-04-23 11:50:09",357
"2020-04-23 12:49:45",357
"2020-04-23 13:49:44",357
"2020-04-23 14:49:47",357
"2020-04-23 15:49:55",357
"2020-04-23 16:50:25",355
"2020-04-23 17:49:45",355
"2020-04-23 18:50:04",356
"2020-04-23 19:49:53",356
"2020-04-23 20:50:33",356
"2020-04-23 21:49:59",356
"2020-04-23 22:49:52",357
"2020-04-23 23:50:05",357
"2020-04-24 00:50:19",357
"2020-04-24 01:50:53",357
"2020-04-24 02:49:42",357
"2020-04-24 03:50:35",357
"2020-04-24 04:50:17",357
"2020-04-24 05:49:48",357
"2020-04-24 06:49:49",357
"2020-04-24 07:49:42",357
"2020-04-24 08:50:04",357
"2020-04-24 09:49:53",357
"2020-04-24 10:49:50",357
"2020-04-24 11:49:42",357
"2020-04-24 13:14:09",357
"2020-04-24 13:50:23",357
"2020-04-24 14:50:03",358
"2020-04-24 15:49:50",358
"2020-04-24 16:49:53",360
"2020-04-24 17:50:00",360
"2020-04-24 18:51:12",360
"2020-04-24 19:49:52",361
"2020-04-24 20:50:05",361
"2020-04-24 21:50:45",361
"2020-04-24 22:50:43",361
"2020-04-24 23:50:06",361
"2020-04-25 00:50:30",361
"2020-04-25 01:50:36",361
"2020-04-25 02:50:30",361
"2020-04-25 03:50:38",361
"2020-04-25 04:50:31",361
"2020-04-25 05:50:45",360
"2020-04-25 06:50:09",360
"2020-04-25 07:49:54",360
"2020-04-25 08:50:08",360
"2020-04-25 09:50:01",360
"2020-04-25 10:49:48",360
"2020-04-25 11:49:59",360
"2020-04-25 12:49:55",360
"2020-04-25 13:50:18",360
"2020-04-25 14:50:01",360
"2020-04-25 15:50:08",360
"2020-04-25 16:50:16",360
"2020-04-25 17:50:10",360
"2020-04-25 18:49:54",360
"2020-04-25 19:50:08",360
"2020-04-25 20:49:57",360
"2020-04-25 21:49:56",360
"2020-04-25 22:50:02",360
"2020-04-25 23:50:03",360
"2020-04-26 00:50:00",360
"2020-04-26 01:50:27",360
"2020-04-26 02:50:24",360
"2020-04-26 03:50:36",360
"2020-04-26 04:49:51",360
"2020-04-26 05:50:38",360
"2020-04-26 06:50:12",360
"2020-04-26 07:50:03",360
"2020-04-26 08:49:59",360
"2020-04-26 09:49:58",360
"2020-04-26 10:49:49",360
"2020-04-26 11:50:05",360
"2020-04-26 12:49:58",360
"2020-04-26 13:49:46",360
"2020-04-26 14:49:53",360
"2020-04-26 15:50:04",360
"2020-04-26 16:50:02",360
"2020-04-26 17:49:58",360
"2020-04-26 18:49:57",360
"2020-04-26 19:49:46",360
"2020-04-26 20:49:53",360
"2020-04-26 21:50:13",360
"2020-04-26 22:50:22",360
"2020-04-26 23:50:49",360
"2020-04-27 00:50:46",360
"2020-04-27 01:50:45",360
"2020-04-27 02:50:32",360
"2020-04-27 03:50:36",360
"2020-04-27 04:50:38",360
"2020-04-27 05:50:09",360
"2020-04-27 06:50:04",360
"2020-04-27 07:49:51",360
"2020-04-27 08:50:06",360
"2020-04-27 09:50:07",360
"2020-04-27 10:50:08",360
"2020-04-27 11:49:42",360
"2020-04-27 12:49:58",360
"2020-04-27 13:50:49",359
"2020-04-27 14:50:12",360
"2020-04-27 15:50:03",361
"2020-04-27 16:49:44",362
"2020-04-27 17:50:01",364
"2020-04-27 18:49:55",365
"2020-04-27 19:49:53",365
"2020-04-27 20:49:54",365
"2020-04-27 21:50:09",366
"2020-04-27 22:49:51",366
"2020-04-27 23:50:28",366
"2020-04-28 00:51:08",366
"2020-04-28 01:50:06",366
"2020-04-28 02:50:46",366
"2020-04-28 03:50:42",366
"2020-04-28 04:50:32",366
"2020-04-28 05:49:59",366
"2020-04-28 06:49:54",366
"2020-04-28 07:50:38",366
"2020-04-28 08:50:26",366
"2020-04-28 09:50:04",366
"2020-04-28 10:49:44",366
"2020-04-28 11:50:03",366
"2020-04-28 12:50:06",366
"2020-04-28 13:49:59",365
"2020-04-28 14:50:48",368
"2020-04-28 15:50:35",368
"2020-04-28 16:49:50",370
"2020-04-28 17:49:57",371
"2020-04-28 18:49:55",371
"2020-04-28 19:49:56",372
"2020-04-28 20:49:59",372
"2020-04-28 21:50:07",372
"2020-04-28 22:49:46",372
"2020-04-28 23:50:21",372
"2020-04-29 00:50:50",372
"2020-04-29 01:50:51",372
"2020-04-29 02:50:42",372
"2020-04-29 03:49:56",372
"2020-04-29 04:50:00",372
"2020-04-29 05:49:47",372
"2020-04-29 06:50:07",372
"2020-04-29 07:50:04",372
"2020-04-29 08:50:00",372
"2020-04-29 09:50:28",372
"2020-04-29 10:50:02",372
"2020-04-29 11:49:41",372
"2020-04-29 13:12:02",371
"2020-04-29 13:50:06",371
"2020-04-29 14:49:49",371
"2020-04-29 15:49:47",371
"2020-04-29 16:50:07",372
"2020-04-29 17:50:09",371
"2020-04-29 18:50:43",371
"2020-04-29 19:50:48",371
"2020-04-29 20:50:01",372
"2020-04-29 21:50:35",372
"2020-04-29 22:50:46",372
"2020-04-29 23:50:17",372
"2020-04-30 00:50:44",372
"2020-04-30 01:50:52",372
"2020-04-30 02:51:35",372
"2020-04-30 03:51:23",372
"2020-04-30 04:50:29",372
"2020-04-30 05:50:19",372
"2020-04-30 06:50:04",372
"2020-04-30 07:50:03",372
"2020-04-30 08:50:07",372
"2020-04-30 09:49:58",372
"2020-04-30 10:49:45",372
"2020-04-30 11:50:26",372
"2020-04-30 12:50:00",372
"2020-04-30 13:49:54",372
"2020-04-30 14:50:23",373
"2020-04-30 15:49:58",374
"2020-04-30 16:49:53",375
"2020-04-30 17:53:49",375
"2020-04-30 18:50:15",375
"2020-04-30 20:49:59",375
"2020-04-30 21:50:04",375
"2020-04-30 22:50:11",375
"2020-04-30 23:50:01",375
"2020-05-01 00:50:50",375
"2020-05-01 01:50:40",375
"2020-05-01 02:50:00",375
"2020-05-01 03:49:49",375
"2020-05-01 04:50:08",375
"2020-05-01 05:50:14",375
"2020-05-01 06:50:07",375
"2020-05-01 07:50:08",375
"2020-05-01 08:49:59",375
"2020-05-01 09:50:03",375
"2020-05-01 10:49:55",375
"2020-05-01 11:49:55",375
"2020-05-01 13:13:06",375
"2020-05-01 13:50:54",375
"2020-05-01 14:49:51",376
"2020-05-01 15:49:50",377
"2020-05-01 16:49:51",378
"2020-05-01 17:49:51",377
"2020-05-01 18:49:50",378
"2020-05-01 19:50:08",378
"2020-05-01 20:50:05",379
"2020-05-01 21:50:27",379
"2020-05-01 22:49:53",379
"2020-05-01 23:49:52",379
"2020-05-02 00:49:54",379
"2020-05-02 01:50:18",379
"2020-05-02 02:50:07",379
"2020-05-02 03:50:27",379
"2020-05-02 04:50:01",379
"2020-05-02 05:50:21",379
"2020-05-02 06:50:02",379
"2020-05-02 07:50:09",379
"2020-05-02 08:50:06",379
"2020-05-02 09:50:00",379
"2020-05-02 10:49:48",379
"2020-05-02 11:50:03",379
"2020-05-02 12:49:47",379
"2020-05-02 13:50:04",379
"2020-05-02 14:50:02",379
"2020-05-02 15:50:13",379
"2020-05-02 16:50:01",379
"2020-05-02 17:49:59",379
"2020-05-02 18:50:11",379
"2020-05-02 19:50:04",379
"2020-05-02 20:50:24",379
"2020-05-02 21:50:04",379
"2020-05-02 22:49:45",379
"2020-05-02 23:50:34",379
"2020-05-03 00:50:02",379
"2020-05-03 01:50:37",379
"2020-05-03 02:50:31",379
"2020-05-03 03:50:31",379
"2020-05-03 04:50:14",379
"2020-05-03 05:49:55",379
"2020-05-03 06:49:56",379
"2020-05-03 07:50:07",379
"2020-05-03 08:50:00",379
"2020-05-03 09:50:52",379
"2020-05-03 10:50:04",379
"2020-05-03 11:50:02",379
"2020-05-03 12:49:59",379
"2020-05-03 13:50:02",379
"2020-05-03 14:50:10",379
"2020-05-03 15:50:04",379
"2020-05-03 16:50:37",379
"2020-05-03 17:50:48",379
"2020-05-03 18:49:51",379
"2020-05-03 19:51:17",379
"2020-05-03 20:50:40",379
"2020-05-03 21:50:29",379
"2020-05-03 22:50:39",379
"2020-05-03 23:50:42",379
"2020-05-04 00:50:36",379
"2020-05-04 01:50:37",379
"2020-05-04 02:50:39",379
"2020-05-04 03:50:40",379
"2020-05-04 04:49:59",379
"2020-05-04 05:50:00",379
"2020-05-04 06:50:13",379
"2020-05-04 09:36:07",379
"2020-05-04 10:53:10",379
"2020-05-04 11:00:54",379
"2020-05-04 11:08:29",379
"2020-05-04 11:50:16",379
"2020-05-04 13:12:12",378
"2020-05-04 13:49:59",378
"2020-05-04 14:50:10",378
"2020-05-04 15:49:59",375
"2020-05-04 16:50:03",375
"2020-05-04 17:49:59",375
"2020-05-04 18:50:51",375
"2020-05-04 19:50:39",375
"2020-05-04 20:50:31",375
"2020-05-04 21:50:36",375
"2020-05-04 22:49:50",375
"2020-05-04 23:49:55",375
"2020-05-05 00:49:50",375
"2020-05-05 01:50:26",375
"2020-05-05 02:49:47",375
"2020-05-05 03:50:47",375
"2020-05-05 04:50:01",375
"2020-05-05 05:50:00",375
"2020-05-05 06:50:04",375
"2020-05-05 07:50:16",375
"2020-05-05 08:50:30",375
"2020-05-05 09:49:47",375
"2020-05-05 10:49:47",375
"2020-05-05 11:50:25",375
"2020-05-05 12:50:13",375
"2020-05-05 13:50:03",375
"2020-05-05 14:50:02",377
"2020-05-05 15:49:57",377
"2020-05-05 16:50:10",377
"2020-05-05 17:49:55",378
"2020-05-05 18:49:48",378
"2020-05-05 19:50:46",378
"2020-05-05 20:50:11",379
"2020-05-05 21:49:44",379
"2020-05-05 22:49:47",379
"2020-05-05 23:50:39",379
"2020-05-06 00:50:07",379
"2020-05-06 01:50:08",379
"2020-05-06 02:49:57",379
"2020-05-06 03:49:46",379
"2020-05-06 04:50:07",379
"2020-05-06 05:50:00",379
"2020-05-06 06:49:47",379
"2020-05-06 17:50:39",379
"2020-05-06 18:50:45",379
"2020-05-06 19:49:51",379
"2020-05-06 20:50:35",380
"2020-05-06 21:50:36",380
"2020-05-06 22:50:45",380
"2020-05-06 23:50:48",380
"2020-05-07 00:50:05",380
"2020-05-07 01:50:16",380
"2020-05-07 02:49:44",380
"2020-05-07 03:50:05",380
"2020-05-07 04:50:11",380
"2020-05-07 05:49:52",380
"2020-05-07 06:50:03",380
"2020-05-07 08:50:10",380
"2020-05-07 09:49:59",380
"2020-05-07 10:50:30",380
"2020-05-07 11:50:09",380
"2020-05-07 12:50:12",380
"2020-05-07 13:50:17",380
"2020-05-07 14:50:30",379
"2020-05-07 15:49:58",376
"2020-05-07 16:50:09",376
"2020-05-07 17:49:57",375
"2020-05-07 18:49:47",374
"2020-05-07 19:50:57",373
"2020-05-07 20:49:47",374
"2020-05-07 21:49:44",374
"2020-05-07 22:49:44",374
"2020-05-07 23:50:06",374
"2020-05-08 00:49:57",374
"2020-05-08 01:49:45",374
"2020-05-08 02:49:54",374
"2020-05-08 03:50:06",374
"2020-05-08 04:49:48",374
"2020-05-08 05:49:49",374
"2020-05-08 06:49:51",374
"2020-05-08 07:50:01",374
"2020-05-08 08:50:16",374
"2020-05-08 09:50:00",374
"2020-05-08 10:49:57",374
"2020-05-08 11:50:06",374
"2020-05-08 13:12:05",374
"2020-05-08 13:50:17",374
"2020-05-08 14:50:02",375
"2020-05-08 15:50:03",376
"2020-05-08 16:50:39",376
"2020-05-08 17:50:43",376
"2020-05-08 18:50:07",376
"2020-05-08 19:49:52",377
"2020-05-08 20:50:07",377
"2020-05-08 21:49:59",377
"2020-05-08 22:50:11",377
"2020-05-08 23:50:02",377
"2020-05-09 00:49:56",377
"2020-05-09 01:50:18",377
"2020-05-09 02:50:06",377
"2020-05-09 03:50:57",377
"2020-05-09 04:50:00",377
"2020-05-09 05:50:09",377
"2020-05-09 06:50:20",377
"2020-05-09 07:49:56",377
"2020-05-09 08:50:23",377
"2020-05-09 09:50:05",377
"2020-05-09 10:50:05",377
"2020-05-09 11:49:51",377
"2020-05-09 12:49:56",377
"2020-05-09 13:50:00",377
"2020-05-09 14:49:53",377
"2020-05-09 15:50:05",377
"2020-05-09 16:49:52",377
"2020-05-09 17:50:05",377
"2020-05-09 18:50:07",377
"2020-05-09 19:50:01",377
"2020-05-09 20:49:54",377
"2020-05-09 21:50:18",377
"2020-05-09 22:50:07",377
"2020-05-09 23:49:56",377
"2020-05-10 00:50:37",377
"2020-05-10 01:49:57",377
"2020-05-10 02:50:48",377
"2020-05-10 03:50:12",377
"2020-05-10 04:50:15",377
"2020-05-10 05:50:24",377
"2020-05-10 06:50:04",377
"2020-05-10 07:50:19",377
"2020-05-10 08:50:07",377
"2020-05-10 09:50:11",377
"2020-05-10 10:50:09",377
"2020-05-10 11:50:17",377
"2020-05-10 12:50:00",377
"2020-05-10 13:50:13",377
"2020-05-10 14:49:52",377
"2020-05-10 15:50:05",377
"2020-05-10 16:49:59",377
"2020-05-10 17:49:57",377
"2020-05-10 18:50:12",377
"2020-05-10 19:50:00",377
"2020-05-10 20:50:18",377
"2020-05-10 21:50:01",377
"2020-05-10 22:50:06",377
"2020-05-10 23:50:08",377
"2020-05-11 00:50:11",377
"2020-05-11 01:49:53",377
"2020-05-11 02:50:08",377
"2020-05-11 03:50:52",377
"2020-05-11 04:50:02",377
"2020-05-11 05:49:58",377
"2020-05-11 06:50:05",377
"2020-05-11 07:50:16",377
"2020-05-11 08:50:25",377
"2020-05-11 09:49:58",377
"2020-05-11 10:50:00",377
"2020-05-11 11:49:49",377
"2020-05-11 13:11:06",377
"2020-05-11 13:50:18",377
"2020-05-11 14:50:12",382
"2020-05-11 15:50:47",384
"2020-05-11 16:50:11",383
"2020-05-11 17:50:12",383
"2020-05-11 18:50:10",383
"2020-05-11 19:49:57",383
"2020-05-11 20:50:00",383
"2020-05-11 21:50:03",383
"2020-05-11 22:49:47",383
"2020-05-11 23:50:17",383
"2020-05-12 00:50:07",383
"2020-05-12 01:50:09",383
"2020-05-12 02:49:59",383
"2020-05-12 03:49:51",383
"2020-05-12 04:50:00",383
"2020-05-12 05:49:55",383
"2020-05-12 06:50:13",383
"2020-05-12 07:50:29",383
"2020-05-12 08:49:59",383
"2020-05-12 09:51:22",383
"2020-05-12 10:50:12",383
"2020-05-12 11:49:50",383
"2020-05-12 13:17:06",383
"2020-05-12 17:49:51",384
"2020-05-12 18:49:53",384
"2020-05-12 19:50:31",384
"2020-05-12 20:50:31",388
"2020-05-12 21:50:14",388
"2020-05-12 22:49:52",388
"2020-05-12 23:49:52",388
"2020-05-13 00:50:31",388
"2020-05-13 01:50:06",388
"2020-05-13 02:50:42",388
"2020-05-13 03:50:31",388
"2020-05-13 06:49:58",388
"2020-05-13 07:50:24",388
"2020-05-13 08:50:24",388
"2020-05-13 09:49:49",388
"2020-05-13 10:49:58",388
"2020-05-13 11:49:51",388
"2020-05-13 12:49:51",388
"2020-05-13 13:50:03",388
"2020-05-13 14:49:52",386
"2020-05-13 15:50:04",386
"2020-05-13 16:50:29",385
"2020-05-13 17:49:55",385
"2020-05-13 18:50:20",385
"2020-05-13 19:49:58",385
"2020-05-13 20:49:53",386
"2020-05-13 21:49:52",386
"2020-05-13 22:50:01",386
"2020-05-13 23:50:08",386
"2020-05-14 00:50:35",386
"2020-05-14 01:50:00",386
"2020-05-14 02:49:53",386
"2020-05-14 03:50:04",386
"2020-05-14 04:49:55",386
"2020-05-14 05:50:01",386
"2020-05-14 06:50:15",386
"2020-05-14 07:49:59",386
"2020-05-14 08:50:15",386
"2020-05-14 09:49:51",386
"2020-05-14 10:50:05",386
"2020-05-14 11:50:13",386
"2020-05-14 12:50:03",386
"2020-05-14 13:50:09",388
"2020-05-14 14:50:05",387
"2020-05-14 15:50:00",387
"2020-05-14 16:49:47",388
"2020-05-14 17:49:51",389
"2020-05-14 18:50:20",389
"2020-05-14 19:50:16",388
"2020-05-14 20:49:52",388
"2020-05-14 21:50:00",388
"2020-05-14 22:50:21",388
"2020-05-14 23:50:10",388
"2020-05-15 00:50:25",388
"2020-05-15 01:50:27",388
"2020-05-15 02:50:38",388
"2020-05-15 03:50:38",388
"2020-05-15 04:50:39",388
"2020-05-15 05:50:02",388
"2020-05-15 06:50:25",388
"2020-05-15 07:49:51",388
"2020-05-15 08:50:07",388
"2020-05-15 09:50:13",388
"2020-05-15 10:49:53",388
"2020-05-15 11:50:00",388
"2020-05-15 12:49:55",388
"2020-05-15 13:50:05",388
"2020-05-15 14:49:50",390
"2020-05-15 15:50:00",390
"2020-05-15 16:49:48",390
"2020-05-15 17:50:15",391
"2020-05-15 18:49:53",391
"2020-05-15 19:50:08",392
"2020-05-15 20:50:01",392
"2020-05-15 21:50:05",392
"2020-05-15 22:49:49",392
"2020-05-15 23:49:47",392
"2020-05-16 00:50:27",392
"2020-05-16 01:50:13",392
"2020-05-16 02:50:55",392
"2020-05-16 03:50:16",392
"2020-05-16 04:49:59",392
"2020-05-16 05:49:57",392
"2020-05-16 06:50:42",392
"2020-05-16 07:50:36",392
"2020-05-16 08:49:58",392
"2020-05-16 09:50:13",392
"2020-05-16 10:49:53",392
"2020-05-16 11:49:49",392
"2020-05-16 12:50:07",392
"2020-05-16 13:49:59",392
"2020-05-16 14:49:51",392
"2020-05-16 15:50:04",392
"2020-05-16 16:49:57",392
"2020-05-16 17:49:53",392
"2020-05-16 18:50:00",392
"2020-05-16 19:49:55",392
"2020-05-16 20:50:05",392
"2020-05-16 21:50:02",392
"2020-05-16 22:50:05",392
"2020-05-16 23:50:04",392
"2020-05-17 00:50:25",392
"2020-05-17 01:50:11",392
"2020-05-18 10:10:54",392
"2020-05-18 10:11:00",392
"2020-05-18 10:11:08",392
"2020-05-18 10:11:26",392
"2020-05-18 10:17:07",392
"2020-05-18 10:25:27",392
"2020-05-18 10:30:09",392
"2020-05-18 10:30:29",392
"2020-05-18 10:33:33",392
"2020-05-18 10:37:25",392
"2020-05-18 10:39:19",392
"2020-05-18 10:43:44",392
"2020-05-18 10:47:18",392
"2020-05-18 10:47:34",392
"2020-05-18 10:48:14",392
"2020-05-18 10:48:25",392
"2020-05-18 10:49:13",392
"2020-05-18 10:49:49",392
"2020-05-18 10:50:11",392
"2020-05-18 10:53:07",392
"2020-05-18 11:01:32",392
"2020-05-18 11:06:04",392
"2020-05-18 11:15:44",392
"2020-05-18 11:21:21",392
"2020-05-18 11:24:58",392
"2020-05-18 11:30:37",392
"2020-05-18 11:33:47",392
"2020-05-18 11:35:06",392
"2020-05-18 11:39:55",392
"2020-05-18 11:41:08",392
"2020-05-18 11:48:46",392
"2020-05-18 11:56:21",392
"2020-05-18 12:03:59",392
"2020-05-18 12:11:36",392
"2020-05-18 13:11:35",392
"2020-05-18 13:50:09",392
"2020-05-18 14:49:59",392
"2020-05-18 15:50:46",395
"2020-05-18 16:51:03",392
"2020-05-18 17:49:59",393
"2020-05-18 18:50:42",394
"2020-05-18 19:50:33",392
"2020-05-18 20:50:07",394
"2020-05-18 21:50:39",394
"2020-05-18 22:50:48",394
"2020-05-18 23:50:51",394
"2020-05-19 01:49:53",394
"2020-05-19 02:50:18",394
"2020-05-19 03:50:12",394
"2020-05-19 04:50:01",394
"2020-05-19 05:50:10",394
"2020-05-19 06:50:08",394
"2020-05-19 07:50:11",394
"2020-05-19 08:50:26",394
"2020-05-19 09:50:59",394
"2020-05-19 10:50:07",394
"2020-05-19 11:50:26",394
"2020-05-19 13:12:08",394
"2020-05-19 13:50:13",394
"2020-05-19 14:50:00",399
"2020-05-19 15:49:55",401
"2020-05-19 16:50:11",401
"2020-05-19 17:49:57",398
"2020-05-19 18:50:10",398
"2020-05-19 19:50:07",398
"2020-05-19 20:50:14",398
"2020-05-19 21:50:15",398
"2020-05-19 22:50:32",398
"2020-05-19 23:50:04",398
"2020-05-20 00:50:43",398
"2020-05-20 01:50:54",398
"2020-05-20 02:50:44",398
"2020-05-20 03:50:45",398
"2020-05-20 04:50:16",398
"2020-05-20 05:50:05",398
"2020-05-20 06:50:00",398
"2020-05-20 07:50:23",398
"2020-05-20 08:50:00",398
"2020-05-20 09:50:10",398
"2020-05-20 10:49:57",398
"2020-05-20 11:49:58",398
"2020-05-20 12:49:54",398
"2020-05-20 13:50:10",398
"2020-05-20 14:49:58",398
"2020-05-20 15:50:51",399
"2020-05-20 16:49:58",400
"2020-05-20 17:50:44",399
"2020-05-20 18:50:07",399
"2020-05-20 19:50:07",398
"2020-05-20 20:49:55",398
"2020-05-20 21:50:12",398
"2020-05-20 22:49:49",398
"2020-05-20 23:50:01",398
"2020-05-21 00:50:43",398
"2020-05-21 01:49:53",398
"2020-05-21 02:50:07",398
"2020-05-21 03:50:07",398
"2020-05-21 04:49:57",398
"2020-05-21 05:50:03",398
"2020-05-21 06:50:05",398
"2020-05-21 07:50:14",398
"2020-05-21 08:50:12",398
"2020-05-21 09:49:55",398
"2020-05-21 10:50:05",398
"2020-05-21 11:50:07",398
"2020-05-21 12:50:03",398
"2020-05-21 13:50:09",398
"2020-05-21 14:50:11",399
"2020-05-21 15:49:57",400
"2020-05-21 16:50:24",398
"2020-05-21 17:50:13",398
"2020-05-21 18:50:08",401
"2020-05-21 19:49:56",401
"2020-05-21 20:50:09",401
"2020-05-21 21:50:11",401
"2020-05-21 22:50:14",401
"2020-05-21 23:50:43",401
"2020-05-22 00:51:43",401
"2020-05-22 01:50:08",401
"2020-05-22 02:50:08",401
"2020-05-22 03:50:50",401
"2020-05-22 04:50:11",401
"2020-05-22 05:50:18",401
"2020-05-22 06:50:03",401
"2020-05-22 07:50:09",401
"2020-05-22 08:50:28",401
"2020-05-22 09:50:11",401
"2020-05-22 10:50:06",401
"2020-05-22 11:50:02",401
"2020-05-22 12:50:09",401
"2020-05-22 13:50:18",401
"2020-05-22 14:50:00",402
"2020-05-22 15:50:00",401
"2020-05-22 16:50:04",401
"2020-05-22 17:50:04",400
"2020-05-22 18:50:41",400
"2020-05-22 19:50:02",400
"2020-05-22 20:49:52",400
"2020-05-22 21:49:55",400
"2020-05-22 22:50:03",400
"2020-05-22 23:49:55",400
"2020-05-23 00:50:10",400
"2020-05-23 01:49:57",400
"2020-05-23 02:50:20",400
"2020-05-23 03:50:07",400
"2020-05-23 04:50:23",400
"2020-05-23 05:50:06",400
"2020-05-23 06:50:20",400
"2020-05-23 07:50:20",400
"2020-05-23 08:50:20",400
"2020-05-23 09:50:11",400
"2020-05-23 10:50:00",400
"2020-05-23 11:50:23",400
"2020-05-23 12:50:06",400
"2020-05-23 13:50:14",400
"2020-05-23 14:50:07",400
"2020-05-23 15:49:56",400
"2020-05-23 16:50:19",400
"2020-05-23 17:50:09",400
"2020-05-23 18:50:23",400
"2020-05-23 19:50:03",400
"2020-05-23 20:49:53",400
"2020-05-23 21:49:55",400
"2020-05-23 22:50:04",400
"2020-05-23 23:50:02",400
"2020-05-24 00:50:17",400
"2020-05-24 01:50:19",400
"2020-05-24 02:49:56",400
"2020-05-24 03:50:05",400
"2020-05-24 04:50:07",400
"2020-05-24 05:49:56",400
"2020-05-24 06:50:00",400
"2020-05-24 07:49:59",400
"2020-05-24 08:50:12",400
"2020-05-24 09:49:55",400
"2020-05-24 10:50:19",400
"2020-05-24 11:50:11",400
"2020-05-24 12:50:04",400
"2020-05-24 13:50:16",400
"2020-05-24 14:50:08",400
"2020-05-24 15:49:52",400
"2020-05-24 16:50:16",400
"2020-05-24 17:50:12",400
"2020-05-24 18:50:17",400
"2020-05-24 19:50:10",400
"2020-05-24 20:50:09",400
"2020-05-24 21:50:30",400
"2020-05-24 22:50:13",400
"2020-05-24 23:49:55",400
"2020-05-25 00:49:59",400
"2020-05-25 01:50:30",400
"2020-05-25 02:50:12",400
"2020-05-25 03:50:33",400
"2020-05-25 04:50:03",400
"2020-05-25 06:51:39",400
"2020-05-25 07:50:12",400
"2020-05-25 08:50:22",400
"2020-05-25 09:50:08",400
"2020-05-25 10:50:05",400
"2020-05-25 11:50:21",400
"2020-05-25 12:50:06",400
"2020-05-25 13:49:55",400
"2020-05-25 14:50:18",400
"2020-05-25 15:50:10",400
"2020-05-25 16:49:50",400
"2020-05-25 17:50:08",400
"2020-05-25 18:50:06",400
"2020-05-25 19:50:13",400
"2020-05-25 20:50:11",400
"2020-05-25 21:49:53",400
"2020-05-25 22:49:51",400
"2020-05-25 23:49:53",400
"2020-05-26 00:50:09",400
"2020-05-26 01:49:54",400
"2020-05-26 02:49:51",400
"2020-05-26 03:50:09",400
"2020-05-26 04:50:19",400
"2020-05-26 05:50:02",400
"2020-05-26 06:50:09",400
"2020-05-26 07:50:15",400
"2020-05-26 08:50:18",400
"2020-05-26 09:50:07",400
"2020-05-26 10:50:03",400
"2020-05-26 11:50:11",400
"2020-05-26 12:50:02",400
"2020-05-26 13:50:12",399
"2020-05-26 14:50:06",397
"2020-05-26 15:50:01",397
"2020-05-26 16:49:57",396
"2020-05-26 17:50:07",396
"2020-05-26 18:49:55",396
"2020-05-26 19:49:57",396
"2020-05-26 20:50:08",396
"2020-05-26 21:50:23",396
"2020-05-26 22:49:56",396
"2020-05-26 23:49:58",396
"2020-05-27 00:50:58",396
"2020-05-27 01:49:56",396
"2020-05-27 02:49:59",396
"2020-05-27 03:50:04",396
"2020-05-27 04:50:04",396
"2020-05-27 05:49:59",395
"2020-05-27 06:50:12",395
"2020-05-27 07:50:08",395
"2020-05-27 08:49:59",395
"2020-05-27 09:49:54",395
"2020-05-27 10:49:59",395
"2020-05-27 11:49:49",395
"2020-05-27 13:12:38",395
"2020-05-27 13:50:22",395
"2020-05-27 14:50:07",397
"2020-05-27 15:49:54",397
"2020-05-27 16:49:56",398
"2020-05-27 17:49:52",397
"2020-05-27 18:49:52",398
"2020-05-27 19:50:10",399
"2020-05-27 20:50:03",402
"2020-05-27 21:49:57",402
"2020-05-27 22:50:00",402
"2020-05-27 23:49:55",402
"2020-05-28 00:50:09",402
"2020-05-28 01:50:19",402
"2020-05-28 02:49:59",402
"2020-05-28 03:50:02",402
"2020-05-28 04:50:01",402
"2020-05-28 05:49:54",402
"2020-05-28 06:50:02",402
"2020-05-28 07:50:19",402
"2020-05-28 08:50:12",402
"2020-05-28 09:49:56",402
"2020-05-28 10:50:16",402
"2020-05-28 11:50:23",402
"2020-05-28 13:13:12",402
"2020-05-28 13:50:09",402
"2020-05-28 14:50:16",406
"2020-05-28 15:50:10",405
"2020-05-28 16:50:28",406
"2020-05-28 17:50:04",406
"2020-05-28 18:50:03",406
"2020-05-28 19:49:59",406
"2020-05-28 20:50:24",404
"2020-05-28 21:50:27",404
"2020-05-28 22:50:00",404
"2020-05-28 23:50:27",404
"2020-05-29 00:50:09",404
"2020-05-29 01:50:10",404
"2020-05-29 02:50:53",404
"2020-05-29 03:50:03",404
"2020-05-29 04:50:12",404
"2020-05-29 05:50:23",403
"2020-05-29 06:50:25",403
"2020-05-29 07:50:35",403
"2020-05-29 08:50:20",403
"2020-05-29 09:55:37",403
"2020-05-29 10:50:14",403
"2020-05-29 11:50:08",403
"2020-05-29 12:50:48",403
"2020-05-29 13:50:25",403
"2020-05-29 14:50:09",403
"2020-05-29 15:50:04",403
"2020-05-29 16:49:54",403
"2020-05-29 17:50:13",404
"2020-05-29 18:50:15",404
"2020-05-29 19:50:06",404
"2020-05-29 20:50:26",405
"2020-05-29 21:50:02",405
"2020-05-29 22:50:08",405
"2020-05-29 23:50:21",405
"2020-05-30 00:49:59",405
"2020-05-30 01:49:54",405
"2020-05-30 02:50:04",405
"2020-05-30 03:50:09",405
"2020-05-30 04:50:03",405
"2020-05-30 05:50:09",405
"2020-05-30 06:50:13",405
"2020-05-30 07:50:43",405
"2020-05-30 09:31:47",405
"2020-05-30 09:50:01",405
"2020-05-30 10:50:12",405
"2020-05-30 11:50:09",405
"2020-05-30 12:50:06",405
"2020-05-30 13:50:05",405
"2020-05-30 14:49:56",405
"2020-05-30 15:50:00",405
"2020-05-30 16:50:26",405
"2020-05-30 17:50:08",405
"2020-05-30 18:50:04",405
"2020-05-30 19:50:16",405
"2020-05-30 20:50:01",405
"2020-05-30 21:50:16",405
"2020-05-30 22:50:04",405
"2020-05-30 23:50:15",405
"2020-05-31 00:50:15",405
"2020-05-31 01:50:19",405
"2020-05-31 02:50:11",405
"2020-05-31 03:50:11",405
"2020-05-31 04:50:03",405
"2020-05-31 05:50:16",405
"2020-05-31 06:50:12",405
"2020-05-31 07:50:17",405
"2020-05-31 09:33:42",405
"2020-05-31 09:50:05",405
"2020-05-31 13:15:53",405
"2020-05-31 13:24:50",405
"2020-05-31 13:26:18",405
"2020-06-01 05:32:54",405
"2020-06-01 05:43:18",405
"2020-06-01 05:43:32",405
"2020-06-01 05:46:36",405
"2020-06-01 06:00:13",405
"2020-06-01 06:07:54",405
"2020-06-01 06:13:18",405
"2020-06-01 06:15:32",405
"2020-06-01 06:17:42",405
"2020-06-01 06:21:50",405
"2020-06-01 06:25:05",405
"2020-06-01 06:26:52",405
"2020-06-01 06:31:20",405
"2020-06-01 06:33:33",405
"2020-06-01 06:35:18",405
"2020-06-01 06:42:12",405
"2020-06-01 06:49:47",405
"2020-06-01 06:57:23",405
"2020-06-01 07:50:09",405
"2020-06-01 08:50:25",405
"2020-06-01 09:50:30",405
"2020-06-01 10:50:01",405
"2020-06-01 11:50:05",405
"2020-06-01 13:11:13",405
"2020-06-01 13:51:11",405
"2020-06-01 14:50:13",408
"2020-06-01 15:50:08",410
"2020-06-01 16:50:55",412
"2020-06-01 17:50:48",414
"2020-06-01 18:50:46",414
"2020-06-01 19:50:16",414
"2020-06-01 20:50:12",415
"2020-06-01 21:50:05",415
"2020-06-01 22:49:58",415
"2020-06-01 23:50:11",415
"2020-06-02 00:50:13",415
"2020-06-02 01:49:57",415
"2020-06-02 02:49:57",415
"2020-06-02 03:50:08",415
"2020-06-02 04:50:04",415
"2020-06-02 05:50:09",415
"2020-06-02 06:50:23",415
"2020-06-02 07:50:13",415
"2020-06-02 08:50:24",415
"2020-06-02 09:50:03",415
"2020-06-02 10:50:20",415
"2020-06-02 11:50:09",415
"2020-06-02 12:50:22",415
"2020-06-02 13:50:22",415
"2020-06-02 14:50:59",415
"2020-06-02 15:50:51",419
"2020-06-02 16:50:06",420
"2020-06-02 17:50:51",420
"2020-06-02 18:49:59",419
"2020-06-02 19:50:30",420
"2020-06-02 20:50:55",421
"2020-06-02 21:49:55",421
"2020-06-02 22:50:13",421
"2020-06-02 23:49:57",421
"2020-06-03 00:50:25",421
"2020-06-03 01:50:56",421
"2020-06-03 02:49:54",421
"2020-06-03 03:50:41",421
"2020-06-03 04:50:34",421
"2020-06-03 05:49:55",421
"2020-06-03 06:50:06",421
"2020-06-03 07:50:49",421
"2020-06-03 09:26:04",421
"2020-06-03 09:50:10",421
"2020-06-03 10:50:08",421
"2020-06-03 11:50:11",421
"2020-06-03 13:14:45",421
"2020-06-03 13:50:14",421
"2020-06-03 14:50:00",422
"2020-06-03 15:50:56",422
"2020-06-03 16:50:46",422
"2020-06-03 17:50:45",424
"2020-06-03 18:51:06",425
"2020-06-03 19:50:35",425
"2020-06-03 20:50:08",425
"2020-06-03 21:50:06",426
"2020-06-03 22:50:06",426
"2020-06-03 23:49:55",426
"2020-06-04 00:50:47",426
"2020-06-04 01:50:22",426
"2020-06-04 02:50:07",426
"2020-06-04 03:50:16",426
"2020-06-04 04:50:14",426
"2020-06-04 05:50:07",426
"2020-06-04 06:50:09",426
"2020-06-04 07:50:24",426
"2020-06-04 08:50:33",426
"2020-06-04 09:50:18",426
"2020-06-04 10:50:04",426
"2020-06-04 11:50:25",426
"2020-06-04 12:50:06",426
"2020-06-04 13:51:01",426
"2020-06-04 14:51:23",433
"2020-06-04 15:51:00",433
"2020-06-04 17:13:19",435
"2020-06-04 17:50:23",435
"2020-06-04 18:50:50",437
"2020-06-04 19:50:11",436
"2020-06-04 20:50:57",435
"2020-06-04 21:50:51",435
"2020-06-04 22:50:09",434
"2020-06-04 23:50:14",434
"2020-06-05 00:50:23",434
"2020-06-05 01:50:05",434
"2020-06-05 02:50:02",434
"2020-06-05 03:50:10",434
"2020-06-05 04:50:20",434
"2020-06-05 05:50:21",434
"2020-06-05 06:50:14",434
"2020-06-05 07:50:16",434
"2020-06-05 09:29:48",434
"2020-06-05 09:50:02",434
"2020-06-05 10:50:04",434
"2020-06-05 11:50:08",434
"2020-06-05 13:15:46",434
"2020-06-05 13:50:45",434
"2020-06-05 14:50:13",437
"2020-06-05 15:50:17",438
"2020-06-05 16:51:04",437
"2020-06-05 17:50:17",437
"2020-06-05 18:50:20",437
"2020-06-05 19:50:19",436
"2020-06-05 20:50:59",437
"2020-06-05 21:50:17",437
"2020-06-05 22:50:15",437
"2020-06-05 23:50:19",437
"2020-06-06 00:50:23",437
"2020-06-06 01:50:02",437
"2020-06-06 02:50:11",437
"2020-06-06 03:50:23",437
"2020-06-06 04:50:23",437
"2020-06-06 05:50:28",437
"2020-06-06 06:50:17",437
"2020-06-06 07:51:13",437
"2020-06-06 08:50:23",437
"2020-06-06 09:59:00",437
"2020-06-06 10:50:05",437
"2020-06-06 11:50:14",437
"2020-06-06 12:50:20",437
"2020-06-06 13:50:04",437
"2020-06-06 14:51:02",437
"2020-06-06 15:50:13",437
"2020-06-06 16:50:49",437
"2020-06-06 18:50:14",437
"2020-06-06 19:50:00",437
"2020-06-06 20:50:11",437
"2020-06-06 21:50:11",437
"2020-06-06 22:50:11",437
"2020-06-06 23:50:25",437
"2020-06-07 00:50:34",437
"2020-06-07 01:50:10",437
"2020-06-07 02:50:13",437
"2020-06-07 03:50:13",437
"2020-06-07 04:50:16",437
"2020-06-07 05:50:15",437
"2020-06-07 06:50:11",437
"2020-06-07 07:50:23",437
"2020-06-07 08:50:23",437
"2020-06-08 04:50:03",437
"2020-06-08 05:49:57",437
"2020-06-08 06:50:31",437
"2020-06-08 07:49:53",437
"2020-06-08 08:50:15",437
"2020-06-08 09:50:06",437
"2020-06-08 10:50:03",437
"2020-06-08 11:50:11",437
"2020-06-08 12:51:00",437
"2020-06-08 13:50:15",437
"2020-06-08 14:51:13",439
"2020-06-08 15:50:09",439
"2020-06-08 16:50:34",441
"2020-06-08 17:50:33",440
"2020-06-08 18:51:08",440
"2020-06-08 19:51:07",440
"2020-06-08 20:50:42",443
"2020-06-08 21:50:28",443
"2020-06-08 22:50:26",443
"2020-06-08 23:50:19",443
"2020-06-09 00:50:24",443
"2020-06-09 01:50:40",443
"2020-06-09 02:50:43",443
"2020-06-09 03:50:08",443
"2020-06-09 04:51:00",443
"2020-06-09 05:51:08",443
"2020-06-09 06:51:19",443
"2020-06-09 07:50:37",443
"2020-06-09 08:51:30",443
"2020-06-09 09:50:48",443
"2020-06-09 10:50:39",443
"2020-06-09 11:50:34",443
"2020-06-09 12:51:08",443
"2020-06-09 13:51:07",443
"2020-06-09 14:50:42",444
"2020-06-09 15:51:03",444
"2020-06-09 16:51:09",443
"2020-06-09 17:50:25",443
"2020-06-09 18:51:33",445
"2020-06-09 19:51:39",444
"2020-06-09 20:51:39",444
"2020-06-09 21:50:55",444
"2020-06-09 22:51:05",444
"2020-06-09 23:51:08",444
"2020-06-10 00:51:16",444
"2020-06-10 01:50:52",444
"2020-06-10 02:51:03",444
"2020-06-10 03:51:10",444
"2020-06-10 04:50:50",444
"2020-06-10 05:51:05",444
"2020-06-10 06:50:42",444
"2020-06-10 07:50:07",444
"2020-06-10 08:50:26",444
"2020-06-10 09:50:07",444
"2020-06-10 10:50:11",444
"2020-06-10 11:50:22",444
"2020-06-10 12:50:43",444
"2020-06-10 13:51:15",444
"2020-06-10 15:50:34",446
"2020-06-10 16:50:38",445
"2020-06-10 17:50:41",445
"2020-06-10 18:50:42",447
"2020-06-10 19:50:35",447
"2020-06-10 20:50:20",447
"2020-06-10 21:50:55",447
"2020-06-10 22:50:13",447
"2020-06-10 23:50:55",447
"2020-06-11 00:52:18",447
"2020-06-11 01:50:15",447
"2020-06-11 02:51:27",447
"2020-06-11 03:51:30",447
"2020-06-11 04:50:38",447
"2020-06-11 05:51:25",447
"2020-06-11 06:50:50",447
"2020-06-11 07:51:10",447
"2020-06-11 08:50:29",447
"2020-06-11 09:50:34",447
"2020-06-11 10:50:31",447
"2020-06-11 11:50:16",447
"2020-06-11 12:50:41",447
"2020-06-11 13:51:21",447
"2020-06-11 14:50:37",448
"2020-06-11 15:51:08",450
"2020-06-11 16:51:44",449
"2020-06-11 17:50:52",444
"2020-06-11 18:51:09",443
"2020-06-11 19:50:53",440
"2020-06-11 20:50:20",440
"2020-06-11 21:50:07",440
"2020-06-11 22:50:03",439
"2020-06-11 23:49:58",439
"2020-06-12 00:50:19",439
"2020-06-12 01:50:22",439
"2020-06-12 02:50:19",439
"2020-06-12 03:50:20",439
"2020-06-12 04:50:15",439
"2020-06-12 05:50:08",439
"2020-06-12 06:50:28",439
"2020-06-12 07:50:22",439
"2020-06-12 08:50:11",439
"2020-06-12 09:50:29",439
"2020-06-12 10:50:30",439
"2020-06-12 11:50:19",439
"2020-06-12 14:15:21",441
"2020-06-12 14:23:18",441
"2020-06-12 14:50:58",441
"2020-06-12 15:50:19",441
"2020-06-12 16:50:31",441
"2020-06-12 17:50:38",441
"2020-06-12 18:50:27",441
"2020-06-12 19:50:52",441
"2020-06-12 20:50:49",441
"2020-06-12 21:50:35",441
"2020-06-12 22:50:06",441
"2020-06-12 23:50:09",441
"2020-06-13 00:50:01",441
"2020-06-13 01:50:08",441
"2020-06-13 02:50:10",441
"2020-06-13 03:50:09",441
"2020-06-13 04:50:12",441
"2020-06-13 05:50:01",441
"2020-06-13 06:50:13",441
"2020-06-13 07:50:15",441
"2020-06-13 08:50:02",441
"2020-06-13 09:50:08",441
"2020-06-13 10:50:06",441
"2020-06-13 11:50:02",441
"2020-06-13 12:50:01",441
"2020-06-13 13:49:58",441
"2020-06-13 14:50:10",441
"2020-06-13 15:50:06",441
"2020-06-13 16:50:28",441
"2020-06-13 17:50:09",441
"2020-06-13 18:50:13",441
"2020-06-13 19:50:01",441
"2020-06-13 20:50:09",441
"2020-06-13 21:50:21",441
"2020-06-13 22:50:18",441
"2020-06-13 23:50:19",441
"2020-06-14 00:50:13",441
"2020-06-14 01:50:01",441
"2020-06-14 02:50:16",441
"2020-06-14 03:50:24",441
"2020-06-14 04:49:54",441
"2020-06-14 05:50:33",441
"2020-06-14 06:50:12",441
"2020-06-14 07:50:11",441
"2020-06-14 08:50:04",441
"2020-06-14 09:50:08",441
"2020-06-14 10:50:11",441
"2020-06-14 11:49:58",441
"2020-06-14 12:50:08",441
"2020-06-14 13:50:09",441
"2020-06-14 14:50:36",441
"2020-06-14 15:50:31",441
"2020-06-14 16:50:04",441
"2020-06-14 17:50:11",441
"2020-06-14 18:50:21",441
"2020-06-14 19:50:14",441
"2020-06-14 20:50:15",441
"2020-06-14 21:50:26",441
"2020-06-14 22:50:07",441
"2020-06-14 23:50:14",441
"2020-06-15 00:50:40",441
"2020-06-15 01:50:25",441
"2020-06-15 02:50:17",441
"2020-06-15 03:50:15",441
"2020-06-15 04:50:37",441
"2020-06-15 05:50:52",441
"2020-06-15 06:50:12",441
"2020-06-15 07:50:10",441
"2020-06-15 08:51:04",441
"2020-06-15 09:50:17",441
"2020-06-15 10:50:01",441
"2020-06-15 11:50:06",441
"2020-06-15 12:50:19",441
"2020-06-15 13:51:21",441
"2020-06-15 14:51:08",442
"2020-06-15 15:50:27",442
"2020-06-15 16:50:51",442
"2020-06-15 17:50:31",442
"2020-06-15 18:46:15",443
"2020-06-15 18:53:54",443
"2020-06-15 19:01:35",444
"2020-06-15 19:09:16",444
"2020-06-15 19:17:07",444
"2020-06-15 19:24:50",444
"2020-06-15 19:32:31",444
"2020-06-15 19:40:10",444
"2020-06-15 19:47:49",444
"2020-06-15 19:55:33",444
"2020-06-15 20:03:20",444
"2020-06-15 20:16:02",444
"2020-06-15 20:23:39",444
"2020-06-15 20:31:19",444
"2020-06-15 20:38:57",444
"2020-06-15 20:46:34",444
"2020-06-15 20:54:13",444
"2020-06-15 21:01:56",444
"2020-06-15 21:09:37",444
"2020-06-15 21:17:16",444
"2020-06-15 21:24:53",444
"2020-06-15 21:32:30",444
"2020-06-15 21:40:08",444
"2020-06-15 21:47:46",444
"2020-06-15 21:55:26",444
"2020-06-15 22:50:15",444
"2020-06-15 23:50:03",444
"2020-06-16 00:50:11",444
"2020-06-16 01:50:02",444
"2020-06-16 02:51:03",444
"2020-06-16 03:50:09",444
"2020-06-16 04:50:01",444
"2020-06-16 05:50:09",444
"2020-06-16 06:51:07",444
"2020-06-16 07:50:53",444
"2020-06-16 08:50:05",444
"2020-06-16 09:50:02",444
"2020-06-16 10:50:12",444
"2020-06-16 11:50:01",444
"2020-06-16 12:50:19",444
"2020-06-16 13:50:17",444
"2020-06-16 14:50:48",445
"2020-06-16 15:50:21",446
"2020-06-16 16:50:18",448
"2020-06-16 17:51:10",448
"2020-06-16 18:50:17",448
"2020-06-16 19:50:21",447
"2020-06-16 20:50:23",447
"2020-06-16 21:50:09",447
"2020-06-16 22:49:56",447
"2020-06-16 23:49:57",447
"2020-06-17 00:50:11",447
"2020-06-17 01:50:43",447
"2020-06-17 02:50:20",447
"2020-06-17 03:50:54",447
"2020-06-17 04:50:19",447
"2020-06-17 05:50:11",447
"2020-06-17 06:50:42",447
"2020-06-17 07:50:09",447
"2020-06-17 08:50:08",447
"2020-06-17 09:49:58",447
"2020-06-17 10:49:57",447
"2020-06-17 11:50:13",447
"2020-06-17 12:50:16",447
"2020-06-17 13:50:30",447
"2020-06-17 14:50:14",449
"2020-06-17 15:50:15",448
"2020-06-17 16:50:25",450
"2020-06-17 17:50:23",451
"2020-06-17 18:50:42",451
"2020-06-17 19:50:55",451
"2020-06-17 20:50:58",451
"2020-06-17 21:50:36",451
"2020-06-17 22:50:12",451
"2020-06-17 23:50:16",451
"2020-06-18 00:50:00",451
"2020-06-18 01:50:14",451
"2020-06-18 02:49:57",451
"2020-06-18 03:50:30",451
"2020-06-18 04:50:12",451
"2020-06-18 05:49:57",451
"2020-06-18 06:50:12",451
"2020-06-18 07:50:34",451
"2020-06-18 08:50:13",451
"2020-06-18 09:50:06",451
"2020-06-18 10:49:58",451
"2020-06-18 11:50:33",451
"2020-06-18 12:50:17",451
"2020-06-18 13:50:44",451
"2020-06-18 14:50:44",455
"2020-06-18 17:12:05",455
"2020-06-18 17:50:12",455
"2020-06-18 18:50:35",455
"2020-06-18 19:50:34",455
"2020-06-18 20:50:22",457
"2020-06-18 21:50:38",457
"2020-06-18 22:50:11",457
"2020-06-18 23:50:19",457
"2020-06-19 00:50:49",457
"2020-06-19 01:50:13",457
"2020-06-19 02:50:06",457
"2020-06-19 03:50:55",457
"2020-06-19 04:52:42",457
"2020-06-19 05:50:10",456
"2020-06-19 06:50:05",456
"2020-06-19 07:50:44",456
"2020-06-19 08:51:05",456
"2020-06-19 09:50:45",456
"2020-06-19 10:50:11",456
"2020-06-19 11:50:16",456
"2020-06-19 13:13:15",456
"2020-06-19 13:51:07",456
"2020-06-19 14:50:20",456
"2020-06-19 15:50:27",456
"2020-06-19 16:50:09",457
"2020-06-19 17:50:50",457
"2020-06-19 18:50:12",456
"2020-06-19 19:50:21",457
"2020-06-19 20:50:16",457
"2020-06-19 21:50:15",457
"2020-06-19 22:50:19",457
"2020-06-19 23:50:42",457
"2020-06-20 00:50:17",457
"2020-06-20 01:50:34",457
"2020-06-20 02:50:22",457
"2020-06-20 03:50:06",457
"2020-06-20 04:49:53",457
"2020-06-20 05:50:10",457
"2020-06-20 06:50:03",457
"2020-06-20 07:50:11",457
"2020-06-20 08:50:10",457
"2020-06-20 09:50:10",457
"2020-06-20 10:50:08",457
"2020-06-20 11:50:14",457
"2020-06-20 12:50:11",457
"2020-06-20 13:50:15",457
"2020-06-20 14:50:11",457
"2020-06-20 15:49:57",457
"2020-06-20 16:50:47",457
"2020-06-20 17:50:05",457
"2020-06-20 18:50:05",457
"2020-06-20 19:50:31",457
"2020-06-20 20:50:09",457
"2020-06-20 21:50:13",457
"2020-06-20 22:50:21",457
"2020-06-20 23:50:22",457
"2020-06-21 00:50:20",457
"2020-06-21 01:50:09",457
"2020-06-21 02:50:14",457
"2020-06-21 03:50:54",457
"2020-06-21 04:50:09",457
"2020-06-21 05:50:56",457
"2020-06-21 06:50:12",457
"2020-06-21 07:50:10",457
"2020-06-21 08:50:01",457
"2020-06-21 09:49:59",457
"2020-06-21 10:49:54",457
"2020-06-21 11:50:11",457
"2020-06-21 12:50:23",457
"2020-06-21 13:50:22",457
"2020-06-21 14:51:03",457
"2020-06-21 15:50:10",457
"2020-06-21 16:49:59",457
"2020-06-21 17:50:03",457
"2020-06-21 18:50:13",457
"2020-06-21 19:50:16",457
"2020-06-21 20:50:15",457
"2020-06-21 21:50:17",457
"2020-06-21 22:50:49",457
"2020-06-21 23:50:24",457
"2020-06-22 00:50:02",457
"2020-06-22 01:50:54",457
"2020-06-22 02:50:18",457
"2020-06-22 03:50:09",457
"2020-06-22 04:50:19",457
"2020-06-22 05:50:51",457
"2020-06-22 06:50:14",457
"2020-06-22 07:49:58",457
"2020-06-22 08:50:20",457
"2020-06-22 09:50:17",457
"2020-06-22 10:50:43",457
"2020-06-22 11:50:06",457
"2020-06-22 12:50:18",457
"2020-06-22 13:50:21",457
"2020-06-22 14:50:24",458
"2020-06-22 15:50:50",455
"2020-06-22 16:50:22",454
"2020-06-22 17:51:54",455
"2020-06-22 18:50:13",455
"2020-06-22 20:50:06",455
"2020-06-22 21:51:24",455
"2020-06-22 22:50:00",455
"2020-06-22 23:50:10",455
"2020-06-23 00:50:03",455
"2020-06-23 01:50:13",455
"2020-06-23 02:50:27",455
"2020-06-23 03:50:26",455
"2020-06-23 04:50:40",455
"2020-06-23 05:50:33",455
"2020-06-23 06:50:04",455
"2020-06-23 07:50:25",455
"2020-06-23 08:51:24",455
"2020-06-23 09:50:07",455
"2020-06-23 10:50:24",455
"2020-06-23 11:50:19",455
"2020-06-23 12:50:23",455
"2020-06-23 13:50:36",455
"2020-06-23 14:50:25",455
"2020-06-23 15:50:36",455
"2020-06-23 16:50:19",455
"2020-06-23 17:50:30",456
"2020-06-23 18:50:50",457
"2020-06-23 19:50:03",457
"2020-06-23 20:50:20",457
"2020-06-23 21:50:08",457
"2020-06-23 22:50:47",457
"2020-06-23 23:50:55",457
"2020-06-24 00:50:53",457
"2020-06-24 01:50:49",457
"2020-06-24 02:51:09",457
"2020-06-24 03:50:11",457
"2020-06-24 04:50:45",457
"2020-06-24 05:50:59",457
"2020-06-24 06:50:24",457
"2020-06-24 07:50:11",457
"2020-06-24 08:50:48",457
"2020-06-24 09:50:22",457
"2020-06-24 10:50:27",457
"2020-06-24 11:50:05",457
"2020-06-24 12:50:15",457
"2020-06-24 13:50:22",457
"2020-06-24 14:50:12",457
"2020-06-24 15:50:09",457
"2020-06-24 16:50:33",454
"2020-06-24 17:50:48",455
"2020-06-24 18:50:45",456
"2020-06-24 19:50:51",456
"2020-06-24 20:50:15",455
"2020-06-24 21:50:31",455
"2020-06-24 22:50:30",455
"2020-06-24 23:50:16",455
"2020-06-25 00:50:43",455
"2020-06-25 01:50:16",455
"2020-06-25 02:49:59",455
"2020-06-25 03:50:09",455
"2020-06-25 04:50:16",455
"2020-06-25 05:50:15",455
"2020-06-25 06:50:25",455
"2020-06-25 07:50:27",455
"2020-06-25 08:50:29",455
"2020-06-25 09:50:53",455
"2020-06-25 10:50:06",455
"2020-06-25 11:51:10",455
"2020-06-25 13:12:20",455
"2020-06-25 13:50:49",455
"2020-06-25 14:51:26",454
"2020-06-25 15:51:05",455
"2020-06-25 16:50:57",453
"2020-06-25 17:51:05",453
"2020-06-25 18:50:33",454
"2020-06-25 19:50:28",454
"2020-06-25 20:50:15",455
"2020-06-25 21:50:52",455
"2020-06-25 22:50:56",455
"2020-06-25 23:50:07",455
"2020-06-26 00:51:06",455
"2020-06-26 01:50:29",455
"2020-06-26 02:50:30",455
"2020-06-26 03:50:50",455
"2020-06-26 04:50:07",455
"2020-06-26 05:50:22",455
"2020-06-26 06:50:27",455
"2020-06-26 07:50:45",455
"2020-06-26 08:50:36",455
"2020-06-26 09:50:22",455
"2020-06-26 10:50:11",455
"2020-06-26 11:50:17",455
"2020-06-26 12:50:29",455
"2020-06-26 13:51:29",455
"2020-06-26 14:50:32",458
"2020-06-26 15:50:17",458
"2020-06-26 16:50:30",461
"2020-06-26 17:50:17",459
"2020-06-26 18:50:29",459
"2020-06-26 19:50:33",456
"2020-06-26 20:50:13",457
"2020-06-26 21:50:19",457
"2020-06-26 22:50:51",457
"2020-06-26 23:50:09",457
"2020-06-27 00:51:25",457
"2020-06-27 01:50:50",457
"2020-06-27 02:50:47",457
"2020-06-27 03:50:45",457
"2020-06-27 04:50:57",456
"2020-06-27 05:50:03",456
"2020-06-27 06:50:18",456
"2020-06-27 07:50:20",456
"2020-06-27 08:50:13",456
"2020-06-27 09:50:12",456
"2020-06-27 10:50:17",456
"2020-06-27 11:50:01",456
"2020-06-27 12:50:32",456
"2020-06-27 13:50:21",456
"2020-06-27 14:49:59",456
"2020-06-27 15:50:54",456
"2020-06-27 16:50:19",456
"2020-06-27 17:50:17",456
"2020-06-27 18:50:13",456
"2020-06-27 19:50:16",456
"2020-06-27 20:50:04",456
"2020-06-27 21:50:10",456
"2020-06-27 22:50:17",456
"2020-06-27 23:50:06",456
"2020-06-28 00:50:29",456
"2020-06-28 01:50:04",456
"2020-06-28 02:50:23",456
"2020-06-28 03:50:04",456
"2020-06-28 04:50:03",456
"2020-06-28 05:50:15",456
"2020-06-28 06:50:14",456
"2020-06-28 07:50:36",456
"2020-06-28 08:50:27",456
"2020-06-28 09:50:11",456
"2020-06-28 10:50:12",456
"2020-06-28 11:50:04",456
"2020-06-28 12:50:18",456
"2020-06-28 13:50:19",456
"2020-06-28 14:50:05",456
"2020-06-28 15:50:23",456
"2020-06-28 16:50:15",456
"2020-06-28 17:50:14",456
"2020-06-28 18:50:25",456
"2020-06-28 19:50:22",456
"2020-06-28 20:50:04",456
"2020-06-28 21:50:25",456
"2020-06-28 22:50:35",456
"2020-06-28 23:50:28",456
"2020-06-29 00:50:35",456
"2020-06-29 01:50:03",456
"2020-06-29 02:50:22",456
"2020-06-29 03:50:15",456
"2020-06-29 04:50:23",456
"2020-06-29 05:50:09",456
"2020-06-29 06:50:30",456
"2020-06-29 07:50:35",456
"2020-06-29 08:50:19",456
"2020-06-29 09:50:22",456
"2020-06-29 10:50:15",456
"2020-06-29 11:50:11",456
"2020-06-29 12:50:28",456
"2020-06-29 13:50:44",456
"2020-06-29 14:50:59",457
"2020-06-29 15:50:31",457
"2020-06-29 16:50:21",458
"2020-06-29 17:50:20",458
"2020-06-29 18:50:17",458
"2020-06-29 19:50:30",458
"2020-06-29 20:50:27",459
"2020-06-29 21:50:26",459
"2020-06-29 22:50:14",459
"2020-06-29 23:50:29",459
"2020-06-30 00:50:50",459
"2020-06-30 01:50:25",459
"2020-06-30 02:51:10",459
"2020-06-30 03:50:15",459
"2020-06-30 04:50:58",459
"2020-06-30 05:50:25",459
"2020-06-30 06:50:44",459
"2020-06-30 07:50:17",459
"2020-06-30 08:50:18",459
"2020-06-30 09:50:27",459
"2020-06-30 10:52:21",459
"2020-06-30 11:50:18",459
"2020-06-30 12:50:15",459
"2020-06-30 13:51:38",459
"2020-06-30 14:50:36",463
"2020-06-30 15:50:50",462
"2020-06-30 16:51:21",461
"2020-06-30 17:50:26",462
"2020-06-30 18:50:52",462
"2020-06-30 19:50:21",462
"2020-06-30 20:50:41",462
"2020-06-30 21:51:00",462
"2020-06-30 22:50:08",462
"2020-06-30 23:50:15",462
"2020-07-01 00:51:37",462
"2020-07-01 01:51:02",462
"2020-07-01 02:51:02",462
"2020-07-01 03:50:30",462
"2020-07-01 04:50:29",462
"2020-07-01 05:50:38",462
"2020-07-01 06:50:30",462
"2020-07-01 07:50:35",462
"2020-07-01 08:51:10",462
"2020-07-01 09:51:32",462
"2020-07-01 10:51:12",462
"2020-07-01 11:50:38",462
"2020-07-01 13:11:55",462
"2020-07-01 13:51:26",462
"2020-07-01 14:51:31",460
"2020-07-01 15:51:29",460
"2020-07-01 16:51:14",460
"2020-07-01 17:51:02",460
"2020-07-01 18:51:10",460
"2020-07-01 19:51:25",461
"2020-07-01 20:51:08",461
"2020-07-01 21:50:24",461
"2020-07-01 22:51:05",461
"2020-07-01 23:50:26",461
"2020-07-02 00:52:29",461
"2020-07-02 01:50:29",461
"2020-07-02 02:50:35",461
"2020-07-02 03:50:48",461
"2020-07-02 04:50:35",461
"2020-07-02 05:50:40",461
"2020-07-02 06:50:28",461
"2020-07-02 07:50:19",461
"2020-07-02 08:50:29",461
"2020-07-02 09:50:48",461
"2020-07-02 10:50:30",461
"2020-07-02 11:50:39",461
"2020-07-02 13:14:53",461
"2020-07-02 13:51:04",461
"2020-07-02 14:50:45",462
"2020-07-02 16:50:56",461
"2020-07-02 17:50:46",461
"2020-07-02 18:50:49",460
"2020-07-02 19:50:58",460
"2020-07-02 20:50:15",459
"2020-07-02 21:50:35",459
"2020-07-02 22:50:24",459
"2020-07-02 23:50:13",459
"2020-07-03 00:51:01",459
"2020-07-03 01:50:36",459
"2020-07-03 02:50:54",459
"2020-07-03 03:50:21",459
"2020-07-03 04:51:07",459
"2020-07-03 05:50:25",459
"2020-07-03 06:50:26",459
"2020-07-03 07:50:27",459
"2020-07-03 08:50:25",459
"2020-07-03 09:50:51",459
"2020-07-03 10:50:31",459
"2020-07-03 11:50:18",459
"2020-07-03 12:50:19",459
"2020-07-03 13:50:25",459
"2020-07-03 14:50:32",459
"2020-07-03 15:50:25",459
"2020-07-03 16:50:23",459
"2020-07-03 17:50:26",459
"2020-07-03 18:50:38",459
"2020-07-03 19:50:28",459
"2020-07-03 20:50:33",459
"2020-07-03 21:50:28",459
"2020-07-03 22:50:20",459
"2020-07-03 23:50:36",459
"2020-07-04 00:50:18",459
"2020-07-04 01:50:45",459
"2020-07-04 02:50:56",459
"2020-07-04 03:50:15",459
"2020-07-04 04:50:10",459
"2020-07-04 05:50:25",459
"2020-07-04 06:50:34",459
"2020-07-04 07:50:21",459
"2020-07-04 08:50:30",459
"2020-07-04 09:50:29",459
"2020-07-04 11:41:53",459
"2020-07-04 11:50:24",459
"2020-07-04 12:50:34",459
"2020-07-04 13:50:30",459
"2020-07-04 14:50:42",459
"2020-07-04 15:50:06",459
"2020-07-04 16:50:52",459
"2020-07-04 17:50:18",459
"2020-07-04 18:50:29",459
"2020-07-04 19:50:16",459
"2020-07-04 20:50:25",459
"2020-07-04 21:50:30",459
"2020-07-04 22:50:14",459
"2020-07-04 23:50:41",459
"2020-07-05 00:50:31",459
"2020-07-05 01:50:30",459
"2020-07-05 02:50:10",459
"2020-07-05 03:50:19",459
"2020-07-05 04:50:16",459
"2020-07-05 05:50:31",459
"2020-07-05 06:50:37",459
"2020-07-05 07:50:36",459
"2020-07-05 08:50:29",459
"2020-07-05 11:41:34",459
"2020-07-05 11:43:22",459
"2020-07-05 11:51:04",459
"2020-07-05 12:50:16",459
"2020-07-05 13:50:27",459
"2020-07-05 14:50:14",459
"2020-07-05 15:50:45",459
"2020-07-05 16:50:25",459
"2020-07-05 17:50:18",459
"2020-07-05 18:50:15",459
"2020-07-05 19:50:42",459
"2020-07-05 20:50:24",459
"2020-07-05 21:50:30",459
"2020-07-05 22:50:12",459
"2020-07-05 23:50:16",459
"2020-07-06 00:50:28",459
"2020-07-06 01:50:37",459
"2020-07-06 02:50:29",459
"2020-07-06 03:50:23",459
"2020-07-06 04:50:18",459
"2020-07-06 05:50:02",459
"2020-07-06 06:50:37",459
"2020-07-06 07:50:57",459
